x1_score,x2_score,vp_joint_score,vp_shared_score,vp_x1_unique_score,vp_x2_unique_score,rm_x2_to_x1_score,rm_x1_to_x2_score,rm_x1_unique_score,rm_x2_unique_score,rm_ridge_x2_to_x1_score,rm_ridge_x1_to_x2_score,rm_ridge_x1_unique_score,rm_ridge_x2_unique_score
0.57899714,0.5811173,0.8911344,0.26898003,0.3100171,0.31213725,0.9860178828239441,0.9861088395118713,0.28243893,0.28533685,0.9866268634796143,0.9867430925369263,0.2927413,0.28979468
0.57979023,0.5814201,0.89307594,0.26813436,0.31165588,0.31328577,0.9854565262794495,0.985539436340332,0.26531434,0.2667318,0.9861681461334229,0.9861686825752258,0.28274906,0.2793153
0.58331835,0.56985426,0.88864046,0.26453215,0.3187862,0.3053221,0.9852398037910461,0.9849921464920044,0.27431,0.2580393,0.9858718514442444,0.9856193661689758,0.28899062,0.27460128
0.5838796,0.5857929,0.8897439,0.27992857,0.30395103,0.30586433,0.984991192817688,0.9853984117507935,0.27599704,0.27828908,0.9856796264648438,0.9860426187515259,0.2835632,0.28800434
0.5768275,0.5747173,0.89004195,0.26150286,0.31532466,0.31321442,0.985526978969574,0.9852715134620667,0.26875722,0.26887435,0.9861260652542114,0.9859819412231445,0.2836464,0.28851253
0.5816782,0.575567,0.88936853,0.26787663,0.3138016,0.30769038,0.9855499863624573,0.9851416349411011,0.28279388,0.2501979,0.986136257648468,0.9858007431030273,0.29070455,0.27383333
0.5835446,0.5805855,0.8889035,0.2752266,0.30831802,0.3053589,0.9853920340538025,0.985595166683197,0.27222407,0.2650534,0.9859805107116699,0.9862031936645508,0.28585422,0.27848226
0.58286965,0.578125,0.8893379,0.27165675,0.3112129,0.30646825,0.985206663608551,0.9847368597984314,0.2740329,0.2653709,0.9858525991439819,0.9854639172554016,0.28767914,0.28148192
0.58565414,0.5738163,0.89202845,0.267442,0.31821215,0.3063743,0.9853746891021729,0.9856728315353394,0.283018,0.2751127,0.9860669374465942,0.9862518310546875,0.2956524,0.28566802
0.5828677,0.5740187,0.88980806,0.26707828,0.3157894,0.30694044,0.9853220582008362,0.9851810336112976,0.26740843,0.27223432,0.9858992099761963,0.9858829975128174,0.28530663,0.281641
0.5746807,0.58051133,0.8898001,0.26539195,0.30928874,0.3151194,0.9854686856269836,0.985594630241394,0.25732768,0.27087498,0.9859894514083862,0.9862702488899231,0.27593756,0.28703147
0.58157617,0.5836549,0.89157575,0.27365524,0.30792093,0.30999964,0.9853547215461731,0.9852044582366943,0.28131366,0.279491,0.9860141277313232,0.9859169721603394,0.29204643,0.28916723
0.5815061,0.5835062,0.8913241,0.27368826,0.30781782,0.30981797,0.9853551387786865,0.9853432774543762,0.28064507,0.26954907,0.9860100746154785,0.9859910011291504,0.285451,0.28676206
0.57373965,0.58580846,0.8901385,0.26940954,0.3043301,0.31639892,0.9853574633598328,0.9851167798042297,0.2614656,0.27676868,0.9859461188316345,0.9858136177062988,0.277259,0.29058975
0.5812363,0.5835374,0.8906693,0.27410442,0.3071319,0.30943298,0.9852113723754883,0.9850759506225586,0.2715112,0.28980845,0.985862135887146,0.9858219027519226,0.28330636,0.2929377
0.5838902,0.57406044,0.88836426,0.26958638,0.31430382,0.30447406,0.9854915142059326,0.9851164817810059,0.27501452,0.26299256,0.9860337972640991,0.9857330918312073,0.2914734,0.2800852
0.57500744,0.5909757,0.8891908,0.2767924,0.29821503,0.3141833,0.9849286675453186,0.9849311709403992,0.25523543,0.2862869,0.9854665398597717,0.9855036735534668,0.27128798,0.29346758
0.5778026,0.580901,0.887967,0.27073658,0.30706602,0.31016445,0.9855973124504089,0.9854069352149963,0.25695992,0.2504325,0.9862198829650879,0.9860458374023438,0.28061104,0.2801659
0.5893696,0.5726062,0.8925588,0.26941705,0.31995255,0.30318916,0.9854809641838074,0.9855101108551025,0.301718,0.26566857,0.9860541224479675,0.9862555265426636,0.3057655,0.28237873
0.58401585,0.5811977,0.8907401,0.2744735,0.30954236,0.3067242,0.9856213331222534,0.9852561354637146,0.29503226,0.27397668,0.9861317276954651,0.9858745336532593,0.29197526,0.28432614
0.5865244,0.5811292,0.89058924,0.27706432,0.3094601,0.30406487,0.9852265119552612,0.9849680066108704,0.28212124,0.25104547,0.9858623743057251,0.985551118850708,0.29099143,0.2771139
0.57207566,0.5777194,0.8884951,0.26129997,0.3107757,0.31641942,0.9849202036857605,0.9849659204483032,0.26296216,0.26948273,0.9855520725250244,0.9856722354888916,0.28289568,0.28518558
0.5841707,0.5783679,0.8896744,0.2728641,0.3113066,0.3055038,0.9851446747779846,0.9847674369812012,0.26849037,0.25955623,0.9857574105262756,0.985463559627533,0.28570408,0.27946573
0.5799514,0.5821816,0.8885057,0.27362728,0.30632412,0.3085543,0.985304057598114,0.9854409098625183,0.28776968,0.26281053,0.9859319925308228,0.9859951734542847,0.28751922,0.28100854
0.5780358,0.5790943,0.889505,0.26762497,0.3104108,0.31146932,0.9851868152618408,0.9851849675178528,0.27054083,0.24977362,0.9858466386795044,0.9858645796775818,0.28746098,0.28038073
0.587634,0.58006454,0.88956463,0.278134,0.30950004,0.30193055,0.9852901697158813,0.9852374792098999,0.2698037,0.2598465,0.9860049486160278,0.9858912825584412,0.2824375,0.28001565
0.5795808,0.58320665,0.89158046,0.27120697,0.3083738,0.31199968,0.9850494861602783,0.9851251244544983,0.28441322,0.2931919,0.9856494069099426,0.9858594536781311,0.290788,0.29979926
0.57881045,0.5777364,0.88782465,0.26872218,0.31008828,0.3090142,0.9854456186294556,0.9856190085411072,0.27489972,0.26547587,0.986092209815979,0.9862796664237976,0.29321742,0.28679705
0.58341086,0.5758673,0.8913912,0.26788694,0.31552392,0.30798036,0.9853532910346985,0.9854980111122131,0.29004306,0.27839917,0.9859880208969116,0.9861226677894592,0.297491,0.2902699
0.57957697,0.5782255,0.88953936,0.2682631,0.31131387,0.3099624,0.9852228164672852,0.9851678013801575,0.2612496,0.26422155,0.9858405590057373,0.9858595132827759,0.2824896,0.2812212
0.5802703,0.57914054,0.88838303,0.2710278,0.3092425,0.30811274,0.9850537180900574,0.9852081537246704,0.261752,0.27240223,0.9856974482536316,0.9858290553092957,0.28288907,0.27868843
0.586465,0.5811949,0.8901683,0.27749157,0.30897343,0.3037033,0.985734760761261,0.9854994416236877,0.26453024,0.28452337,0.9863755702972412,0.9861204028129578,0.2873451,0.29240257
0.5816246,0.5864269,0.89015365,0.27789783,0.3037268,0.30852908,0.9855194687843323,0.9858724474906921,0.2642455,0.27403158,0.9860628843307495,0.9864063262939453,0.28335768,0.28921366
0.5849948,0.5853377,0.89293057,0.27740186,0.30759293,0.30793583,0.9850226640701294,0.9852558374404907,0.27847058,0.27107573,0.9856772422790527,0.9858515858650208,0.2822764,0.28633696
0.58556426,0.5779321,0.8905032,0.27299315,0.3125711,0.30493897,0.9852573275566101,0.9852398633956909,0.27419084,0.2724104,0.9858602285385132,0.9858914017677307,0.2879706,0.284625
0.5860573,0.5795094,0.89082927,0.27473742,0.3113199,0.30477196,0.9856823682785034,0.9858835935592651,0.27865994,0.26863068,0.9862651824951172,0.9864778518676758,0.29418117,0.28788692
0.58078575,0.58593,0.8914307,0.27528507,0.3055007,0.31064492,0.9853252172470093,0.9853373765945435,0.3027392,0.27273905,0.9859592318534851,0.9858243465423584,0.29685998,0.29399765
0.5752719,0.5701878,0.88817424,0.25728542,0.3179865,0.3129024,0.9856323599815369,0.9850055575370789,0.24072409,0.25935525,0.9862022995948792,0.9857368469238281,0.2742327,0.27757955
0.5798974,0.5750267,0.88998747,0.2649367,0.31496072,0.31009,0.9852679967880249,0.9850576519966125,0.2720067,0.2782228,0.9859075546264648,0.985694169998169,0.29141426,0.28501713
0.58401704,0.5773535,0.8902873,0.27108324,0.3129338,0.30627024,0.985272228717804,0.985443115234375,0.29374766,0.2966314,0.98605877161026,0.9860259890556335,0.29634047,0.29713506
0.57341075,0.57613814,0.8874207,0.26212817,0.31128258,0.31400996,0.9849637150764465,0.9850239157676697,0.25167334,0.25213987,0.985543429851532,0.985621452331543,0.27821165,0.2776019
0.5843732,0.58383596,0.8902629,0.27794617,0.306427,0.3058898,0.9852175116539001,0.985444188117981,0.27033347,0.28598887,0.9858785271644592,0.9859335422515869,0.2858873,0.2909422
0.5842968,0.5751536,0.8889293,0.2705211,0.31377572,0.30463248,0.985349178314209,0.9852282404899597,0.25746596,0.24697095,0.9860870838165283,0.9859573245048523,0.285047,0.27656317
0.5827863,0.57067025,0.8895241,0.26393247,0.31885386,0.30673778,0.9852187633514404,0.9852198958396912,0.28187752,0.25929147,0.9858534336090088,0.985872209072113,0.28974825,0.27203232
0.57803,0.5808948,0.88909596,0.26982886,0.30820113,0.31106597,0.9851812124252319,0.9853444695472717,0.2367658,0.25916427,0.9857255220413208,0.9860162138938904,0.27686292,0.27986044
0.5724199,0.57767445,0.88838184,0.26171243,0.31070745,0.31596202,0.9854693412780762,0.9852773547172546,0.27271265,0.26923,0.9860461354255676,0.9859007596969604,0.28985614,0.28611684
0.58129,0.5818336,0.89138186,0.27174175,0.30954826,0.31009185,0.9853231906890869,0.9856900572776794,0.2700733,0.26964647,0.9859177470207214,0.9863435626029968,0.28157866,0.28476298
0.58766115,0.5805646,0.88942885,0.2787969,0.30886424,0.3017677,0.9855614304542542,0.9857734441757202,0.26995867,0.29602647,0.9862601161003113,0.9862908124923706,0.28207994,0.2943914
0.5745094,0.5775837,0.89011735,0.2619757,0.31253368,0.31560796,0.9853432178497314,0.9853997826576233,0.2512462,0.27167404,0.9859574437141418,0.9859864711761475,0.2804554,0.28667283
0.5724407,0.57882094,0.8904777,0.26078385,0.31165683,0.3180371,0.9854498505592346,0.9850435853004456,0.25233477,0.263817,0.9860550761222839,0.9857351183891296,0.2813422,0.2871533
0.573345,0.5792588,0.88866484,0.26393902,0.30940598,0.31531978,0.9854877591133118,0.9857054948806763,0.26877838,0.25984514,0.9861863851547241,0.9862711429595947,0.28812844,0.28202957
0.58083403,0.5870524,0.88947177,0.27841473,0.3024193,0.30863768,0.9851871132850647,0.9852295517921448,0.26062655,0.2682374,0.9858856797218323,0.9858289361000061,0.28484058,0.2829739
0.58123815,0.5867955,0.8893967,0.27863687,0.30260128,0.30815864,0.9853274822235107,0.9851304292678833,0.2823016,0.29903674,0.9860178828239441,0.9858272075653076,0.28403473,0.29798448
0.5784058,0.5878922,0.88972616,0.27657175,0.30183405,0.31132042,0.9851332902908325,0.9854249358177185,0.25862187,0.2798773,0.985762894153595,0.9859297871589661,0.27496684,0.29203427
0.58617467,0.57686293,0.891481,0.27155656,0.3146181,0.30530638,0.9852975010871887,0.9850256443023682,0.29510134,0.27618873,0.9859434366226196,0.9856162071228027,0.2968138,0.28174192
0.58163005,0.57809067,0.88935524,0.27036542,0.31126463,0.30772525,0.9852122068405151,0.9856654405593872,0.26626986,0.26689243,0.9859029650688171,0.9863224625587463,0.28553212,0.2825479
0.5840262,0.5773248,0.8878677,0.27348328,0.31054294,0.30384153,0.9852228760719299,0.9853215217590332,0.27008027,0.26922703,0.9858847260475159,0.9858474135398865,0.28300345,0.28211164
0.57622665,0.58185285,0.8874146,0.27066493,0.30556172,0.31118792,0.9850953221321106,0.985066831111908,0.2517581,0.27795595,0.9857280254364014,0.9857437014579773,0.277085,0.29233515
0.57724965,0.5825519,0.89120567,0.2685958,0.30865383,0.31395608,0.9854333400726318,0.9854699969291687,0.26742893,0.2686863,0.9860525727272034,0.986197292804718,0.28624892,0.2869184
0.58166707,0.58699083,0.8905484,0.2781095,0.30355757,0.30888134,0.9851474761962891,0.9855539202690125,0.2736284,0.28744888,0.9859428405761719,0.9862160086631775,0.28204423,0.287875
0.5872003,0.58520484,0.8906853,0.2817198,0.30548048,0.30348504,0.9855937361717224,0.9856065511703491,0.287848,0.28762197,0.986210286617279,0.9862050414085388,0.29173213,0.29312766
0.5770994,0.5893867,0.89271986,0.27376616,0.30333322,0.31562054,0.9851484298706055,0.9849135279655457,0.27448004,0.28548145,0.9857282042503357,0.9856517910957336,0.2818998,0.29804868
0.5829814,0.5762416,0.8893834,0.2698397,0.3131417,0.3064019,0.9854699969291687,0.9857506155967712,0.27974927,0.24734765,0.9861599206924438,0.9862921833992004,0.29180497,0.27361238
0.58225024,0.5768206,0.88998514,0.2690857,0.31316453,0.3077349,0.9851101040840149,0.9857494235038757,0.28626204,0.2558143,0.9858375191688538,0.9863576889038086,0.29495758,0.27979308
0.58909595,0.5813165,0.88876116,0.28165126,0.3074447,0.2996652,0.9857708811759949,0.985541820526123,0.27513617,0.26090568,0.9863247871398926,0.9861890077590942,0.28570735,0.2816633
0.57817924,0.5823567,0.88955885,0.27097708,0.30720216,0.3113796,0.9852238297462463,0.9855794310569763,0.2718206,0.2703508,0.9859374165534973,0.9862051606178284,0.28560483,0.28671247
0.5901643,0.5913998,0.8939285,0.28763556,0.30252874,0.30376422,0.9855800867080688,0.9853285551071167,0.28645915,0.2555831,0.9861826300621033,0.985977053642273,0.28836697,0.27605414
0.58383584,0.58533394,0.8908918,0.278278,0.30555785,0.30705595,0.9852868914604187,0.9850373864173889,0.27077752,0.26352453,0.9859535098075867,0.9857391119003296,0.28314376,0.28364432
0.58121854,0.58940136,0.89086944,0.27975053,0.301468,0.30965084,0.985193133354187,0.9853304028511047,0.2676006,0.2738518,0.9858990907669067,0.9858670234680176,0.27559823,0.28624105
0.5729388,0.57898647,0.8877659,0.26415944,0.30877936,0.31482702,0.9855835437774658,0.9854406714439392,0.2779637,0.27341563,0.9861921072006226,0.9860840439796448,0.28726876,0.28703785
0.58435005,0.58930004,0.8889928,0.28465724,0.2996928,0.3046428,0.9855197668075562,0.985367476940155,0.27656,0.28651005,0.9861087203025818,0.9859808087348938,0.2847634,0.2906266
0.5864023,0.5804389,0.8909539,0.27588737,0.31051493,0.30455154,0.9844856262207031,0.9849749803543091,0.27862114,0.27405196,0.9851575493812561,0.9856125116348267,0.28664464,0.285042
0.5775696,0.5787614,0.8882391,0.26809198,0.30947763,0.31066942,0.9852293133735657,0.9853876829147339,0.25212187,0.26851743,0.985931932926178,0.9860600829124451,0.2769251,0.281645
0.58551025,0.5752802,0.89089817,0.26989228,0.31561798,0.3053879,0.9852489233016968,0.9855392575263977,0.28106236,0.27070504,0.985893964767456,0.9861493110656738,0.29144388,0.27760345
0.5796641,0.57939583,0.88945556,0.26960444,0.31005967,0.3097914,0.9853763580322266,0.9856087565422058,0.275612,0.27223092,0.9860462546348572,0.9862204790115356,0.28524625,0.286431
0.5853045,0.57935214,0.8886232,0.27603346,0.30927104,0.30331868,0.9853556156158447,0.9853995442390442,0.29144728,0.24348861,0.9859268665313721,0.9859799742698669,0.29417646,0.2752322
0.5815096,0.57882416,0.88994056,0.2703932,0.3111164,0.30843097,0.9847900867462158,0.9850010871887207,0.2852692,0.28597724,0.9854624271392822,0.9856241345405579,0.2882926,0.28945655
0.5796124,0.5860599,0.88838804,0.27728426,0.3023281,0.30877566,0.9848344326019287,0.9854580163955688,0.27315956,0.26492333,0.9854645133018494,0.9860967993736267,0.28231692,0.28077066
0.58339477,0.5659079,0.8898624,0.2594403,0.32395446,0.3064676,0.9848520755767822,0.9853151440620422,0.27528906,0.24828774,0.985546350479126,0.9859547019004822,0.2876653,0.27492785
0.59000194,0.58461297,0.89077497,0.28383994,0.306162,0.30077302,0.9852219223976135,0.985368549823761,0.28206086,0.26775724,0.985895574092865,0.9860135316848755,0.29301453,0.2868433
0.5779896,0.5770049,0.88817096,0.26682353,0.31116605,0.31018138,0.9858048558235168,0.9851871132850647,0.27324516,0.27300173,0.9863660335540771,0.985907793045044,0.28769076,0.28261763
0.5832207,0.568964,0.8888002,0.26338452,0.3198362,0.30557948,0.9853270053863525,0.9851743578910828,0.2535166,0.25356615,0.9860173463821411,0.9858651757240295,0.2854718,0.27669972
0.574058,0.58137137,0.8913207,0.26410866,0.30994934,0.3172627,0.985754132270813,0.9855371713638306,0.27307862,0.2764004,0.9863680601119995,0.9862384796142578,0.2884705,0.29411584
0.58988774,0.5849333,0.8913327,0.28348833,0.3063994,0.30144495,0.9849693179130554,0.9853664636611938,0.29925716,0.27894974,0.9856237173080444,0.9859890937805176,0.29825824,0.28584576
0.58231485,0.5821167,0.8881435,0.2762881,0.30602676,0.30582863,0.9854661226272583,0.9856868386268616,0.2819144,0.26895446,0.9861279726028442,0.9862362146377563,0.28654897,0.28063667
0.5773878,0.58510756,0.88997805,0.27251732,0.3048705,0.31259024,0.9853081703186035,0.9850721955299377,0.27164263,0.26189637,0.9859391450881958,0.9858388304710388,0.28281105,0.284445
0.5866203,0.57849693,0.88938296,0.2757343,0.31088597,0.30276263,0.9856312870979309,0.9854342937469482,0.27075303,0.26454055,0.9862245917320251,0.986042857170105,0.28823543,0.2804742
0.5784955,0.57393926,0.8884725,0.26396233,0.31453317,0.30997694,0.9851531982421875,0.985122561454773,0.2674386,0.26605654,0.9858136177062988,0.9857837557792664,0.2834108,0.28085887
0.58107316,0.5817129,0.8889729,0.27381313,0.30726004,0.30789977,0.9854409694671631,0.9853989481925964,0.26744443,0.27465886,0.9859927296638489,0.9860556125640869,0.2845956,0.28324366
0.5899422,0.5826504,0.89221656,0.28037608,0.30956614,0.30227435,0.9850630760192871,0.9853885173797607,0.27787137,0.262428,0.9858530163764954,0.9860081076622009,0.2856531,0.2762472
0.5866421,0.5824543,0.89299846,0.276098,0.31054407,0.3063563,0.9853670597076416,0.9854761362075806,0.28937906,0.27192503,0.9860430955886841,0.9861072897911072,0.29657263,0.28423834
0.5814204,0.57399726,0.8877383,0.2676794,0.31374103,0.30631787,0.9855759143829346,0.9853883385658264,0.255431,0.24114805,0.9861835837364197,0.9860457181930542,0.28061706,0.27508712
0.5867014,0.5740694,0.8888345,0.2719363,0.3147651,0.30213308,0.9848944544792175,0.9851742386817932,0.26635492,0.25159174,0.9855931401252747,0.9857822060585022,0.28626812,0.2763275
0.58517504,0.58598745,0.8907588,0.28040367,0.30477136,0.30558378,0.9853909015655518,0.9855313301086426,0.27644557,0.26389807,0.9860687255859375,0.9861208200454712,0.28618038,0.281533
0.5853681,0.5761828,0.8903512,0.2711997,0.3141684,0.30498308,0.9854910373687744,0.9854351282119751,0.27064788,0.27290636,0.9860761761665344,0.9861361980438232,0.29175794,0.280245
0.57948077,0.59058034,0.89000064,0.28006047,0.2994203,0.31051987,0.9851664900779724,0.9847605228424072,0.27503443,0.2819283,0.9858039617538452,0.9854149222373962,0.27945465,0.2876616
0.57433856,0.58540845,0.88927233,0.27047467,0.30386388,0.31493378,0.9851114749908447,0.9851378798484802,0.27117568,0.27282524,0.9858411550521851,0.9857238531112671,0.28527588,0.28809625
0.57965267,0.5798667,0.8886037,0.27091575,0.30873692,0.30895096,0.985388457775116,0.9853326082229614,0.2810185,0.25411046,0.9859602451324463,0.9859575033187866,0.2892639,0.27574903
0.5742143,0.58689284,0.8889641,0.27214295,0.30207133,0.3147499,0.9855095148086548,0.9852294921875,0.2634498,0.2843235,0.9861010909080505,0.9859797954559326,0.28596175,0.2950126
0.5881677,0.58210945,0.8912881,0.27898902,0.3091787,0.30312043,0.9854066967964172,0.98557049036026,0.26713568,0.25232846,0.9860879778862,0.9862443804740906,0.281213,0.2763691
0.5828378,0.5798122,0.8890412,0.27360892,0.3092289,0.3062033,0.9855581521987915,0.9852951169013977,0.2776758,0.27770883,0.9861821532249451,0.9859387278556824,0.28950202,0.28580552
0.5845064,0.5713082,0.8876857,0.26812893,0.31637746,0.30317926,0.98527991771698,0.9853224158287048,0.28902507,0.26520765,0.9858723282814026,0.9860252737998962,0.2954598,0.28038853
0.5907088,0.585116,0.89088345,0.28494143,0.30576736,0.3001746,0.9853694438934326,0.9850789904594421,0.28468895,0.2818098,0.9858995079994202,0.9856865406036377,0.29099625,0.28943658
0.586496,0.5910207,0.89180183,0.28571486,0.30078113,0.30530584,0.9852383732795715,0.9852548241615295,0.27928406,0.2954241,0.9858776926994324,0.9858341217041016,0.28548974,0.29368716
0.58736545,0.5804887,0.88913727,0.2787168,0.30864865,0.30177188,0.9853758215904236,0.9852206110954285,0.27390027,0.27822345,0.9859575033187866,0.9858987927436829,0.29008842,0.28415304
0.58636093,0.5820107,0.891466,0.27690566,0.30945528,0.30510503,0.9846502542495728,0.9849464893341064,0.28164107,0.26773775,0.9854103922843933,0.9856284856796265,0.28898048,0.2869385
0.5799484,0.5809926,0.8887274,0.27221358,0.30773485,0.308779,0.9853610992431641,0.985579252243042,0.25386524,0.28175342,0.9859664440155029,0.9861534833908081,0.27799857,0.28741598
0.57663953,0.5881029,0.8888285,0.27591395,0.30072558,0.31218892,0.9854004979133606,0.9855684041976929,0.28609395,0.27530104,0.9859865307807922,0.9861783981323242,0.2850449,0.2911992
0.58212006,0.5828104,0.8912693,0.27366114,0.30845892,0.30914927,0.9853541851043701,0.985357940196991,0.26682132,0.29309833,0.9860028028488159,0.9860550761222839,0.28270888,0.29600316
0.5853406,0.5840359,0.8919539,0.2774226,0.307918,0.30661327,0.9852840304374695,0.9850815534591675,0.27353626,0.2866109,0.9859223961830139,0.9857808947563171,0.28890914,0.29121858
0.5799676,0.5769319,0.8882273,0.26867217,0.31129545,0.30825973,0.9853795766830444,0.9851482510566711,0.26611882,0.24889606,0.9859689474105835,0.9859282374382019,0.28449798,0.2787766
0.5865805,0.58088195,0.892574,0.27488846,0.31169206,0.3059935,0.9858415126800537,0.9854850769042969,0.27748203,0.28654945,0.9863671064376831,0.9861098527908325,0.2888474,0.28723133
0.58261,0.58307874,0.8900394,0.27564937,0.30696064,0.30742937,0.9857367873191833,0.9854264259338379,0.26335645,0.2736807,0.9864239692687988,0.9860953688621521,0.2844563,0.2877615
0.58008647,0.58269805,0.88993555,0.27284902,0.30723745,0.30984902,0.9849231243133545,0.9848613739013672,0.28087342,0.3101418,0.9856367707252502,0.9855499863624573,0.28620964,0.29686266
0.5781227,0.5757041,0.8866215,0.26720524,0.31091744,0.30849886,0.9851235151290894,0.9850988388061523,0.26726913,0.27816778,0.9857491254806519,0.9857484102249146,0.28432298,0.28517252
0.5823333,0.5794344,0.8921913,0.26957643,0.3127569,0.30985796,0.9851352572441101,0.9851977825164795,0.28036636,0.26796937,0.985698938369751,0.9857993125915527,0.28591198,0.28408182
0.5832204,0.57812786,0.88942003,0.2719283,0.3112921,0.30619955,0.9852054119110107,0.985334575176239,0.26504284,0.27381164,0.9858178496360779,0.9859409332275391,0.28744,0.28672647
0.587111,0.57844913,0.89016753,0.2753926,0.3117184,0.30305654,0.9855567216873169,0.9853807091712952,0.29037833,0.26984298,0.9862224459648132,0.9860172271728516,0.29662496,0.28590393
0.5775262,0.5760329,0.88836265,0.26519644,0.31232977,0.31083643,0.9856168031692505,0.9854434728622437,0.28237414,0.25208402,0.9861882925033569,0.9861093163490295,0.29224277,0.2802586
0.5878155,0.57259834,0.888791,0.27162284,0.3161927,0.3009755,0.985271155834198,0.9852802157402039,0.26874393,0.2450527,0.9859714508056641,0.9858471155166626,0.2904076,0.26979434
0.5782532,0.58324015,0.8884555,0.2730378,0.30521542,0.31020236,0.9852091073989868,0.9855649471282959,0.26221615,0.25869495,0.985772967338562,0.986099898815155,0.28827375,0.28820068
0.57833993,0.5817881,0.8879503,0.27217782,0.30616212,0.3096103,0.9852789044380188,0.9853434562683105,0.2437002,0.26404113,0.9858891367912292,0.9860466122627258,0.27272344,0.28420526
0.5792328,0.5801,0.8897375,0.26959527,0.30963755,0.31050473,0.9854385852813721,0.9854063391685486,0.2701826,0.27296323,0.9860990643501282,0.986041784286499,0.28046137,0.28218454
0.5785942,0.57256794,0.888401,0.26276118,0.31583303,0.30980676,0.9856672286987305,0.9858183860778809,0.2626028,0.25619805,0.9862605333328247,0.9863379597663879,0.28487974,0.27749634
0.5782496,0.5854298,0.8923338,0.27134556,0.30690402,0.31408423,0.9850618839263916,0.9852480888366699,0.2725637,0.25594413,0.9857622981071472,0.9859684705734253,0.2794767,0.28395927
0.583581,0.58054054,0.88923687,0.27488464,0.30869633,0.3056559,0.9855222105979919,0.9852907061576843,0.27603883,0.27898937,0.9861390590667725,0.9859330654144287,0.28736073,0.28709733
0.5775964,0.5741554,0.8911735,0.26057827,0.31701815,0.31357712,0.9853060841560364,0.9849883317947388,0.2598905,0.25834835,0.9859046936035156,0.9856966137886047,0.28518963,0.2828195
0.57796896,0.5835856,0.8885449,0.27300966,0.3049593,0.31057596,0.9855839014053345,0.985776960849762,0.262789,0.28076464,0.9862178564071655,0.9863878488540649,0.27418214,0.29178703
0.5830849,0.57687014,0.89128774,0.26866728,0.3144176,0.30820286,0.9854878187179565,0.985558271408081,0.272744,0.25638956,0.9859931468963623,0.9861633777618408,0.2891991,0.27954596
0.57960653,0.57631737,0.888299,0.26762486,0.31198168,0.3086925,0.9853740334510803,0.9853362441062927,0.2737493,0.26493394,0.9860225319862366,0.9860653281211853,0.2895829,0.28291345
0.58233774,0.5745446,0.88919985,0.26768243,0.3146553,0.30686218,0.9853594303131104,0.9854257702827454,0.28476238,0.25516135,0.9860550165176392,0.9860364198684692,0.292167,0.2790848
0.58211035,0.5797425,0.89016724,0.2716856,0.31042475,0.3080569,0.985194742679596,0.9850869178771973,0.28244925,0.2779104,0.9859246015548706,0.9856836199760437,0.28731757,0.28746396
0.5814511,0.57462347,0.8870059,0.2690686,0.31238252,0.30555487,0.9853914976119995,0.9853139519691467,0.2712434,0.25569272,0.9859429597854614,0.9859384298324585,0.28181934,0.27140218
0.5862417,0.57364357,0.8896954,0.27018988,0.31605184,0.30345368,0.985073983669281,0.9853754043579102,0.2872517,0.24330556,0.9857771992683411,0.9860122203826904,0.29763585,0.27477223
0.5742338,0.5837836,0.88883144,0.26918596,0.3050478,0.31459767,0.9852217435836792,0.9850457310676575,0.24450243,0.26714498,0.9858455061912537,0.985722541809082,0.27686745,0.28795755
0.5823983,0.5828506,0.8910501,0.27419877,0.30819952,0.3086518,0.984782338142395,0.9849793314933777,0.28375238,0.2588296,0.985581636428833,0.9855503439903259,0.2885638,0.2782576
0.5756662,0.5752072,0.8883362,0.26253724,0.31312895,0.31266993,0.9856694340705872,0.9854493737220764,0.260302,0.27212298,0.9862874746322632,0.9860493540763855,0.28726113,0.287412
0.57804656,0.5751469,0.8886241,0.2645694,0.31347716,0.3105775,0.985660970211029,0.985689640045166,0.2817601,0.26268578,0.9862356185913086,0.9862964153289795,0.29169947,0.28646874
0.5805926,0.57697666,0.8891812,0.26838797,0.3122046,0.30858868,0.9851899743080139,0.9851104617118835,0.29261786,0.2791918,0.9857142567634583,0.9857053756713867,0.29125607,0.28829163
0.5820218,0.57708,0.8908212,0.2682805,0.31374127,0.3087995,0.9849766492843628,0.9849231839179993,0.26858056,0.26236445,0.9856739640235901,0.9856674671173096,0.2827201,0.28177476
0.5789131,0.5773524,0.8883993,0.2678662,0.3110469,0.3094862,0.9853153228759766,0.9852393865585327,0.25875247,0.2584771,0.9860142469406128,0.9858732223510742,0.2769845,0.28482032
0.5735266,0.58441937,0.8899521,0.26799387,0.30553275,0.3164255,0.9854950904846191,0.9858039021492004,0.2615615,0.27298695,0.9860436320304871,0.9863724708557129,0.27686286,0.2873925
0.5841237,0.57865375,0.8904828,0.27229464,0.31182903,0.3063591,0.9850914478302002,0.984767735004425,0.25585222,0.27720016,0.985771894454956,0.9855333566665649,0.27588707,0.28477526
0.5846211,0.5716392,0.8883348,0.26792544,0.31669563,0.30371374,0.98561692237854,0.9852662086486816,0.2836218,0.2625637,0.9862598776817322,0.9859943389892578,0.289738,0.27440196
0.58348435,0.58049214,0.88866645,0.27530998,0.30817437,0.30518216,0.9855496287345886,0.9853357076644897,0.27404624,0.2685259,0.9861722588539124,0.9859769940376282,0.28654742,0.28078943
0.5835718,0.57365906,0.889396,0.26783484,0.31573695,0.30582422,0.9851729273796082,0.9849877953529358,0.2668782,0.2740584,0.9858116507530212,0.985741913318634,0.28554875,0.28138167
0.5864036,0.5829418,0.8896881,0.2796573,0.3067463,0.30328447,0.9852627515792847,0.9854744672775269,0.28626382,0.2685535,0.9859305024147034,0.9860029816627502,0.29758793,0.28243887
0.58458686,0.57226205,0.887413,0.26943588,0.31515098,0.30282617,0.9854166507720947,0.9852529168128967,0.26358974,0.24179965,0.9859737157821655,0.9858738780021667,0.2869994,0.2762257
0.5759253,0.57992685,0.88885623,0.26699585,0.30892944,0.312931,0.9854921102523804,0.9847874641418457,0.26919258,0.2748496,0.9860588908195496,0.9854142069816589,0.28265685,0.28570092
0.59026444,0.57445955,0.89091206,0.27381194,0.3164525,0.30064762,0.9853391051292419,0.9850085973739624,0.29458076,0.25153244,0.9859243631362915,0.985628068447113,0.30105585,0.27211827
0.58261395,0.5855553,0.8908252,0.27734405,0.3052699,0.30821127,0.9854552745819092,0.9856718182563782,0.26087755,0.26574177,0.9861136078834534,0.9863502979278564,0.28463864,0.28272402
0.58334315,0.5835297,0.8920407,0.27483213,0.30851102,0.30869758,0.9856184720993042,0.9855624437332153,0.27734703,0.28029633,0.9861803650856018,0.9862260818481445,0.28904277,0.28590918
0.5739452,0.58312476,0.8889741,0.26809585,0.30584937,0.3150289,0.9853419661521912,0.9849414229393005,0.2678671,0.25884086,0.9859700798988342,0.9856998324394226,0.28191322,0.28023976
0.58827204,0.5734867,0.88931733,0.27244133,0.3158307,0.30104536,0.9854108691215515,0.9856226444244385,0.2661115,0.2614447,0.9860979318618774,0.9862543344497681,0.28795356,0.27462524
0.5732504,0.5759579,0.889436,0.2597723,0.3134781,0.3161856,0.9851707220077515,0.9853061437606812,0.2529971,0.25983572,0.9858627319335938,0.9859675168991089,0.2762757,0.27779287
0.57338905,0.593078,0.88976616,0.2767009,0.29668814,0.3163771,0.9854010939598083,0.9853812456130981,0.26517415,0.2786448,0.9860051274299622,0.9859915971755981,0.27921277,0.29149014
0.5945474,0.57988423,0.892086,0.28234553,0.31220186,0.2975387,0.985369861125946,0.9851948022842407,0.30516213,0.2793768,0.9859979748725891,0.9858251810073853,0.2999249,0.28278643
0.584248,0.57705486,0.8903085,0.2709943,0.3132537,0.30606055,0.9850884079933167,0.9852578639984131,0.27241987,0.27827752,0.985805094242096,0.9859290719032288,0.28951252,0.2795967
0.5697535,0.5834389,0.8907849,0.26240748,0.30734605,0.3210314,0.9853283762931824,0.9850755929946899,0.24127024,0.27001894,0.9859217405319214,0.9857034683227539,0.27343082,0.29353982
0.5773398,0.5823632,0.8882908,0.2714122,0.30592763,0.310951,0.9848328232765198,0.9852508306503296,0.25739735,0.24816704,0.9855977296829224,0.9858569502830505,0.2762819,0.2780264
0.58495957,0.57343495,0.8878762,0.27051836,0.3144412,0.3029166,0.9853296279907227,0.985664427280426,0.29382026,0.26317376,0.986058235168457,0.986277163028717,0.3019591,0.28380883
0.5799742,0.57771266,0.88938814,0.2682987,0.3116755,0.30941397,0.9854770302772522,0.9853861927986145,0.27946532,0.27597964,0.9861014485359192,0.9860866665840149,0.28983325,0.29184258
0.58464646,0.5833415,0.8918664,0.27612156,0.3085249,0.30721992,0.98524409532547,0.9856423735618591,0.2671687,0.2821645,0.9858351945877075,0.9861841201782227,0.28540182,0.28560823
0.5849428,0.5810035,0.89146787,0.27447838,0.31046444,0.3065251,0.9850419163703918,0.9848750829696655,0.2715317,0.28662938,0.9856253862380981,0.9855657815933228,0.2896151,0.28936684
0.5842736,0.5843681,0.88946366,0.27917802,0.30509555,0.3051901,0.9855026602745056,0.9858771562576294,0.28118533,0.26050705,0.9861753582954407,0.9865151047706604,0.28493065,0.27950186
0.58216155,0.58298373,0.8893166,0.27582866,0.3063329,0.30715507,0.985011637210846,0.9851921796798706,0.28275943,0.27342272,0.9856781363487244,0.9858214259147644,0.29226172,0.2891736
0.58266205,0.5821836,0.8912492,0.27359653,0.30906552,0.30858707,0.9851510524749756,0.985263466835022,0.27358228,0.27586746,0.9857780337333679,0.9859083890914917,0.2907018,0.28813875
0.5870409,0.58701956,0.8897679,0.28429258,0.30274832,0.30272698,0.985340416431427,0.9853103160858154,0.27143663,0.28743678,0.9859543442726135,0.9859405159950256,0.28402388,0.29139888
0.57575977,0.5817645,0.8891603,0.26836407,0.3073957,0.31340045,0.9855407476425171,0.9854389429092407,0.2719987,0.26387042,0.9862777590751648,0.9860901832580566,0.2831816,0.2888906
0.5758927,0.5737739,0.8905721,0.25909448,0.3167982,0.31467944,0.985218346118927,0.9849541187286377,0.25384647,0.25399518,0.9857617020606995,0.9857245087623596,0.28587174,0.27685332
0.5830072,0.5797843,0.8902858,0.2725057,0.31050152,0.30727857,0.9857612252235413,0.9854122996330261,0.30319357,0.2947709,0.9863064885139465,0.9860039353370667,0.30063838,0.29378104
0.5886991,0.5767827,0.8917374,0.2737444,0.3149547,0.3030383,0.9850074648857117,0.985132098197937,0.29079592,0.2503153,0.9856199026107788,0.9858106374740601,0.29665923,0.2708763
0.57809585,0.5779886,0.89026433,0.2658202,0.31227565,0.31216842,0.9852375984191895,0.9857475161552429,0.2511018,0.25086308,0.9859035015106201,0.9864132404327393,0.27674747,0.27515554
0.57466596,0.5764475,0.88874793,0.26236558,0.31230038,0.3140819,0.9853624701499939,0.9849832057952881,0.26987737,0.26500636,0.9859672784805298,0.9856763482093811,0.28798372,0.2830302
0.5783045,0.5798892,0.89148337,0.26671034,0.3115942,0.31317884,0.9850496053695679,0.9855466485023499,0.2694354,0.2734453,0.9857228398323059,0.9860867261886597,0.28064477,0.28663814
0.5822799,0.5874373,0.88923115,0.28048605,0.30179387,0.30695122,0.9850969910621643,0.9852538704872131,0.2859472,0.2857126,0.9857590794563293,0.9859291911125183,0.2893145,0.28768063
0.5792521,0.5745497,0.8892507,0.2645511,0.31470102,0.30999857,0.985228419303894,0.9853664636611938,0.25891823,0.25491285,0.9860525727272034,0.9860040545463562,0.2812789,0.27715755
0.5791659,0.5860058,0.8910538,0.27411783,0.30504805,0.31188798,0.9853724241256714,0.9854028224945068,0.29867756,0.29562807,0.9860590696334839,0.9859370589256287,0.29095972,0.29699337
0.5797663,0.58331096,0.89031315,0.2727641,0.3070022,0.31054688,0.9852606654167175,0.9856734275817871,0.25994587,0.24092156,0.9858745336532593,0.9862326979637146,0.27924484,0.27540088
0.58568764,0.5804094,0.89062494,0.2754721,0.31021553,0.3049373,0.985585629940033,0.9850212931632996,0.28862065,0.29600632,0.9861333966255188,0.9857218861579895,0.294061,0.28775394
0.58126485,0.5699737,0.88880897,0.2624296,0.31883526,0.3075441,0.9851692318916321,0.985478937625885,0.28767818,0.2744065,0.9858180284500122,0.9860530495643616,0.29840624,0.28278762
0.575278,0.58088744,0.8887694,0.26739597,0.307882,0.31349146,0.9855321049690247,0.9853358268737793,0.24545997,0.2466535,0.9861524105072021,0.9860754013061523,0.2718178,0.27688766
0.5840647,0.5747763,0.89184207,0.26699895,0.31706578,0.30777735,0.9856951832771301,0.985205352306366,0.27562374,0.2621984,0.9862942695617676,0.9858247637748718,0.28737378,0.28119296
0.5777502,0.5862402,0.89051414,0.27347624,0.30427396,0.31276393,0.985521137714386,0.98514324426651,0.2828604,0.27506655,0.9861406683921814,0.9857478737831116,0.28945887,0.2862547
0.580366,0.5834346,0.888605,0.2751956,0.30517042,0.30823898,0.9851951599121094,0.9853116869926453,0.28241116,0.27054358,0.9858332276344299,0.9858978390693665,0.28719676,0.28429466
0.57763433,0.579421,0.88835835,0.26869702,0.3089373,0.31072396,0.9851986169815063,0.9857417941093445,0.24972826,0.26146388,0.9858970642089844,0.98630690574646,0.27553886,0.27988172
0.57968724,0.5794915,0.8875606,0.27161813,0.3080691,0.30787337,0.9850895404815674,0.9849127531051636,0.27267498,0.2777534,0.9857513308525085,0.9855093955993652,0.28889048,0.28648412
0.58475006,0.57913053,0.8887336,0.27514696,0.3096031,0.30398357,0.9856644868850708,0.9857309460639954,0.2878132,0.28954005,0.9861109256744385,0.9862925410270691,0.29816425,0.28998542
0.5854998,0.5764714,0.89050746,0.27146375,0.31403607,0.30500764,0.9852503538131714,0.985245943069458,0.26168185,0.2611401,0.9858543276786804,0.9859220385551453,0.2835881,0.28166717
0.5849766,0.5869141,0.8930949,0.27879584,0.30618078,0.30811828,0.9854816794395447,0.9854356646537781,0.27438337,0.26581562,0.9861565828323364,0.9860897064208984,0.28884608,0.2887413
0.57825935,0.58332413,0.8868998,0.2746836,0.30357575,0.30864054,0.9851255416870117,0.9853067994117737,0.2757452,0.2685545,0.9858514070510864,0.9859040379524231,0.28560346,0.28996044
0.58432037,0.5828611,0.8893011,0.27788037,0.30644,0.30498075,0.9848923683166504,0.985254168510437,0.27005893,0.277838,0.9856242537498474,0.9858845472335815,0.28522956,0.28316808
0.5769607,0.5857297,0.8896617,0.27302867,0.303932,0.31270105,0.9852713942527771,0.9857128262519836,0.26742148,0.27157468,0.9859532117843628,0.9862760901451111,0.27688015,0.2849301
0.5772171,0.57766885,0.88882834,0.26605767,0.31115943,0.31161118,0.9852507710456848,0.9854303002357483,0.26719272,0.27986985,0.9858633279800415,0.9860932230949402,0.28261536,0.2886781
0.5825237,0.5746359,0.88953424,0.26762533,0.31489837,0.3070106,0.9859523773193359,0.9858056306838989,0.26734662,0.26068074,0.9864625334739685,0.9863598942756653,0.28676522,0.27253395
0.5809692,0.5825553,0.88987154,0.27365297,0.30731624,0.30890232,0.9855698943138123,0.9854702949523926,0.2685449,0.28250015,0.9861998558044434,0.9861660599708557,0.28421837,0.29092735
0.5849984,0.5897888,0.8905417,0.2842456,0.30075282,0.30554318,0.9851969480514526,0.9850808382034302,0.27075905,0.27859873,0.9857974052429199,0.9857668876647949,0.28499526,0.28754586
0.58148307,0.58560884,0.8928423,0.27424955,0.3072335,0.3113593,0.9854018688201904,0.9853231310844421,0.28076118,0.27856064,0.9860209822654724,0.985984742641449,0.28937507,0.28751993
0.5825978,0.5837505,0.8903328,0.2760154,0.3065824,0.3077351,0.9854645133018494,0.9856661558151245,0.28005445,0.28489077,0.9862123727798462,0.9863203763961792,0.28865135,0.29101998
0.5877017,0.57936573,0.88842475,0.27864265,0.30905902,0.30072308,0.9853683710098267,0.9854257106781006,0.2770533,0.2862295,0.9860135912895203,0.9860954284667969,0.28465402,0.28759187
0.58572614,0.5769446,0.89018357,0.27248716,0.31323898,0.30445743,0.9848186373710632,0.9850148558616638,0.27392638,0.2791102,0.9855250716209412,0.9855900406837463,0.2916941,0.28358793
0.5751812,0.58086777,0.8885433,0.2675057,0.30767548,0.31336206,0.9854097962379456,0.9851682186126709,0.254696,0.26044714,0.9859520792961121,0.9858562350273132,0.27791852,0.2772863
0.58831406,0.5823757,0.89019156,0.28049827,0.3078158,0.30187744,0.9853807687759399,0.9853387475013733,0.273156,0.26221073,0.9860723614692688,0.9859154224395752,0.2917263,0.2822913
0.5774903,0.5798656,0.8884311,0.26892483,0.3085655,0.31094074,0.9851805567741394,0.9852172136306763,0.2562986,0.25785917,0.9858584403991699,0.985867440700531,0.27994072,0.28592408
0.58812684,0.58031595,0.8896378,0.2788049,0.30932194,0.30151105,0.9850325584411621,0.9851400256156921,0.29663527,0.27023053,0.9857243895530701,0.9858989119529724,0.2958597,0.27864784
0.58054197,0.5846014,0.8897515,0.27539188,0.3051501,0.30920953,0.9854369163513184,0.9852280020713806,0.27162808,0.2547633,0.9860668778419495,0.9858371615409851,0.2897808,0.27928227
0.5755328,0.573582,0.88822585,0.260889,0.3146438,0.312693,0.9853155016899109,0.984661877155304,0.22599429,0.2660383,0.9860029816627502,0.9855507016181946,0.26620865,0.27931237
0.57901525,0.5826062,0.8900288,0.27159268,0.30742258,0.31101352,0.9855715036392212,0.985427737236023,0.2794593,0.27975208,0.9861661195755005,0.9860926270484924,0.28702068,0.29079527
0.5797936,0.5791024,0.890248,0.26864797,0.3111456,0.31045443,0.9852864146232605,0.9851406812667847,0.26989436,0.25090224,0.9858973026275635,0.9857693910598755,0.2884205,0.27615786
0.5868832,0.5855326,0.8928235,0.27959222,0.30729097,0.3059404,0.9858015775680542,0.9855477809906006,0.28076893,0.29101974,0.986343264579773,0.9861222505569458,0.28921813,0.29370528
0.5827521,0.5798527,0.88966167,0.27294314,0.30980897,0.30690956,0.9852891564369202,0.9851746559143066,0.28413796,0.2901082,0.985903799533844,0.9859694242477417,0.2916028,0.29181993
0.5767187,0.5816288,0.88977736,0.26857013,0.30814856,0.31305867,0.9851762652397156,0.9852616786956787,0.2566098,0.28385717,0.9858218431472778,0.9858770370483398,0.27743125,0.29391766
0.5728886,0.5830816,0.89016354,0.26580667,0.30708194,0.31727493,0.9852868318557739,0.985416054725647,0.26573116,0.2771181,0.9859598875045776,0.986029863357544,0.28273797,0.29199797
0.5769237,0.5817249,0.88992554,0.26872307,0.30820066,0.3130018,0.9856945872306824,0.9854723811149597,0.27009803,0.2654493,0.9862302541732788,0.9860113859176636,0.28156263,0.28700805
0.5822803,0.5825213,0.8922143,0.2725873,0.30969298,0.30993402,0.9849334955215454,0.9852306842803955,0.27159166,0.2794398,0.9856653809547424,0.9858419895172119,0.29141122,0.2889474
0.5739176,0.5790206,0.8890086,0.26392967,0.30998796,0.31509095,0.9854176640510559,0.9857057332992554,0.2546243,0.26656687,0.9860858917236328,0.986175537109375,0.28034383,0.28577757
0.5839971,0.5803295,0.8900552,0.27427137,0.3097257,0.3060581,0.985159158706665,0.9852261543273926,0.27333438,0.2669717,0.9856870770454407,0.9858351945877075,0.28779072,0.2805639
0.5838407,0.57801497,0.89072603,0.27112967,0.31271106,0.3068853,0.9855912923812866,0.9853982329368591,0.27928352,0.28619206,0.9860986471176147,0.9860116839408875,0.28602654,0.2877766
0.57613504,0.5864015,0.8902818,0.27225482,0.3038802,0.3141467,0.9852203130722046,0.9853813648223877,0.27255434,0.28843808,0.9858158826828003,0.9859540462493896,0.28172803,0.3027926
0.578424,0.5828624,0.8909113,0.27037507,0.3080489,0.3124873,0.9851878881454468,0.9856171011924744,0.24959266,0.2560268,0.9857978820800781,0.9861871004104614,0.2732888,0.28259993
0.5844015,0.57814485,0.89122117,0.27132523,0.31307626,0.30681962,0.985057532787323,0.9853352904319763,0.27045774,0.2755788,0.9857067465782166,0.985908567905426,0.28480375,0.28620905
0.582322,0.5829705,0.8910216,0.2742709,0.3080511,0.3086996,0.9854119420051575,0.9855419397354126,0.25781804,0.26683748,0.9860811829566956,0.9862366318702698,0.2849806,0.28674054
0.58766115,0.5812539,0.8892002,0.27971482,0.30794632,0.30153906,0.9855756163597107,0.9855546355247498,0.26481223,0.26591063,0.9862341284751892,0.9862105250358582,0.28664964,0.2830583
0.5753485,0.5747253,0.88825023,0.26182353,0.31352496,0.31290174,0.9851183295249939,0.9854780435562134,0.25979888,0.27199143,0.985811173915863,0.9861273765563965,0.2840492,0.28840327
0.5852845,0.57962227,0.8912324,0.27367437,0.3116101,0.3059479,0.9850608110427856,0.9853976964950562,0.27746016,0.26445758,0.9856970310211182,0.9859644770622253,0.28762966,0.28036892
0.5825978,0.573501,0.89147556,0.26462328,0.3179745,0.3088777,0.9852293133735657,0.9850290417671204,0.28287995,0.2810601,0.9858991503715515,0.9857580065727234,0.29694796,0.29008758
0.5806819,0.5825019,0.891057,0.2721268,0.30855513,0.3103751,0.9853748679161072,0.98549884557724,0.27064323,0.2677561,0.9859595894813538,0.9861263036727905,0.2803539,0.27538812
0.5786172,0.57223517,0.8887107,0.26214176,0.31647545,0.3100934,0.9855002164840698,0.9852798581123352,0.25636154,0.26370627,0.986147403717041,0.9859874248504639,0.28078097,0.2843153
0.57823914,0.5861444,0.890285,0.27409852,0.30414063,0.31204587,0.9855300784111023,0.985430896282196,0.2798413,0.27256882,0.9861520528793335,0.9861028790473938,0.28350878,0.28760606
0.56638074,0.5745923,0.8880907,0.25288236,0.31349838,0.32170993,0.9854863286018372,0.9854386448860168,0.2580669,0.27935112,0.9860442280769348,0.9861207008361816,0.2808377,0.29451758
0.5763981,0.58266586,0.8912228,0.26784116,0.3085569,0.3148247,0.9856330156326294,0.9853643178939819,0.27565897,0.28473032,0.9862548112869263,0.98598313331604,0.28747433,0.29492682
0.5767056,0.57504666,0.88936377,0.26238847,0.3143171,0.3126582,0.9851943850517273,0.985230028629303,0.26507688,0.26825953,0.9858536124229431,0.9859163165092468,0.28511417,0.28292567
0.57907003,0.5778717,0.88839895,0.2685427,0.31052732,0.30932897,0.9851928949356079,0.9855104684829712,0.24094582,0.25824773,0.98577880859375,0.9861658215522766,0.2774967,0.2760952
0.58742833,0.5823604,0.88971454,0.28007418,0.30735415,0.3022862,0.9854962229728699,0.9850889444351196,0.28510278,0.26360595,0.9860880374908447,0.9858027100563049,0.2932933,0.28235525
0.57920384,0.5766505,0.88884073,0.2670136,0.31219023,0.3096369,0.9854534864425659,0.9851539731025696,0.26705056,0.25426525,0.9860755801200867,0.9858717322349548,0.28300405,0.27556366
0.5832572,0.5823958,0.8910863,0.2745667,0.3086905,0.30782908,0.9851435422897339,0.9852214455604553,0.29442054,0.2971598,0.985821008682251,0.9859429001808167,0.2922191,0.29418367
0.5798328,0.57949543,0.8890991,0.2702291,0.3096037,0.30926633,0.9855511784553528,0.9853903651237488,0.28336376,0.2578565,0.9861677885055542,0.985989511013031,0.2897662,0.2808954
0.5822286,0.5811703,0.889618,0.273781,0.3084476,0.30738932,0.9848895072937012,0.9850685596466064,0.28116512,0.2733224,0.9855352640151978,0.9856967926025391,0.2939309,0.28495395
0.58168346,0.58230615,0.8906721,0.27331746,0.308366,0.3089887,0.9854803085327148,0.9856001734733582,0.2622506,0.27078348,0.9861381649971008,0.9862452745437622,0.28577316,0.28589594
0.5771426,0.5818431,0.89041764,0.26856798,0.30857462,0.3132751,0.9856064319610596,0.9854719638824463,0.2859378,0.26860708,0.9863665103912354,0.9860467910766602,0.29128653,0.28594542
0.5743066,0.57937586,0.88894325,0.26473922,0.3095674,0.31463665,0.985541045665741,0.9853165149688721,0.26384783,0.26111948,0.9861139059066772,0.9858618378639221,0.28256214,0.2860043
0.5777799,0.5929916,0.889715,0.28105646,0.29672343,0.31193513,0.9856364130973816,0.985599160194397,0.26155877,0.27158958,0.9861484169960022,0.9861965775489807,0.2724282,0.29038012
0.58470994,0.5791662,0.89003325,0.2738428,0.31086713,0.30532336,0.9852322936058044,0.9854585528373718,0.2754652,0.27933443,0.9858691096305847,0.9861658215522766,0.28536016,0.2840898
0.579124,0.58579314,0.89006615,0.27485096,0.304273,0.31094217,0.9853031635284424,0.9853531718254089,0.27405035,0.27468187,0.9859272241592407,0.9861209988594055,0.28593868,0.29279482
0.5725336,0.5837697,0.8902098,0.2660935,0.30644011,0.3176762,0.9849714040756226,0.9852509498596191,0.26282543,0.2836458,0.985630214214325,0.985904335975647,0.2814955,0.29267222
0.58504575,0.57878435,0.88922226,0.27460778,0.31043798,0.30417657,0.9854873418807983,0.985575258731842,0.2725312,0.28005248,0.986135721206665,0.9861637353897095,0.28872085,0.2844913
0.5821246,0.58298886,0.88868576,0.2764277,0.3056969,0.30656117,0.9856286644935608,0.9860286116600037,0.28273964,0.27555192,0.9863135814666748,0.986640214920044,0.2903304,0.28667945
0.5799601,0.58287835,0.8896193,0.27321917,0.30674094,0.30965918,0.9850814938545227,0.985441267490387,0.2561041,0.26851076,0.9858582615852356,0.9860666394233704,0.27538115,0.28786725
0.58076465,0.571285,0.8878577,0.264192,0.31657267,0.30709302,0.9853236079216003,0.985496461391449,0.27061653,0.25139296,0.9860266447067261,0.9861400723457336,0.28562826,0.2754948
0.59415746,0.5811417,0.89300185,0.2822973,0.31186014,0.2988444,0.9852695465087891,0.985353946685791,0.28869903,0.2920698,0.9859325289726257,0.9860506057739258,0.29677963,0.28325093
0.58433723,0.57931453,0.8907431,0.27290863,0.3114286,0.3064059,0.9850905537605286,0.9848741292953491,0.27909094,0.27933514,0.9856626391410828,0.985508918762207,0.2890461,0.28856397
0.58397996,0.58131504,0.88780665,0.27748835,0.3064916,0.3038267,0.9853820204734802,0.9853118062019348,0.2584294,0.27464956,0.9861343502998352,0.9860897660255432,0.28130627,0.2876482
0.5816848,0.5782461,0.88921475,0.2707162,0.31096864,0.30752993,0.9848519563674927,0.9851150512695312,0.2804907,0.2744484,0.9855363965034485,0.985728919506073,0.28854567,0.28483945
0.58172965,0.58166945,0.89092284,0.27247626,0.3092534,0.3091932,0.9854263067245483,0.985271155834198,0.25744784,0.28980464,0.9860067367553711,0.9859282970428467,0.2866276,0.29485446
0.5786516,0.57377994,0.88919896,0.26323253,0.31541908,0.3105474,0.9854634404182434,0.9853416681289673,0.29822057,0.26884437,0.9860689043998718,0.9860947728157043,0.29917645,0.28425837
0.5755732,0.5786763,0.88737327,0.26687616,0.30869704,0.31180012,0.9854650497436523,0.985177218914032,0.23581421,0.25869375,0.986129879951477,0.985851526260376,0.2714858,0.2818553
0.57769835,0.5811292,0.8902484,0.26857913,0.30911922,0.31255007,0.985497772693634,0.9854615926742554,0.27497554,0.26312673,0.9861725568771362,0.9860044121742249,0.28187418,0.27946645
0.5742719,0.5820246,0.88954324,0.26675326,0.30751866,0.31527132,0.9854812026023865,0.9854061007499695,0.2656377,0.2802291,0.9860281944274902,0.9861478805541992,0.28042364,0.29128915
0.5765575,0.579661,0.8895384,0.26668012,0.3098774,0.3129809,0.9851422905921936,0.9851094484329224,0.25081348,0.26496863,0.9857087731361389,0.9857655763626099,0.2764246,0.28695184
0.58379376,0.58014095,0.8921768,0.2717579,0.31203586,0.30838305,0.9853782653808594,0.9857414960861206,0.2825091,0.28466702,0.9860698580741882,0.9863600730895996,0.29276538,0.2873518
0.5826944,0.5892479,0.8888932,0.28304905,0.29964536,0.30619884,0.9853100776672363,0.9853499531745911,0.27961242,0.26742685,0.9859782457351685,0.9859811067581177,0.28830057,0.28125226
0.5810202,0.58572984,0.89022636,0.2765236,0.3044966,0.30920625,0.9858132600784302,0.9851841926574707,0.28030246,0.28384507,0.9864680767059326,0.9858621954917908,0.29154962,0.29220438
0.59080034,0.58830523,0.89322674,0.28587878,0.30492157,0.30242646,0.9854404330253601,0.9853456616401672,0.2753001,0.28096098,0.9861602187156677,0.9859691262245178,0.28397286,0.29015017
0.57854354,0.5801965,0.8871774,0.27156264,0.3069809,0.30863386,0.9854024052619934,0.9853127598762512,0.24846178,0.24173367,0.9861077666282654,0.9859435558319092,0.2761444,0.27391845
0.5817275,0.575518,0.8894746,0.26777095,0.31395656,0.30774707,0.9851335287094116,0.9853640198707581,0.28623688,0.27356488,0.9858362078666687,0.9860226511955261,0.28922403,0.28390944
0.5726866,0.5746548,0.88887024,0.25847125,0.31421536,0.31618357,0.985190749168396,0.9856716394424438,0.24854016,0.2567259,0.9858670830726624,0.9862447381019592,0.27611148,0.27880847
0.5831177,0.57356536,0.88896024,0.26772285,0.31539488,0.30584252,0.9850292801856995,0.9853911995887756,0.2935149,0.25956565,0.9856745004653931,0.9859481453895569,0.29745305,0.28213495
0.58000076,0.5777993,0.88858163,0.26921844,0.3107823,0.30858088,0.9853110909461975,0.9851475954055786,0.26014215,0.2508728,0.9859578013420105,0.9857777953147888,0.28709835,0.27683038
0.5876658,0.5772915,0.89158726,0.27337003,0.31429577,0.30392146,0.9854815006256104,0.9854224324226379,0.30007535,0.26064676,0.9861612319946289,0.9860758185386658,0.2962237,0.2778672
0.5807699,0.58409965,0.8901323,0.27473724,0.30603266,0.3093624,0.9853041768074036,0.9851739406585693,0.2625245,0.26083595,0.9859968423843384,0.9857983589172363,0.27956533,0.28280783
0.58375496,0.5748986,0.8878637,0.2707898,0.31296515,0.3041088,0.9847548007965088,0.9850282669067383,0.27078718,0.26536793,0.9854536056518555,0.9857112169265747,0.28303838,0.2830125
0.58134055,0.5799086,0.8900598,0.27118933,0.31015122,0.30871928,0.9849140048027039,0.9849608540534973,0.2795874,0.28966528,0.985695481300354,0.98565274477005,0.28743088,0.29029143
0.58067226,0.5720691,0.88771766,0.26502377,0.3156485,0.30704534,0.9852524399757385,0.9850382208824158,0.26119632,0.25589043,0.9858933091163635,0.9856865406036377,0.28013515,0.28050768
0.5805085,0.5804442,0.88874537,0.27220732,0.30830115,0.3082369,0.984947919845581,0.9851580262184143,0.26560545,0.27100152,0.9856656789779663,0.9858036637306213,0.28453797,0.2874825
0.57512915,0.5777657,0.887788,0.26510686,0.3100223,0.31265885,0.9852392077445984,0.9856891632080078,0.23888803,0.25614506,0.9859570860862732,0.986318051815033,0.27599669,0.28844237
0.57238066,0.57334626,0.88916034,0.25656658,0.31581408,0.31677967,0.9850455522537231,0.9854179620742798,0.25396705,0.26551896,0.9857056140899658,0.9861000180244446,0.27988732,0.28458565
0.5880198,0.58150077,0.8898293,0.27969134,0.30832845,0.30180943,0.985119640827179,0.9849799871444702,0.25885928,0.24940932,0.9857733249664307,0.9856625199317932,0.28110462,0.27564162
0.5858917,0.57720494,0.8886064,0.27449024,0.3114015,0.3027147,0.9850257635116577,0.9855623245239258,0.2808699,0.26920956,0.9856660962104797,0.9861355423927307,0.28793228,0.28144342
0.58049744,0.57807267,0.8898274,0.26874268,0.31175476,0.30933,0.9850628972053528,0.9855902194976807,0.24771708,0.27538896,0.9857872128486633,0.9862315058708191,0.28249925,0.29128253
0.57746756,0.57994574,0.88906515,0.2683481,0.30911946,0.31159765,0.9851606488227844,0.9850559830665588,0.27442187,0.28074473,0.9857726693153381,0.9856348037719727,0.28977668,0.2912029
0.58103615,0.581511,0.88960046,0.27294666,0.3080895,0.30856436,0.9849365949630737,0.9850309491157532,0.2780013,0.27590632,0.9855650663375854,0.9856802821159363,0.2931041,0.28772855
0.58208466,0.5819531,0.8884678,0.27556992,0.30651474,0.3063832,0.9854247570037842,0.9852332472801208,0.25206727,0.2587967,0.9860163927078247,0.9858577847480774,0.2761554,0.28048825
0.57890445,0.58389074,0.8883635,0.2744317,0.30447274,0.30945903,0.98520427942276,0.9849177002906799,0.27231592,0.2659443,0.9858748912811279,0.9856746196746826,0.28781712,0.28197885
0.58066493,0.5821674,0.8915329,0.27129936,0.30936557,0.31086802,0.985139787197113,0.9849613904953003,0.2586308,0.28051692,0.985758364200592,0.9855840802192688,0.27695417,0.28715044
0.5855243,0.59186673,0.8926817,0.28470933,0.300815,0.3071574,0.9851449131965637,0.9856885671615601,0.28911316,0.2882105,0.9858025312423706,0.9862441420555115,0.29036516,0.29138213
0.5797098,0.5761441,0.8902407,0.26561326,0.31409657,0.31053084,0.9857067465782166,0.9854298233985901,0.26923722,0.27572942,0.9863373637199402,0.9860767126083374,0.2885455,0.28912926
0.5773268,0.5802244,0.889526,0.26802516,0.3093016,0.31219923,0.9854453206062317,0.9850674271583557,0.27460808,0.26154482,0.986024022102356,0.9857330322265625,0.28382152,0.28332603
0.57852733,0.5827384,0.88950455,0.27176118,0.30676615,0.31097722,0.9852277636528015,0.9852160811424255,0.25865227,0.27514672,0.9858927130699158,0.9858613014221191,0.27718186,0.2880653
0.57198894,0.5819872,0.88930863,0.26466757,0.30732137,0.31731963,0.9851858615875244,0.9853328466415405,0.25350773,0.24925792,0.9858998656272888,0.9859852194786072,0.2775424,0.28150445
0.58061063,0.5800736,0.8887151,0.27196914,0.3086415,0.30810446,0.9851491451263428,0.9853349924087524,0.28211385,0.2677256,0.9858143329620361,0.9859123826026917,0.28863066,0.28691065
0.58169186,0.58283055,0.89185774,0.27266467,0.3090272,0.31016588,0.9854134917259216,0.9851970672607422,0.2815023,0.2918501,0.985946536064148,0.9859195947647095,0.2865532,0.2911886
0.5825845,0.5763545,0.8907388,0.26820022,0.31438428,0.30815428,0.9857168197631836,0.9857518076896667,0.28442746,0.27027375,0.9862955212593079,0.9863351583480835,0.28945994,0.283323
0.57868016,0.59241724,0.8916384,0.279459,0.29922116,0.31295824,0.9852133989334106,0.9853477478027344,0.25481653,0.27859765,0.9859390258789062,0.9860047698020935,0.27753747,0.2909631
0.5879953,0.587047,0.89257854,0.28246373,0.30553156,0.30458325,0.9853397607803345,0.9851043820381165,0.28195226,0.28888547,0.9858828186988831,0.9857312440872192,0.2878778,0.28784984
0.5839724,0.5790894,0.890056,0.27300584,0.31096655,0.30608356,0.9856294989585876,0.985559344291687,0.2625553,0.29455733,0.9862596392631531,0.9861846566200256,0.27947152,0.29243243
0.5816968,0.5832013,0.88864267,0.2762555,0.30544132,0.3069458,0.9857978224754333,0.9853124022483826,0.2833948,0.27347112,0.9863659143447876,0.9859670996665955,0.2883141,0.2837026
0.5814634,0.58086467,0.89011806,0.27220994,0.30925345,0.30865473,0.9852930307388306,0.9854584336280823,0.27235466,0.26654023,0.9859358072280884,0.986110270023346,0.28721398,0.2847848
0.57103324,0.57844377,0.88884705,0.26062995,0.3104033,0.3178138,0.9855391979217529,0.9854804873466492,0.26930374,0.24647349,0.9862473011016846,0.9862139225006104,0.28192192,0.27851862
0.58564335,0.5856674,0.89188254,0.27942812,0.30621523,0.30623925,0.9852265119552612,0.9853124022483826,0.27603495,0.2614314,0.9858667850494385,0.9859846234321594,0.28281784,0.27868658
0.5796788,0.5811206,0.88984543,0.27095395,0.30872482,0.31016666,0.9853606820106506,0.9853180050849915,0.26375788,0.27537525,0.9860172867774963,0.9859603643417358,0.2823549,0.29341358
0.5782038,0.58471256,0.89177346,0.27114296,0.30706084,0.3135696,-0.11140334606170654,-0.12020576000213623,0.28588444,0.28057307,-0.0047338008880615234,-0.004467129707336426,0.2876181,0.2895457
0.57540405,0.5747104,0.888299,0.26181555,0.3135885,0.31289488,-0.10486912727355957,-0.12778878211975098,0.25025958,0.26263493,-0.003548741340637207,-0.004306316375732422,0.27629483,0.28180724
0.5806111,0.58478296,0.89108825,0.27430582,0.3063053,0.31047714,-0.11978530883789062,-0.09771430492401123,0.27263647,0.24931073,-0.004074811935424805,-0.0032705068588256836,0.28269053,0.28076887
0.58638966,0.57342935,0.88983667,0.26998234,0.31640732,0.303447,-0.12422168254852295,-0.11340975761413574,0.2739858,0.26611865,-0.004697561264038086,-0.004375934600830078,0.28708136,0.27713186
0.58635056,0.58441806,0.89211726,0.27865136,0.3076992,0.3057667,-0.10203516483306885,-0.11162066459655762,0.26585454,0.29016346,-0.0034040212631225586,-0.0035210847854614258,0.28422898,0.28764123
0.5765252,0.5788429,0.8906358,0.2647323,0.3117929,0.31411058,-0.12009251117706299,-0.12346851825714111,0.26414865,0.26505077,-0.004394173622131348,-0.004132628440856934,0.28164703,0.28598124
0.5815251,0.57865065,0.8923929,0.26778293,0.31374216,0.31086773,-0.11135315895080566,-0.12085771560668945,0.28529376,0.27088767,-0.003645777702331543,-0.004320502281188965,0.2917335,0.28857088
0.58356977,0.5801133,0.88809925,0.2755838,0.30798596,0.3045295,-0.12154316902160645,-0.11048734188079834,0.26543736,0.2580738,-0.005087375640869141,-0.005224704742431641,0.28255606,0.27773517
0.58208084,0.5859796,0.8911592,0.27690125,0.3051796,0.30907834,-0.10934627056121826,-0.10484874248504639,0.256473,0.2664165,-0.004398822784423828,-0.004148244857788086,0.27547795,0.28434378
0.57942414,0.58623683,0.8909115,0.27474946,0.30467469,0.31148738,-0.09597945213317871,-0.09823572635650635,0.26718205,0.28195095,-0.00391840934753418,-0.00399017333984375,0.28520656,0.29462206
0.5809932,0.5890702,0.89062536,0.27943802,0.30155516,0.30963218,-0.11937427520751953,-0.09830617904663086,0.28294694,0.2744171,-0.004684805870056152,-0.0041561126708984375,0.28518605,0.28669554
0.5801701,0.57821476,0.8893875,0.2689973,0.31117278,0.30921745,-0.10861670970916748,-0.11789631843566895,0.2656811,0.24680936,-0.004140019416809082,-0.004247426986694336,0.287297,0.27383894
0.57603157,0.5802864,0.89091164,0.2654063,0.31062526,0.31488007,-0.12968194484710693,-0.12983369827270508,0.26868367,0.27208441,-0.004133462905883789,-0.004507780075073242,0.28624195,0.28327912
0.58151615,0.5790055,0.8901371,0.27038455,0.3111316,0.30862093,-0.11848950386047363,-0.11104893684387207,0.27826554,0.25138217,-0.004331827163696289,-0.004575014114379883,0.28826165,0.2737382
0.5745375,0.57585776,0.89020234,0.26019293,0.31434458,0.31566483,-0.10132527351379395,-0.11716103553771973,0.26114416,0.27085626,-0.004313945770263672,-0.00400996208190918,0.27909505,0.286089
0.5826786,0.5690106,0.88585067,0.26583862,0.31684,0.303172,-0.1226813793182373,-0.11160469055175781,0.2619124,0.25236112,-0.0037086009979248047,-0.004390716552734375,0.28723437,0.271187
0.58350456,0.5740311,0.8885668,0.26896888,0.31453568,0.30506223,-0.11649858951568604,-0.11597013473510742,0.2701084,0.26426268,-0.004461765289306641,-0.003968358039855957,0.2848242,0.27426738
0.5771925,0.5764011,0.88840896,0.26518458,0.3120079,0.31121653,-0.10694301128387451,-0.12227475643157959,0.26580757,0.27482164,-0.0037528276443481445,-0.00448298454284668,0.28002924,0.2825778
0.5754845,0.5747679,0.8871306,0.26312172,0.3123628,0.31164616,-0.12952303886413574,-0.12044286727905273,0.26210856,0.25945872,-0.004234194755554199,-0.004371762275695801,0.2838043,0.27860707
0.57505924,0.5779204,0.8901074,0.26287222,0.31218702,0.31504816,-0.11727821826934814,-0.11600136756896973,0.2665236,0.2696421,-0.004328250885009766,-0.004456520080566406,0.28308666,0.28395045
0.5741311,0.5757928,0.8887752,0.26114857,0.3129825,0.31464422,-0.10983240604400635,-0.10499608516693115,0.2775424,0.25391454,-0.003900289535522461,-0.0038237571716308594,0.28586382,0.27823985
0.5790138,0.57783914,0.8891793,0.26767367,0.31134015,0.31016546,-0.107857346534729,-0.11883878707885742,0.25805247,0.27022737,-0.004593968391418457,-0.004104495048522949,0.27862746,0.28315622
0.58385617,0.5934788,0.8915622,0.2857728,0.29808336,0.307706,-0.11952507495880127,-0.10505330562591553,0.2624644,0.30742472,-0.00489652156829834,-0.004049062728881836,0.27829885,0.3006991
0.58360934,0.5841938,0.8914232,0.27637994,0.3072294,0.30781388,-0.12004506587982178,-0.12670624256134033,0.27511322,0.2950257,-0.004750847816467285,-0.004863739013671875,0.28898466,0.29142606
0.57626486,0.58413446,0.89092165,0.26947767,0.3067872,0.3146568,-0.1204829216003418,-0.12433290481567383,0.28194833,0.27457607,-0.004149317741394043,-0.0039414167404174805,0.2841454,0.28389305
0.58495474,0.5817145,0.88907003,0.27759922,0.30735552,0.3041153,-0.12477266788482666,-0.11386847496032715,0.2803265,0.27741194,-0.004597067832946777,-0.004107236862182617,0.2890085,0.28840464
0.57466197,0.57316965,0.88743836,0.26039332,0.31426865,0.31277633,-0.10719966888427734,-0.1267465353012085,0.2647518,0.24145508,-0.003933429718017578,-0.004354238510131836,0.28555983,0.2729699
0.57934535,0.57558143,0.88782364,0.26710314,0.3122422,0.3084783,-0.13065624237060547,-0.1285179853439331,0.27587366,0.26634425,-0.004689216613769531,-0.005168318748474121,0.28780013,0.28680307
0.5811167,0.57515574,0.88936555,0.26690686,0.31420982,0.30824888,-0.11821115016937256,-0.12231266498565674,0.2954784,0.25191343,-0.003911137580871582,-0.004865169525146484,0.29282224,0.27326703
0.57401186,0.57623947,0.8883195,0.2619319,0.31207997,0.31430757,-0.11630797386169434,-0.10877394676208496,0.27784544,0.258543,-0.0039980411529541016,-0.0038766860961914062,0.28254342,0.27832437
0.5812808,0.5856843,0.88939506,0.27757007,0.30371076,0.30811423,-0.13205087184906006,-0.1337050199508667,0.28078175,0.2884246,-0.005414009094238281,-0.004904031753540039,0.2866243,0.29007673
0.5801071,0.584793,0.88880414,0.27609593,0.30401117,0.30869704,-0.12360179424285889,-0.12464654445648193,0.2852261,0.26718205,-0.004498004913330078,-0.005024552345275879,0.28831488,0.2837829
0.57781684,0.57282317,0.88916975,0.26147026,0.3163466,0.3113529,-0.12585735321044922,-0.11394655704498291,0.2616011,0.26063496,-0.0048323869705200195,-0.00424957275390625,0.28674906,0.2787301
0.57700515,0.5776025,0.89180547,0.26280218,0.31420296,0.31480032,-0.1017146110534668,-0.11609494686126709,0.26590025,0.27206892,-0.00447237491607666,-0.004567861557006836,0.28596866,0.28884816
0.57853246,0.57978314,0.88926595,0.2690497,0.30948275,0.31073344,-0.1198498010635376,-0.11878824234008789,0.27451408,0.29732275,-0.00434267520904541,-0.004811644554138184,0.28567743,0.29696095
0.57649916,0.5854878,0.8871746,0.27481234,0.30168682,0.31067544,-0.1223524808883667,-0.12569868564605713,0.24918658,0.27702874,-0.004877209663391113,-0.004193544387817383,0.27327597,0.29048836
0.57289636,0.5745895,0.88947755,0.2580083,0.31488806,0.3165812,-0.11644458770751953,-0.10997259616851807,0.26391965,0.26840645,-0.003991246223449707,-0.004161477088928223,0.28857845,0.28550392
0.58226717,0.57741904,0.89159536,0.26809084,0.31417632,0.3093282,-0.11919236183166504,-0.11779272556304932,0.2821493,0.2653697,-0.004138350486755371,-0.0044602155685424805,0.29356164,0.2846622
0.5786823,0.58402276,0.8897797,0.27292538,0.30575693,0.31109738,-0.10147702693939209,-0.10895955562591553,0.2878073,0.2732253,-0.0034450292587280273,-0.003736138343811035,0.29394907,0.28635186
0.57876897,0.5768482,0.8904102,0.26520705,0.31356192,0.31164116,-0.09695780277252197,-0.12318158149719238,0.26156652,0.27798206,-0.003674626350402832,-0.005036115646362305,0.27923584,0.28683627
0.5799456,0.5838333,0.88930196,0.27447695,0.30546868,0.30935633,-0.11387908458709717,-0.12228012084960938,0.2746247,0.2683267,-0.004267215728759766,-0.00439143180847168,0.28046817,0.2827245
0.583219,0.5778051,0.89039814,0.27062595,0.31259304,0.30717915,-0.12129604816436768,-0.0995258092880249,0.26551747,0.26944387,-0.004609942436218262,-0.0037261247634887695,0.28132308,0.28537095
0.58072215,0.5868964,0.8897957,0.2778228,0.30289936,0.30907363,-0.11463510990142822,-0.10507059097290039,0.2731772,0.25886005,-0.004473209381103516,-0.003706693649291992,0.27898413,0.27986693
0.57675093,0.5827797,0.889685,0.26984566,0.30690527,0.31293404,-0.11979866027832031,-0.10175216197967529,0.26059926,0.27600878,-0.004465699195861816,-0.0040520429611206055,0.27826875,0.28857547
0.5799265,0.582718,0.8894713,0.2731732,0.30675328,0.3095448,-0.10432875156402588,-0.11291515827178955,0.27701098,0.29217815,-0.0036017894744873047,-0.0044362545013427734,0.28772247,0.29437762
0.58481,0.56822973,0.8897777,0.26326197,0.32154804,0.30496776,-0.09643197059631348,-0.1062697172164917,0.2716449,0.22778088,-0.0031009912490844727,-0.0036927461624145508,0.28765953,0.26265424
0.58750623,0.58235383,0.8906649,0.27919525,0.308311,0.30315858,-0.11431288719177246,-0.09968006610870361,0.28313655,0.29498184,-0.004195451736450195,-0.0034886598587036133,0.29569042,0.29191774
0.5847159,0.58827937,0.8901318,0.28286356,0.30185235,0.3054158,-0.12025892734527588,-0.12412536144256592,0.27247214,0.286951,-0.004409313201904297,-0.0047299861907958984,0.28234714,0.28937602
0.5800415,0.5797459,0.89136225,0.26842517,0.31161636,0.31132072,-0.1316138505935669,-0.11501455307006836,0.27573758,0.28473616,-0.004574418067932129,-0.004200577735900879,0.28996032,0.28846896
0.5734972,0.5767306,0.888386,0.26184177,0.3116554,0.31488883,-0.11855638027191162,-0.10847687721252441,0.2606398,0.25697708,-0.004028916358947754,-0.003909945487976074,0.28094023,0.28207797
0.58019316,0.5854535,0.89211684,0.27352983,0.30666333,0.31192368,-0.12324857711791992,-0.12198173999786377,0.28003025,0.26416743,-0.004469156265258789,-0.004232525825500488,0.28619492,0.28024393
0.56890434,0.5857252,0.8900381,0.2645914,0.30431294,0.3211338,-0.11110663414001465,-0.11212682723999023,0.2461114,0.28744125,-0.004488587379455566,-0.0036543607711791992,0.26630533,0.29710346
0.57948554,0.5723416,0.8861161,0.265711,0.31377453,0.3066306,-0.1021803617477417,-0.1119757890701294,0.272116,0.26157314,-0.003616809844970703,-0.004145264625549316,0.28948003,0.2822293
0.5833816,0.5782014,0.89016116,0.2714218,0.3119598,0.30677962,-0.1129007339477539,-0.11867892742156982,0.29152852,0.2700491,-0.003692150115966797,-0.00413966178894043,0.295498,0.28212327
0.5851681,0.57992226,0.8896078,0.27548254,0.3096856,0.30443972,-0.11819827556610107,-0.11555194854736328,0.27994704,0.26253068,-0.004175305366516113,-0.0038270950317382812,0.2860666,0.28033936
0.5759859,0.5805627,0.8871725,0.2693761,0.3066098,0.3111866,-0.10930204391479492,-0.12308907508850098,0.25004524,0.2388609,-0.004539966583251953,-0.004080295562744141,0.27224302,0.26891488
0.58206856,0.5768958,0.8892611,0.26970327,0.3123653,0.3071925,-0.10836291313171387,-0.11849808692932129,0.264912,0.26735693,-0.003998160362243652,-0.004431486129760742,0.2869225,0.28281373
0.5739554,0.5775923,0.888904,0.2626437,0.31131172,0.31494862,-0.12050497531890869,-0.11613905429840088,0.26294428,0.2525552,-0.004238605499267578,-0.0037783384323120117,0.28031737,0.28029335
0.5767906,0.5894134,0.89160633,0.27459764,0.30219293,0.31481576,-0.11397790908813477,-0.12251687049865723,0.2673391,0.28303355,-0.004242300987243652,-0.004459381103515625,0.28193718,0.2920583
0.5875586,0.5770203,0.8921393,0.2724396,0.31511903,0.3045807,-0.12316584587097168,-0.12738573551177979,0.28472155,0.26679623,-0.0048596858978271484,-0.004790306091308594,0.29817867,0.28271455
0.58282053,0.5773247,0.88977265,0.27037263,0.3124479,0.30695206,-0.11762607097625732,-0.12034893035888672,0.28346616,0.26300484,-0.004241585731506348,-0.003641963005065918,0.2901199,0.27700448
0.5807738,0.5782881,0.88835007,0.27071184,0.31006193,0.30757624,-0.12649786472320557,-0.13115954399108887,0.28645855,0.2691809,-0.004521846771240234,-0.004420876502990723,0.2896459,0.28447407
0.57968694,0.58313894,0.88742876,0.27539706,0.30428988,0.30774188,-0.12863671779632568,-0.11031579971313477,0.25584048,0.28822196,-0.004367947578430176,-0.004902482032775879,0.27369303,0.29121935
0.5782739,0.57753813,0.8899046,0.2659074,0.3123665,0.31163073,-0.11787211894989014,-0.1224128007888794,0.26539868,0.2820093,-0.004660248756408691,-0.004684090614318848,0.28388852,0.28712696
0.5827236,0.5783982,0.889775,0.27134687,0.31137675,0.30705136,-0.10687887668609619,-0.11704325675964355,0.26249546,0.25322402,-0.0037707090377807617,-0.004082202911376953,0.2821085,0.27268964
0.5824912,0.5783012,0.8907977,0.26999468,0.31249654,0.30830652,-0.12647736072540283,-0.136572003364563,0.26136047,0.26956838,-0.004662156105041504,-0.00487363338470459,0.28032583,0.28400207
0.58524275,0.58004415,0.89025754,0.27502936,0.3102134,0.3050148,-0.11521434783935547,-0.12566304206848145,0.25896198,0.27376723,-0.004096865653991699,-0.004209756851196289,0.28236455,0.28615224
0.5900272,0.5845851,0.8893346,0.28527766,0.30474955,0.2993074,-0.12541234493255615,-0.12403202056884766,0.2682625,0.26916724,-0.004147768020629883,-0.004456877708435059,0.28351986,0.2777204
0.58164865,0.58786136,0.8890096,0.2805004,0.30114824,0.30736095,-0.10316777229309082,-0.11852085590362549,0.29013127,0.27240074,-0.003827214241027832,-0.004852771759033203,0.2925697,0.2865495
0.5814567,0.56894016,0.88956594,0.26083088,0.32062584,0.30810928,-0.10720884799957275,-0.10116469860076904,0.27718848,0.2669652,-0.004654884338378906,-0.0037099123001098633,0.2908854,0.28271258
0.5850042,0.5771258,0.89172924,0.27040076,0.31460345,0.30672503,-0.12274718284606934,-0.12388038635253906,0.2675091,0.26340246,-0.0041048526763916016,-0.004763126373291016,0.28577012,0.28058046
0.5766252,0.58719796,0.8911529,0.2726702,0.30395502,0.31452775,-0.10530722141265869,-0.10772788524627686,0.2892608,0.27969706,-0.0041201114654541016,-0.003453493118286133,0.2857129,0.29176784
0.57906103,0.58480036,0.89150274,0.27235866,0.30670238,0.3124417,-0.1326197385787964,-0.10848772525787354,0.24999672,0.27791965,-0.004857778549194336,-0.0038175582885742188,0.2768129,0.28823733
0.57227904,0.5732156,0.8864795,0.2590152,0.31326383,0.3142004,-0.12774944305419922,-0.12479734420776367,0.24951488,0.25259876,-0.004866361618041992,-0.004749894142150879,0.27929217,0.28295434
0.58399355,0.5824465,0.89012736,0.27631265,0.3076809,0.30613387,-0.11557650566101074,-0.12289631366729736,0.26132512,0.28441423,-0.004660129547119141,-0.004454374313354492,0.28647143,0.2908454
0.58894217,0.5871358,0.89404476,0.2820332,0.30690897,0.3051026,-0.11984491348266602,-0.11596441268920898,0.28862506,0.2819171,-0.005378603935241699,-0.00458073616027832,0.28934228,0.28795034
0.57889503,0.5831299,0.8884536,0.27357137,0.30532366,0.3095585,-0.1079854965209961,-0.11081540584564209,0.26188314,0.27303565,-0.004915118217468262,-0.004180908203125,0.28025794,0.28697538
0.5815177,0.5823277,0.88993573,0.2739097,0.307608,0.30841804,-0.11226189136505127,-0.12004411220550537,0.2745319,0.28173602,-0.004420042037963867,-0.00442814826965332,0.2874673,0.2917961
0.5816448,0.58542347,0.8911434,0.27592486,0.3057199,0.3094986,-0.11537337303161621,-0.11556994915008545,0.27830255,0.25925475,-0.0038601160049438477,-0.0038738250732421875,0.28972882,0.28675932
0.5796071,0.5745436,0.88775146,0.26639926,0.31320786,0.30814433,-0.10878241062164307,-0.1207273006439209,0.27113605,0.25416714,-0.004083514213562012,-0.004895806312561035,0.29202235,0.27709562
0.5728185,0.57668555,0.8877686,0.26173544,0.31108308,0.3149501,-0.11505126953125,-0.11219525337219238,0.26429683,0.27248782,-0.004695892333984375,-0.003937721252441406,0.28080904,0.28457373
0.5821209,0.5748588,0.888583,0.26839668,0.31372422,0.3064621,-0.09888100624084473,-0.11946249008178711,0.26295596,0.25951147,-0.0038605928421020508,-0.004085183143615723,0.28621542,0.2787274
0.58462894,0.58178914,0.89123785,0.27518022,0.30944872,0.30660892,-0.10692131519317627,-0.12412428855895996,0.27680647,0.26358563,-0.0044127702713012695,-0.0044040679931640625,0.2893864,0.2813434
0.57117426,0.57141316,0.88785833,0.2547291,0.31644517,0.31668407,-0.12590575218200684,-0.11850881576538086,0.26342756,0.24437052,-0.004465341567993164,-0.004274725914001465,0.28455555,0.2743675
0.58755076,0.57679856,0.8887595,0.27558982,0.31196094,0.30120873,-0.1059412956237793,-0.10454833507537842,0.27644914,0.2601813,-0.004029512405395508,-0.003889799118041992,0.29112178,0.28186703
0.58767486,0.5796832,0.8932203,0.27413774,0.31353712,0.30554545,-0.1301966905593872,-0.12733495235443115,0.30209106,0.2768427,-0.00489199161529541,-0.004121899604797363,0.30187535,0.28880495
0.5809606,0.5767516,0.8901638,0.26754844,0.31341213,0.30920315,-0.12083256244659424,-0.12702715396881104,0.26178908,0.26582927,-0.0037480592727661133,-0.004894137382507324,0.28506094,0.28102845
0.5840195,0.58579934,0.8925509,0.277268,0.3067515,0.30853134,-0.1081615686416626,-0.12730193138122559,0.2752,0.27309775,-0.003203153610229492,-0.004228115081787109,0.28551084,0.28651935
0.57911074,0.5812936,0.8903274,0.27007693,0.3090338,0.31121665,-0.12369656562805176,-0.12085187435150146,0.25168014,0.2663421,-0.004436850547790527,-0.004448294639587402,0.2714777,0.28180647
0.5852335,0.5873849,0.8930802,0.2795382,0.3056953,0.30784667,-0.11862337589263916,-0.12466549873352051,0.27943903,0.29269385,-0.004437446594238281,-0.004165768623352051,0.28784883,0.29259312
0.5781189,0.5826309,0.8910364,0.2697134,0.30840552,0.31291747,-0.10751163959503174,-0.11753654479980469,0.27440786,0.24782991,-0.004448890686035156,-0.004131913185119629,0.28708088,0.28292012
0.5792475,0.58397347,0.8911512,0.2720697,0.30717778,0.31190377,-0.11425912380218506,-0.10347044467926025,0.29799855,0.27080464,-0.0037958621978759766,-0.0042803287506103516,0.29816765,0.28533792
0.5741873,0.5765923,0.8900607,0.26071888,0.3134684,0.31587344,-0.12343800067901611,-0.13294243812561035,0.27421224,0.23788548,-0.0050699710845947266,-0.004673361778259277,0.28232163,0.2746724
0.58587706,0.5795161,0.8907251,0.27466804,0.31120902,0.30484807,-0.12047183513641357,-0.11506319046020508,0.28501523,0.2654553,-0.004052996635437012,-0.0046117305755615234,0.29767847,0.2832039
0.5735007,0.5830902,0.8871254,0.26946557,0.30403513,0.31362462,-0.11533951759338379,-0.11482679843902588,0.25835228,0.27869338,-0.004738330841064453,-0.004427552223205566,0.27970588,0.28889424
0.56788135,0.5828427,0.8885996,0.26212448,0.30575687,0.32071823,-0.11693191528320312,-0.10744118690490723,0.2525127,0.28300953,-0.0041217803955078125,-0.004326224327087402,0.273898,0.29533273
0.57607174,0.57842267,0.8877273,0.26676708,0.30930465,0.31165558,-0.11950540542602539,-0.11340689659118652,0.25483674,0.25745493,-0.004092574119567871,-0.004069328308105469,0.28048015,0.27645206
0.5739088,0.5790192,0.8884268,0.2645012,0.3094076,0.31451797,-0.11659753322601318,-0.13158011436462402,0.25433284,0.27030212,-0.0043762922286987305,-0.00538945198059082,0.2767651,0.2881263
0.5866441,0.5774312,0.8903996,0.2736758,0.3129683,0.3037554,-0.11258339881896973,-0.10582613945007324,0.2791224,0.26827902,-0.003568887710571289,-0.0038181543350219727,0.28959012,0.282445
0.58848846,0.5815773,0.8905921,0.27947366,0.3090148,0.30210364,-0.12347495555877686,-0.11053788661956787,0.28161198,0.27161014,-0.005578875541687012,-0.00412297248840332,0.2918201,0.27983558
0.57348526,0.5860624,0.8928937,0.2666539,0.30683136,0.31940848,-0.13430368900299072,-0.12543094158172607,0.2640499,0.28110772,-0.00443267822265625,-0.005156993865966797,0.28001267,0.29260886
0.58042985,0.5911552,0.8909677,0.28061736,0.2998125,0.31053782,-0.10999596118927002,-0.11902880668640137,0.26710624,0.285698,-0.004305005073547363,-0.003871321678161621,0.28036928,0.29107356
0.57595646,0.58865905,0.8930795,0.271536,0.30442047,0.31712306,-0.12805306911468506,-0.11442947387695312,0.27206165,0.26770192,-0.004400491714477539,-0.004172801971435547,0.28060663,0.28595483
0.5840231,0.5798077,0.8904989,0.27333188,0.31069124,0.30647582,-0.11280465126037598,-0.10023307800292969,0.28184718,0.28810143,-0.004391670227050781,-0.0033320188522338867,0.29279536,0.29169387
0.5775097,0.5798483,0.8899768,0.26738113,0.31012857,0.31246716,-0.12249922752380371,-0.12895417213439941,0.26020372,0.28755915,-0.004283785820007324,-0.004300594329833984,0.2778176,0.29613918
0.58006585,0.57564306,0.88940775,0.26630116,0.3137647,0.3093419,-0.12125098705291748,-0.10209858417510986,0.28406435,0.29076248,-0.004535079002380371,-0.003722548484802246,0.29262614,0.29233605
0.57508546,0.57488483,0.8899968,0.25997347,0.315112,0.31491137,-0.13639545440673828,-0.11423885822296143,0.25624144,0.2575202,-0.0051691532135009766,-0.003916144371032715,0.27488488,0.28263116
0.5769458,0.5807029,0.88905597,0.26859272,0.30835307,0.3121102,-0.1171104907989502,-0.10067117214202881,0.25915474,0.2645831,-0.004563570022583008,-0.003682851791381836,0.27651614,0.2858851
0.57789326,0.57616925,0.889127,0.2649355,0.31295776,0.31123376,-0.11689889430999756,-0.11619901657104492,0.27234286,0.2662273,-0.004674553871154785,-0.004575490951538086,0.28582,0.28612977
0.5873326,0.58455616,0.890197,0.28169185,0.30564076,0.3028643,-0.10733461380004883,-0.13028013706207275,0.2655663,0.269257,-0.004060149192810059,-0.004201412200927734,0.2894696,0.2818789
0.57845205,0.58248377,0.88959825,0.27133763,0.30711442,0.31114614,-0.11349213123321533,-0.12053108215332031,0.2856987,0.27853453,-0.0040285587310791016,-0.004846334457397461,0.28752482,0.29443914
0.5809159,0.5755674,0.88855207,0.26793134,0.3129846,0.30763608,-0.11049783229827881,-0.12350285053253174,0.2914728,0.27824336,-0.00391387939453125,-0.0047408342361450195,0.29500932,0.28627163
0.58073866,0.577983,0.88923705,0.26948464,0.31125402,0.30849838,-0.10465610027313232,-0.10538852214813232,0.2767508,0.2726727,-0.004057168960571289,-0.004062771797180176,0.2867695,0.28248197
0.58404183,0.58402604,0.8892643,0.27880365,0.3052382,0.3052224,-0.11632108688354492,-0.12214970588684082,0.26942664,0.29438144,-0.003816366195678711,-0.004377603530883789,0.27873486,0.2902615
0.58234763,0.5855315,0.8890168,0.2788623,0.30348533,0.30666918,-0.11264598369598389,-0.11428284645080566,0.26867753,0.27111638,-0.0037230253219604492,-0.004617452621459961,0.28052557,0.28086442
0.58071566,0.57689095,0.88896775,0.26863885,0.3120768,0.3082521,-0.11979019641876221,-0.12948238849639893,0.28964043,0.25608766,-0.004741668701171875,-0.00465846061706543,0.29822975,0.27986765
0.5768606,0.5818081,0.8902618,0.26840693,0.30845368,0.31340116,-0.1070173978805542,-0.10813701152801514,0.25948298,0.28645647,-0.003950953483581543,-0.004034280776977539,0.28050613,0.29330564
0.57621527,0.58232313,0.8913332,0.26720512,0.30901015,0.315118,-0.09420144557952881,-0.09838080406188965,0.27723467,0.28066862,-0.004104495048522949,-0.0037794113159179688,0.28456432,0.2856592
0.5840113,0.5799657,0.8889598,0.2750172,0.3089941,0.3049485,-0.12124836444854736,-0.11590015888214111,0.26353985,0.26868653,-0.004214763641357422,-0.00444948673248291,0.28272212,0.28151184
0.5858755,0.5801264,0.8919249,0.274077,0.3117985,0.3060494,-0.1047813892364502,-0.12243092060089111,0.25984168,0.26388848,-0.004025936126708984,-0.00396275520324707,0.28285474,0.282117
0.587219,0.57481015,0.88960683,0.2724223,0.3147967,0.30238783,-0.10868644714355469,-0.10786426067352295,0.2701375,0.25738758,-0.004423260688781738,-0.003927111625671387,0.2838902,0.27019423
0.5824443,0.5738687,0.8882542,0.26805872,0.3143856,0.30580997,-0.13499736785888672,-0.10859298706054688,0.27570868,0.24257821,-0.004377126693725586,-0.004312753677368164,0.29149383,0.26817662
0.58070767,0.5830889,0.8920396,0.27175695,0.30895072,0.31133193,-0.11183285713195801,-0.11977744102478027,0.27855033,0.29063463,-0.004449248313903809,-0.005084037780761719,0.29205608,0.2932198
0.5852586,0.581502,0.89170074,0.27505994,0.31019866,0.30644208,-0.10514020919799805,-0.11149334907531738,0.27625698,0.27098465,-0.004385471343994141,-0.004226207733154297,0.28299582,0.28267246
0.57981634,0.57604694,0.88861096,0.26725233,0.31256402,0.30879462,-0.11694025993347168,-0.13800132274627686,0.26274472,0.26296824,-0.0045021772384643555,-0.004528403282165527,0.28407174,0.2767353
0.587989,0.5772544,0.8902317,0.27501166,0.3129773,0.30224276,-0.10936403274536133,-0.1274101734161377,0.27691865,0.27964628,-0.004484891891479492,-0.004914522171020508,0.29067206,0.2875958
0.5858805,0.58562636,0.8904137,0.28109318,0.30478734,0.30453318,-0.12069356441497803,-0.12878406047821045,0.27957404,0.28988802,-0.004361629486083984,-0.004503607749938965,0.2873745,0.28871036
0.57414967,0.57890767,0.8890664,0.26399094,0.31015873,0.31491673,-0.12531733512878418,-0.12836682796478271,0.25611466,0.25367075,-0.004380345344543457,-0.003950953483581543,0.2788571,0.279952
0.57955664,0.5896622,0.8914768,0.27774197,0.30181468,0.31192023,-0.12291061878204346,-0.10925745964050293,0.25215244,0.2766897,-0.004625201225280762,-0.004125475883483887,0.2758059,0.29025573
0.58414304,0.5817988,0.8903547,0.27558714,0.3085559,0.30621165,-0.11221694946289062,-0.1179659366607666,0.29497778,0.3019731,-0.00489044189453125,-0.004127979278564453,0.2962876,0.2953785
0.5742898,0.581972,0.889367,0.26689482,0.30739498,0.3150772,-0.12870752811431885,-0.08987748622894287,0.25961506,0.2818613,-0.004420042037963867,-0.003959774971008301,0.27507877,0.28919244
0.5811942,0.5776763,0.8907449,0.26812553,0.3130687,0.30955076,-0.10785222053527832,-0.10627639293670654,0.27227384,0.26757026,-0.0035305023193359375,-0.004297375679016113,0.28442556,0.28769356
0.5819013,0.5860691,0.8909929,0.27697754,0.30492377,0.30909157,-0.095009446144104,-0.1007997989654541,0.26846242,0.29834074,-0.003348112106323242,-0.004545331001281738,0.27995712,0.29907227
0.5656972,0.5732553,0.88605225,0.25290024,0.31279695,0.32035506,-0.1163872480392456,-0.10625219345092773,0.24170625,0.2511474,-0.004023075103759766,-0.004032135009765625,0.26864254,0.2774287
0.58443904,0.5790899,0.88970816,0.27382076,0.31061828,0.30526912,-0.1129845380783081,-0.10908997058868408,0.28036755,0.28993475,-0.004094481468200684,-0.003964781761169434,0.29017395,0.2868607
0.58381724,0.5829864,0.889463,0.2773406,0.30647665,0.30564582,-0.11501765251159668,-0.12310028076171875,0.27619767,0.2669888,-0.0051729679107666016,-0.004628539085388184,0.28659874,0.28109026
0.58435696,0.57438827,0.8880163,0.270729,0.31362796,0.30365926,-0.1152806282043457,-0.11005043983459473,0.2637946,0.25783896,-0.0040493011474609375,-0.004087924957275391,0.28670907,0.27764243
0.5855869,0.5877363,0.8906964,0.28262675,0.30296016,0.30510956,-0.12314724922180176,-0.13195538520812988,0.27098417,0.2934327,-0.0045528411865234375,-0.004741311073303223,0.28519702,0.28859717
0.578068,0.5776621,0.8895964,0.26613373,0.3119343,0.31152838,-0.1232994794845581,-0.09665036201477051,0.26296484,0.2608412,-0.00462651252746582,-0.003926634788513184,0.28034335,0.2819637
0.58247817,0.58406055,0.88869226,0.27784646,0.3046317,0.3062141,-0.11904776096343994,-0.10663712024688721,0.27431667,0.27747744,-0.004098415374755859,-0.004124641418457031,0.2853018,0.28691262
0.5810846,0.5832428,0.8916844,0.27264297,0.30844164,0.3105998,-0.11470794677734375,-0.1307741403579712,0.28085,0.2739904,-0.004219174385070801,-0.005902290344238281,0.29007334,0.28454745
0.5863034,0.58172905,0.89093906,0.27709335,0.30921006,0.3046357,-0.11550664901733398,-0.10945475101470947,0.28294724,0.28481126,-0.004779934883117676,-0.003999590873718262,0.29282242,0.2886656
0.5811012,0.57781744,0.88845026,0.27046835,0.31063282,0.3073491,-0.12239372730255127,-0.11811196804046631,0.27794278,0.26775235,-0.004048347473144531,-0.0038385391235351562,0.2858184,0.28148794
0.58104616,0.590379,0.8923705,0.27905458,0.30199158,0.31132442,-0.10759687423706055,-0.12189126014709473,0.28296155,0.30104762,-0.003989219665527344,-0.004482150077819824,0.2897613,0.2984879
0.58138835,0.57895255,0.88671637,0.27362454,0.30776381,0.305328,-0.1346834897994995,-0.12732255458831787,0.27700484,0.2631389,-0.004590153694152832,-0.00527644157409668,0.2863959,0.28092146
0.5774826,0.5792707,0.88941866,0.26733464,0.31014794,0.31193608,-0.13088595867156982,-0.10128068923950195,0.2824232,0.2708776,-0.004913926124572754,-0.0035849809646606445,0.29277998,0.2894196
0.58738786,0.5734806,0.8901204,0.27074802,0.31663984,0.3027326,-0.11888206005096436,-0.11917304992675781,0.28006887,0.25022817,-0.003994345664978027,-0.0054999589920043945,0.29079753,0.2744195
0.57909244,0.57649076,0.88811046,0.26747268,0.31161976,0.30901808,-0.12236285209655762,-0.10993540287017822,0.2586159,0.2666062,-0.0042188167572021484,-0.004301548004150391,0.2808727,0.2847258
0.5665043,0.57538974,0.88554597,0.25634813,0.31015617,0.3190416,-0.10747051239013672,-0.12027144432067871,0.23654372,0.27331865,-0.004312634468078613,-0.004225015640258789,0.26925492,0.2914294
0.5860224,0.5802058,0.8909335,0.27529466,0.31072772,0.30491114,-0.11506795883178711,-0.11840379238128662,0.28941274,0.25826466,-0.0043070316314697266,-0.004835844039916992,0.2979051,0.28027993
0.5821474,0.57680595,0.8882278,0.2707256,0.3114218,0.30608034,-0.10949063301086426,-0.11355853080749512,0.26099557,0.26445776,-0.0042542219161987305,-0.0042275190353393555,0.28637743,0.28177303
0.5845394,0.5859644,0.89164716,0.2788567,0.30568272,0.3071077,-0.11310076713562012,-0.11758935451507568,0.2822857,0.24831772,-0.004231452941894531,-0.004201531410217285,0.29076266,0.27496743
0.5807396,0.59050834,0.890751,0.28049695,0.30024266,0.3100114,-0.11880922317504883,-0.10053038597106934,0.28384584,0.28940237,-0.004307985305786133,-0.00379180908203125,0.29033703,0.29535306
0.5933818,0.5734396,0.8906049,0.27621657,0.31716526,0.29722303,-0.10733246803283691,-0.11671578884124756,0.2692184,0.26317966,-0.004165172576904297,-0.004147768020629883,0.29105002,0.2803073
0.5801152,0.586866,0.891925,0.27505624,0.30505896,0.31180978,-0.11060380935668945,-0.10760271549224854,0.2818374,0.27930218,-0.003949522972106934,-0.004474163055419922,0.2861964,0.29119372
0.57724977,0.57721627,0.8896479,0.26481813,0.31243163,0.31239814,-0.12027108669281006,-0.12629425525665283,0.28001964,0.27585065,-0.004303932189941406,-0.004850864410400391,0.287179,0.2883938
0.590393,0.5824261,0.8923829,0.28043622,0.3099568,0.30198985,-0.09929680824279785,-0.10459887981414795,0.27136672,0.25809163,-0.004029035568237305,-0.003951072692871094,0.28594166,0.2761159
0.57484484,0.5831908,0.88881207,0.26922357,0.30562127,0.31396723,-0.12313246726989746,-0.11301171779632568,0.27751428,0.28834593,-0.004639744758605957,-0.0038967132568359375,0.28506625,0.293301
0.5798109,0.5778932,0.8903481,0.26735604,0.31245488,0.31053716,-0.1197437047958374,-0.11031103134155273,0.26954234,0.2661541,-0.0041849613189697266,-0.003596782684326172,0.28593636,0.28324872
0.5779153,0.58187354,0.8883241,0.27146477,0.30645055,0.31040877,-0.11037111282348633,-0.12476301193237305,0.2520272,0.26851028,-0.003939986228942871,-0.00430905818939209,0.27339804,0.2837429
0.5815115,0.57632875,0.88829094,0.2695493,0.3119622,0.30677944,-0.11199450492858887,-0.1147991418838501,0.2734483,0.27400452,-0.0052100419998168945,-0.00416874885559082,0.29029095,0.28835255
0.5914278,0.57842386,0.890126,0.27972567,0.31170213,0.2986982,-0.10755288600921631,-0.12012660503387451,0.27727276,0.27236497,-0.0034772157669067383,-0.0039370059967041016,0.29003698,0.27502817
0.5762489,0.5817416,0.8904189,0.26757157,0.30867732,0.31417,-0.11087393760681152,-0.11262631416320801,0.24626982,0.25558567,-0.00418245792388916,-0.0043250322341918945,0.2816968,0.28222215
0.5728886,0.5772873,0.8870037,0.2631722,0.3097164,0.3141151,-0.12144351005554199,-0.1245276927947998,0.2471497,0.25623232,-0.003997802734375,-0.004710555076599121,0.27777696,0.28329158
0.57901627,0.5856697,0.8905974,0.27408856,0.3049277,0.31158113,-0.13358700275421143,-0.10789740085601807,0.26665056,0.2682485,-0.004593610763549805,-0.004154562950134277,0.2847904,0.28707337
0.5901438,0.56692827,0.8886684,0.26840365,0.32174015,0.29852462,-0.12306845188140869,-0.1119997501373291,0.27170712,0.22779989,-0.003917813301086426,-0.0043947696685791016,0.29844993,0.2639736
0.58403194,0.57861316,0.88864946,0.27399564,0.3100363,0.30461752,-0.11076521873474121,-0.1063997745513916,0.28151172,0.29464668,-0.004073500633239746,-0.0038657188415527344,0.2889771,0.2927155
0.57856894,0.5797826,0.89119345,0.2671581,0.31141084,0.3126245,-0.11434030532836914,-0.11521875858306885,0.26457554,0.28071523,-0.004416942596435547,-0.004254460334777832,0.2804935,0.29122013
0.5836397,0.5825187,0.89156866,0.27458978,0.3090499,0.30792892,-0.12355589866638184,-0.1142808198928833,0.2781266,0.30396402,-0.0044165849685668945,-0.004571676254272461,0.28790414,0.2985698
0.5830091,0.5826274,0.8917777,0.27385885,0.30915028,0.30876857,-0.09791755676269531,-0.13052105903625488,0.26593035,0.27588415,-0.004139900207519531,-0.004801034927368164,0.2842012,0.29106683
0.57679343,0.5795158,0.8892177,0.26709157,0.30970186,0.31242424,-0.11617672443389893,-0.10546755790710449,0.25069082,0.27705193,-0.004329562187194824,-0.004422664642333984,0.27914053,0.28609937
0.5849601,0.5799403,0.88934135,0.27555907,0.30940104,0.30438125,-0.10202860832214355,-0.11582541465759277,0.26903218,0.27046567,-0.004636526107788086,-0.005098581314086914,0.28179187,0.28273535
0.58185947,0.5821928,0.88992965,0.2741226,0.30773687,0.30807018,-0.10815095901489258,-0.10896825790405273,0.2856362,0.25025672,-0.004486083984375,-0.0041539669036865234,0.2885841,0.28150344
0.5822731,0.5840153,0.8903817,0.27590668,0.30636644,0.30810863,-0.10863196849822998,-0.11630129814147949,0.26878506,0.28824878,-0.004329085350036621,-0.00456547737121582,0.28413272,0.2958005
0.58756506,0.5786482,0.8920837,0.27412957,0.3134355,0.30451864,-0.12083196640014648,-0.12342631816864014,0.2922995,0.28063732,-0.004336118698120117,-0.00443422794342041,0.29718077,0.28394336
0.58786213,0.5778924,0.89060533,0.27514923,0.3127129,0.3027432,-0.13854360580444336,-0.12251937389373779,0.27439594,0.27340037,-0.005069851875305176,-0.004743695259094238,0.2912506,0.28746557
0.58659834,0.57527494,0.8889784,0.27289492,0.31370342,0.30238003,-0.11379289627075195,-0.09379708766937256,0.28162098,0.25296146,-0.004542946815490723,-0.0033887624740600586,0.29608732,0.2748798
0.5821611,0.5781673,0.8879866,0.2723418,0.30981934,0.30582553,-0.11778914928436279,-0.10495758056640625,0.26860148,0.27408087,-0.00431215763092041,-0.004163861274719238,0.28541714,0.28190458
0.5856553,0.5814716,0.89070916,0.27641773,0.30923754,0.3050539,-0.11764955520629883,-0.11227929592132568,0.27339447,0.25905418,-0.00459742546081543,-0.004385590553283691,0.28909522,0.28459656
0.5813927,0.58235765,0.8891535,0.27459693,0.30679578,0.30776072,-0.10870528221130371,-0.11136341094970703,0.26090223,0.25670213,-0.003592967987060547,-0.004454612731933594,0.28083903,0.2809469
0.5811292,0.57484627,0.88826156,0.2677139,0.3134153,0.30713236,-0.12088429927825928,-0.12045788764953613,0.26304746,0.25638884,-0.0037300586700439453,-0.0040760040283203125,0.28012478,0.28050238
0.57909036,0.58403367,0.88957566,0.27354842,0.30554193,0.31048524,-0.11718058586120605,-0.10899603366851807,0.25889456,0.25761098,-0.00397491455078125,-0.004688382148742676,0.27928185,0.28317988
0.57424027,0.5854633,0.8902695,0.26943398,0.3048063,0.3160293,-0.12140476703643799,-0.12048077583312988,0.27227163,0.26532334,-0.005083799362182617,-0.004568576812744141,0.28200322,0.28478813
0.57614744,0.5799235,0.88833314,0.2677378,0.30840963,0.3121857,-0.1009063720703125,-0.10662007331848145,0.27332264,0.28604674,-0.0036470890045166016,-0.004437923431396484,0.28676897,0.28586406
0.5804084,0.5849244,0.8906226,0.27471018,0.30569822,0.31021422,-0.12218201160430908,-0.11243665218353271,0.2547707,0.27982086,-0.0038077831268310547,-0.004552125930786133,0.278857,0.28926343
0.58205336,0.58144665,0.8898288,0.27367127,0.3083821,0.30777538,-0.12370061874389648,-0.12446475028991699,0.28528726,0.27475232,-0.0042073726654052734,-0.004879474639892578,0.29078954,0.28598213
0.5852191,0.57646954,0.8890115,0.27267706,0.31254202,0.30379248,-0.11560666561126709,-0.10793685913085938,0.2786947,0.25953627,-0.004236340522766113,-0.003899812698364258,0.29110932,0.27663535
0.5862155,0.5854026,0.89009696,0.28152114,0.30469435,0.30388147,-0.1201249361038208,-0.11819708347320557,0.27421165,0.29004973,-0.003787517547607422,-0.004441380500793457,0.2878415,0.28504586
0.5859287,0.58102167,0.8920083,0.27494204,0.31098664,0.30607963,-0.11431610584259033,-0.12524902820587158,0.27623332,0.28284246,-0.005042433738708496,-0.004701495170593262,0.28966755,0.28281903
0.58412385,0.5857712,0.8891858,0.28070927,0.30341458,0.30506194,-0.12409079074859619,-0.1228480339050293,0.2733118,0.2801215,-0.004810929298400879,-0.0042563676834106445,0.2881649,0.28602034
0.5799331,0.5875806,0.8872784,0.28023535,0.29969776,0.30734527,-0.11801445484161377,-0.12245416641235352,0.28017175,0.26094216,-0.004980802536010742,-0.003938555717468262,0.2846501,0.27944332
0.5824418,0.5789995,0.891588,0.26985335,0.31258845,0.30914617,-0.12967157363891602,-0.1253495216369629,0.2703759,0.24998069,-0.004876852035522461,-0.005215287208557129,0.28476983,0.27877706
0.5869473,0.5804044,0.8900098,0.2773419,0.30960542,0.3030625,-0.09699141979217529,-0.13186335563659668,0.28914857,0.2789803,-0.003596067428588867,-0.005122065544128418,0.29384285,0.28777987
0.58735687,0.57991433,0.8908382,0.27643293,0.31092393,0.3034814,-0.1238480806350708,-0.12501800060272217,0.2803294,0.25231755,-0.004569530487060547,-0.0038754940032958984,0.29089963,0.27524436
0.57912993,0.57785666,0.8886973,0.26828927,0.31084067,0.3095674,-0.11445295810699463,-0.13057374954223633,0.27611995,0.25577927,-0.0049065351486206055,-0.005329728126525879,0.28919196,0.28286415
0.5748768,0.5797435,0.88994783,0.26467246,0.31020433,0.31507105,-0.10341835021972656,-0.12766623497009277,0.26777786,0.27043217,-0.004097342491149902,-0.004131793975830078,0.28479367,0.2891876
0.5801052,0.5765908,0.8899758,0.26672018,0.313385,0.3098706,-0.11738431453704834,-0.1222914457321167,0.2461763,0.2473858,-0.004185318946838379,-0.003998398780822754,0.27421105,0.2771706
0.5788642,0.5835201,0.890136,0.27224827,0.30661595,0.31127185,-0.11683285236358643,-0.11245155334472656,0.25820458,0.28471887,-0.005443096160888672,-0.004166722297668457,0.27822804,0.2890944
0.58153516,0.58001614,0.88952655,0.2720247,0.30951047,0.30799145,-0.1201554536819458,-0.11491012573242188,0.27673382,0.2784202,-0.0041234493255615234,-0.004405856132507324,0.2883023,0.29202121
0.5831584,0.57840073,0.89108586,0.27047324,0.31268513,0.3079275,-0.11587238311767578,-0.12143290042877197,0.26296735,0.25752586,-0.003843545913696289,-0.004700779914855957,0.2863351,0.27747488
0.5797782,0.58224285,0.8877655,0.2742555,0.30552268,0.30798733,-0.12374556064605713,-0.11661779880523682,0.2805217,0.26934963,-0.004554629325866699,-0.004115700721740723,0.28822583,0.2840231
0.5827992,0.5774639,0.88981265,0.2704504,0.31234878,0.3070135,-0.11355757713317871,-0.11601507663726807,0.27945375,0.2656033,-0.003888726234436035,-0.004321098327636719,0.2933886,0.2797222
0.5788944,0.5796963,0.88948923,0.26910144,0.30979294,0.31059486,-0.11851358413696289,-0.122406005859375,0.27407533,0.26901639,-0.004398822784423828,-0.004848837852478027,0.28588617,0.29023433
0.57701445,0.5848025,0.8906126,0.27120435,0.3058101,0.31359816,-0.1220923662185669,-0.11469948291778564,0.2837562,0.3046702,-0.004507541656494141,-0.0049457550048828125,0.29179752,0.29771107
0.5834254,0.5849115,0.89001906,0.2783178,0.3051076,0.30659372,-0.12260937690734863,-0.12463057041168213,0.29215282,0.26578766,-0.0050160884857177734,-0.0056580305099487305,0.28911954,0.28195125
0.574017,0.5899335,0.8915375,0.27241296,0.30160403,0.31752056,-0.12374293804168701,-0.11399400234222412,0.28012782,0.29245526,-0.004588127136230469,-0.003951668739318848,0.28127325,0.298487
0.57934594,0.57778025,0.8901996,0.2669266,0.31241935,0.31085366,-0.11705756187438965,-0.127632737159729,0.2866797,0.28405946,-0.004374861717224121,-0.0050122737884521484,0.2942053,0.28929567
0.5808832,0.57933307,0.8882846,0.2719317,0.3089515,0.30740136,-0.11069941520690918,-0.11292004585266113,0.2899319,0.2849977,-0.0041342973709106445,-0.004641532897949219,0.28961474,0.2907402
0.57881236,0.5717876,0.8877837,0.26281625,0.3159961,0.30897135,-0.12716352939605713,-0.12077498435974121,0.26565963,0.23252583,-0.004831671714782715,-0.004831790924072266,0.28364098,0.2707321
0.5828511,0.5767393,0.89047515,0.26911533,0.31373578,0.30762398,-0.11658036708831787,-0.12198543548583984,0.27866125,0.26191956,-0.004445552825927734,-0.005144000053405762,0.28571337,0.2820813
0.5762683,0.58225644,0.88954014,0.26898462,0.3072837,0.31327182,-0.12411069869995117,-0.1025933027267456,0.27876323,0.28756976,-0.004753589630126953,-0.0032912492752075195,0.28823602,0.2933488
0.5868174,0.58920836,0.89156485,0.2844609,0.30235648,0.30474746,-0.11397135257720947,-0.1142204999923706,0.28419036,0.28404802,-0.0034848451614379883,-0.004873752593994141,0.28924018,0.28765482
0.58143854,0.5808996,0.8915918,0.27074635,0.3106922,0.31015325,-0.11852490901947021,-0.12273597717285156,0.28919137,0.2810849,-0.00484621524810791,-0.004573345184326172,0.29351705,0.2922759
0.5811478,0.58229846,0.8912284,0.2722178,0.30892998,0.31008065,-0.11552238464355469,-0.11895930767059326,0.27380687,0.26939702,-0.0045013427734375,-0.0034568309783935547,0.28907847,0.285015
0.570119,0.5707073,0.88626635,0.25456,0.31555903,0.31614733,-0.11583304405212402,-0.1149681806564331,0.23696518,0.25216377,-0.004317522048950195,-0.004584908485412598,0.26969415,0.28057516
0.57872367,0.57847416,0.88806415,0.2691337,0.30958998,0.30934048,-0.09958148002624512,-0.11262786388397217,0.27547246,0.2586677,-0.0039179325103759766,-0.004484295845031738,0.28627038,0.28073013
0.5863042,0.58019185,0.89119524,0.2753008,0.3110034,0.30489105,-0.1122426986694336,-0.10348141193389893,0.286721,0.26457465,-0.003721952438354492,-0.004106760025024414,0.2918052,0.28154606
0.5816306,0.5720124,0.88831776,0.26532525,0.31630534,0.30668718,-0.12033319473266602,-0.13839435577392578,0.25204402,0.25828165,-0.0048465728759765625,-0.005156993865966797,0.28352463,0.27826065
0.5829746,0.57714593,0.8888335,0.27128696,0.31168765,0.30585897,-0.12142503261566162,-0.11760187149047852,0.2743709,0.27206808,-0.004898786544799805,-0.003957033157348633,0.28828627,0.28017366
0.5813383,0.5806947,0.89089376,0.2711392,0.31019908,0.30955547,-0.11003708839416504,-0.1096726655960083,0.26795888,0.2712124,-0.004905819892883301,-0.0039643049240112305,0.2863229,0.28609222
0.5849662,0.582063,0.88876873,0.2782604,0.30670577,0.3038026,-0.117218017578125,-0.11153519153594971,0.26933485,0.28182274,-0.003907442092895508,-0.004234671592712402,0.28240162,0.28850245
0.585338,0.57980525,0.8891121,0.27603114,0.30930686,0.30377412,-0.11315643787384033,-0.11825883388519287,0.27250975,0.27867448,-0.0041654109954833984,-0.004014849662780762,0.28314823,0.28522146
0.5726335,0.5874225,0.8899168,0.27013922,0.3024943,0.31728327,-0.1112816333770752,-0.11356210708618164,0.26570135,0.28465378,-0.0034203529357910156,-0.0038319826126098633,0.2772509,0.29216224
0.5805212,0.57344127,0.8867502,0.26721227,0.31330895,0.306229,-0.12416136264801025,-0.11702346801757812,0.2542013,0.24483019,-0.004102349281311035,-0.0045479536056518555,0.28115052,0.27258623
0.5742383,0.57818425,0.8884797,0.26394284,0.31029546,0.3142414,-0.12675607204437256,-0.11400806903839111,0.27308148,0.26130724,-0.004438996315002441,-0.0038595199584960938,0.28067803,0.28396016
0.5823301,0.57088375,0.8873744,0.26583946,0.31649065,0.3050443,-0.11134445667266846,-0.10959887504577637,0.24298328,0.25177735,-0.004086136817932129,-0.004378557205200195,0.2798279,0.2716545
0.58284664,0.58469534,0.8883354,0.27920657,0.30364007,0.30548877,-0.10076665878295898,-0.13680100440979004,0.27041942,0.2893551,-0.0037785768508911133,-0.003967761993408203,0.2851808,0.28767246
0.5833159,0.5798013,0.8920668,0.2710504,0.31226552,0.30875093,-0.1089017391204834,-0.10495293140411377,0.2843076,0.28154618,-0.0042955875396728516,-0.0044062137603759766,0.29682422,0.28777426
0.56923056,0.5828791,0.88817704,0.2639326,0.30529797,0.31894654,-0.12195396423339844,-0.11662471294403076,0.26819134,0.28466332,-0.004463553428649902,-0.004141330718994141,0.27867937,0.29507124
0.58044803,0.576915,0.8897545,0.26760858,0.31283945,0.30930644,-0.11853086948394775,-0.12455546855926514,0.27098227,0.27298075,-0.004142165184020996,-0.004737257957458496,0.28662753,0.28707325
0.58149016,0.5760641,0.8913866,0.26616764,0.31532252,0.30989647,-0.12746977806091309,-0.1025310754776001,0.28269768,0.28243,-0.004215240478515625,-0.004290461540222168,0.2899412,0.28934872
0.57870007,0.5861627,0.8888602,0.27600253,0.30269754,0.31016016,-0.11674439907073975,-0.12045753002166748,0.23633003,0.26903152,-0.004620194435119629,-0.004060983657836914,0.26588452,0.2849301
0.578327,0.58215916,0.89066297,0.26982325,0.30850375,0.3123359,-0.1182321310043335,-0.11434078216552734,0.28038734,0.25617367,-0.005048632621765137,-0.00440216064453125,0.28910804,0.28410667
0.57617974,0.5781947,0.8878667,0.2665077,0.30967206,0.311687,-0.11394751071929932,-0.12016952037811279,0.2594881,0.25720525,-0.004224300384521484,-0.0045850276947021484,0.2807163,0.28136033
0.5832922,0.58099425,0.8903122,0.27397418,0.309318,0.30702007,-0.11490154266357422,-0.11810314655303955,0.2814116,0.2580579,-0.004239678382873535,-0.004564762115478516,0.2866875,0.28173536
0.5861151,0.57988596,0.89113057,0.2748705,0.3112446,0.30501544,-0.118927001953125,-0.11534535884857178,0.2786609,0.2722183,-0.004125714302062988,-0.004301548004150391,0.2906484,0.28088254
0.5749327,0.5879278,0.8905284,0.27233213,0.30260056,0.3155957,-0.12736773490905762,-0.12409508228302002,0.27169794,0.2644692,-0.003927111625671387,-0.004466056823730469,0.2818563,0.28545433
0.57961446,0.57935095,0.8893604,0.26960492,0.31000954,0.30974603,-0.10766732692718506,-0.11108016967773438,0.25684798,0.251041,-0.0038518905639648438,-0.004582881927490234,0.2776687,0.27642548
0.5809648,0.58360004,0.889151,0.27541387,0.30555093,0.30818617,-0.1304086446762085,-0.12481927871704102,0.2666477,0.28164726,-0.004472970962524414,-0.004334449768066406,0.27687848,0.28698885
0.57786906,0.58443964,0.8881971,0.27411157,0.3037575,0.31032807,-0.11754560470581055,-0.11809670925140381,0.24615848,0.26678067,-0.004143834114074707,-0.004715323448181152,0.27408946,0.2827794
0.5791645,0.58173037,0.89147896,0.26941592,0.3097486,0.31231445,-0.11001181602478027,-0.10585999488830566,0.26883125,0.28397673,-0.0045937299728393555,-0.004605770111083984,0.2897017,0.2899304
0.5800603,0.58214676,0.8920075,0.2701996,0.3098607,0.31194717,-0.12008512020111084,-0.13205134868621826,0.2696377,0.27717376,-0.004520058631896973,-0.00441586971282959,0.28749716,0.287571
0.5770302,0.5821557,0.8896837,0.26950216,0.30752802,0.31265354,-0.09831845760345459,-0.12093079090118408,0.26047415,0.2669536,-0.004510998725891113,-0.004148721694946289,0.28154993,0.28775173
0.5866353,0.58128834,0.8915118,0.2764119,0.3102234,0.30487645,-0.10740208625793457,-0.12381017208099365,0.28366947,0.27030814,-0.0042645931243896484,-0.004572868347167969,0.29379362,0.28748214
0.57817996,0.57367253,0.88941455,0.26243794,0.31574202,0.3112346,-0.1375722885131836,-0.10295331478118896,0.25514364,0.26591265,-0.005228161811828613,-0.003551006317138672,0.27489388,0.27673864
0.57406807,0.5779669,0.88810766,0.26392734,0.31014073,0.3140396,-0.12507390975952148,-0.12023782730102539,0.26695627,0.2706141,-0.004096388816833496,-0.004209756851196289,0.28351152,0.28279704
0.58305013,0.5860865,0.8910493,0.27808732,0.3049628,0.3079992,-0.10696089267730713,-0.10216617584228516,0.2817911,0.26871985,-0.0035409927368164062,-0.004157662391662598,0.28931677,0.2869382
0.5826125,0.57965314,0.89070886,0.2715568,0.31105572,0.30809635,-0.12471318244934082,-0.10541439056396484,0.25959396,0.25226122,-0.003804922103881836,-0.0034439563751220703,0.27986264,0.28043252
0.58725595,0.5820936,0.8919311,0.27741843,0.30983752,0.30467516,-0.12071943283081055,-0.11523592472076416,0.27012014,0.28408718,-0.004739642143249512,-0.0044193267822265625,0.2854547,0.29000038
0.5834042,0.57676613,0.8920129,0.26815742,0.31524676,0.3086087,-0.12960433959960938,-0.1017463207244873,0.28115642,0.2839355,-0.005723714828491211,-0.004140377044677734,0.2974583,0.29077154
0.580552,0.57539773,0.89080596,0.26514375,0.31540823,0.31025398,-0.1299365758895874,-0.10721313953399658,0.27261418,0.27878273,-0.0043010711669921875,-0.004209160804748535,0.28561085,0.28899574
0.5817243,0.5828406,0.89079136,0.2737735,0.3079508,0.30906713,-0.13026976585388184,-0.09900856018066406,0.27545655,0.2842641,-0.004333853721618652,-0.004237174987792969,0.2844718,0.2937873
0.58950603,0.5755526,0.8916563,0.27340233,0.3161037,0.30215025,-0.12789416313171387,-0.12005126476287842,0.27959156,0.26076412,-0.0046683549880981445,-0.004127621650695801,0.29167807,0.280407
0.5875094,0.5795479,0.8901844,0.27687287,0.31063652,0.302675,-0.12950050830841064,-0.12728559970855713,0.28099823,0.27628177,-0.00435638427734375,-0.004289865493774414,0.29185247,0.28357893
0.58283484,0.5842185,0.89239424,0.2746591,0.30817574,0.3095594,-0.1155475378036499,-0.11402559280395508,0.2788607,0.2842123,-0.004607796669006348,-0.004052162170410156,0.2878008,0.29302055
0.5807495,0.57525253,0.8874335,0.26856852,0.312181,0.30668402,-0.11434781551361084,-0.10622084140777588,0.26991415,0.2821502,-0.004498958587646484,-0.004213452339172363,0.28923643,0.28960258
0.57948935,0.5845898,0.8889433,0.27513587,0.30435348,0.3094539,-0.11991405487060547,-0.12180721759796143,0.2781785,0.27732867,-0.003344893455505371,-0.0034961700439453125,0.28150868,0.28853709
0.5880681,0.58166075,0.8925955,0.27713335,0.31093478,0.3045274,-0.10954177379608154,-0.10683202743530273,0.29338884,0.2600578,-0.004377603530883789,-0.004189610481262207,0.29767007,0.2800216
0.573829,0.59064925,0.88819844,0.27627987,0.29754913,0.31436938,-0.09439671039581299,-0.10280370712280273,0.28212374,0.29228663,-0.004166603088378906,-0.0037841796875,0.28475916,0.30056608
0.5842735,0.57173324,0.8893431,0.26666373,0.3176098,0.3050695,-0.10854959487915039,-0.12168169021606445,0.25086653,0.25132787,-0.00417482852935791,-0.005108237266540527,0.27640963,0.27870375
0.5813265,0.57525706,0.889353,0.26723057,0.3140959,0.3080265,-0.11752760410308838,-0.1229712963104248,0.26446342,0.25584787,-0.005394101142883301,-0.004850029945373535,0.28612638,0.27774662
0.5864442,0.5869199,0.89353627,0.2798279,0.3066163,0.307092,-0.1096031665802002,-0.10339665412902832,0.2901662,0.28189534,-0.004582405090332031,-0.004086852073669434,0.28906703,0.28425133
0.58613557,0.5802952,0.8914834,0.2749473,0.31118828,0.30534792,-0.10960054397583008,-0.12835168838500977,0.27594358,0.2681653,-0.004094362258911133,-0.0041588544845581055,0.28931612,0.28209227
0.5748911,0.57137,0.8883315,0.25792962,0.31696147,0.31344038,-0.11033391952514648,-0.12587738037109375,0.2545436,0.25690335,-0.004458785057067871,-0.004880785942077637,0.27915585,0.28107458
0.5831678,0.5743499,0.89167964,0.26583803,0.31732976,0.30851185,-0.13434112071990967,-0.11017346382141113,0.27487266,0.25531238,-0.005151987075805664,-0.004248142242431641,0.29090005,0.28005564
0.5880523,0.5736704,0.89149547,0.2702272,0.31782508,0.3034432,-0.11166524887084961,-0.11496734619140625,0.27217948,0.2839163,-0.004174351692199707,-0.0038889646530151367,0.28586924,0.28184456
0.5876322,0.5807086,0.89053965,0.27780116,0.30983102,0.30290747,-0.10346043109893799,-0.11437869071960449,0.27187824,0.26755697,-0.004123210906982422,-0.004529118537902832,0.28596383,0.28147787
0.5818322,0.5819526,0.8914223,0.27236247,0.3094697,0.3095901,-0.1116952896118164,-0.11218738555908203,0.2635426,0.27033532,-0.0037076473236083984,-0.004221081733703613,0.2853899,0.28767282
0.5782095,0.57941055,0.890853,0.26676708,0.31144243,0.31264347,-0.11047816276550293,-0.10278010368347168,0.27547234,0.28580582,-0.004560947418212891,-0.0035599470138549805,0.29262602,0.29268777
0.5860672,0.57474136,0.88877267,0.2720359,0.3140313,0.30270547,-0.1223832368850708,-0.13426566123962402,0.29792476,0.26462543,-0.004574894905090332,-0.004706978797912598,0.29830408,0.27678376
0.5767858,0.58382785,0.89069384,0.2699198,0.306866,0.31390804,-0.11057579517364502,-0.1046745777130127,0.25847697,0.2510056,-0.0038946866989135742,-0.0039288997650146484,0.28273195,0.27797705
0.5841485,0.5819683,0.88987803,0.2762388,0.30790973,0.3057295,-0.11200296878814697,-0.11974287033081055,0.27905512,0.26315153,-0.004506349563598633,-0.004533648490905762,0.2909155,0.276043
0.5837624,0.5758772,0.8906519,0.26898772,0.3147747,0.30688947,-0.13037538528442383,-0.11277604103088379,0.27219808,0.2579167,-0.004273533821105957,-0.003996133804321289,0.28920043,0.27671158
0.576656,0.57618266,0.8871777,0.265661,0.31099498,0.31052166,-0.10016131401062012,-0.10809290409088135,0.25084543,0.25132662,-0.004126191139221191,-0.004323363304138184,0.28046203,0.27562153
0.57819957,0.5833506,0.89136267,0.2701875,0.30801207,0.3131631,-0.11131429672241211,-0.13464736938476562,0.2592873,0.2630344,-0.004143953323364258,-0.005586862564086914,0.2763785,0.2807114
0.57889193,0.5872289,0.889626,0.27649474,0.3023972,0.31073415,-0.13851654529571533,-0.1073293685913086,0.26520288,0.305485,-0.004492402076721191,-0.004808545112609863,0.2808326,0.3004061
0.5866003,0.57787085,0.8914944,0.27297676,0.31362355,0.3048941,-0.10726797580718994,-0.10113918781280518,0.26454073,0.28883958,-0.003919482231140137,-0.0037659406661987305,0.2856289,0.28777707
0.57409096,0.5911555,0.8899151,0.27533138,0.29875958,0.31582415,-0.10994970798492432,-0.12596344947814941,0.26760125,0.29431546,-0.003820180892944336,-0.004583120346069336,0.2780336,0.29957753
0.58188546,0.57312596,0.8873276,0.2676838,0.31420165,0.30544215,-0.1218036413192749,-0.10586333274841309,0.27949458,0.25679564,-0.004277944564819336,-0.004452943801879883,0.2887252,0.27406293
0.5849861,0.58556104,0.8902022,0.2803449,0.3046412,0.30521613,-0.1288435459136963,-0.13399052619934082,0.29916763,0.28340828,-0.004345297813415527,-0.004913330078125,0.29671937,0.28580695
0.58180773,0.5791657,0.8872138,0.2737596,0.30804813,0.3054061,-0.10542106628417969,-0.11871993541717529,0.26795322,0.26575822,-0.004265546798706055,-0.004688739776611328,0.28415352,0.28069717
0.57505643,0.58600247,0.8886661,0.2723928,0.30266362,0.31360966,-0.12400543689727783,-0.1242607831954956,0.2704684,0.26003373,-0.0042667388916015625,-0.004830718040466309,0.28044796,0.28378808
0.57599485,0.57973754,0.89041555,0.26531684,0.310678,0.3144207,-0.11699533462524414,-0.10748589038848877,0.2551918,0.26967925,-0.0050089359283447266,-0.004414081573486328,0.2750699,0.28643495
0.5779643,0.58108354,0.890118,0.26892984,0.30903447,0.3121537,-0.1349571943283081,-0.10894346237182617,0.25568336,0.2949847,-0.0046482086181640625,-0.004122138023376465,0.27662945,0.29154253
0.58584964,0.5787276,0.89151657,0.27306068,0.31278896,0.30566692,-0.10709142684936523,-0.1216815710067749,0.2934996,0.2629503,-0.004832744598388672,-0.004336833953857422,0.29095066,0.28086084
0.5780175,0.5825708,0.89008,0.2705083,0.30750918,0.3120625,-0.12076735496520996,-0.10268616676330566,0.2668895,0.2640472,-0.0038976669311523438,-0.0038532018661499023,0.28244972,0.28622574
0.57351804,0.5758072,0.88857514,0.26075011,0.31276792,0.3150571,-0.10773932933807373,-0.12403833866119385,0.24638867,0.26657736,-0.004593968391418457,-0.004860997200012207,0.27701026,0.29087353
0.57692516,0.57828534,0.89020264,0.26500785,0.3119173,0.31327748,-0.13194477558135986,-0.11806011199951172,0.25965172,0.27249205,-0.005306243896484375,-0.004362583160400391,0.28271008,0.28347206
0.57678556,0.589177,0.88925785,0.27670473,0.30008084,0.31247228,-0.11673974990844727,-0.1267077922821045,0.2750768,0.28871953,-0.004479885101318359,-0.005265951156616211,0.28206074,0.29553044
0.5814533,0.5760547,0.89072025,0.26678777,0.31466556,0.30926692,-0.11675286293029785,-0.1164168119430542,0.2747681,0.26959127,-0.004701972007751465,-0.004445433616638184,0.2916854,0.28618085
0.57902,0.5838055,0.891608,0.27121758,0.30780244,0.31258792,-0.12220656871795654,-0.11400294303894043,0.28606832,0.29161048,-0.004126787185668945,-0.004359722137451172,0.28822452,0.29382372
0.5837698,0.57265186,0.88836026,0.2680614,0.3157084,0.30459046,-0.13472068309783936,-0.1235511302947998,0.26922345,0.2574485,-0.004652261734008789,-0.004319906234741211,0.287539,0.27573234
0.5813781,0.58557487,0.88950276,0.2774502,0.3039279,0.30812466,-0.1187281608581543,-0.12665951251983643,0.276568,0.25085574,-0.004691362380981445,-0.0044258832931518555,0.28435582,0.27832192
0.5808407,0.5854659,0.8874874,0.2788192,0.3020215,0.3066467,-0.1195610761642456,-0.1271049976348877,0.27216244,0.2822225,-0.004474043846130371,-0.0041092634201049805,0.28328282,0.28985995
0.57750833,0.5826956,0.88913935,0.27106458,0.30644375,0.31163102,-0.11874997615814209,-0.12456130981445312,0.26792574,0.2741288,-0.004556179046630859,-0.003622889518737793,0.27947468,0.28232217
0.58743894,0.57537335,0.88865703,0.2741552,0.31328374,0.30121815,-0.1080700159072876,-0.11986756324768066,0.29076445,0.2803949,-0.004356265068054199,-0.004012703895568848,0.29709893,0.28652745
0.57626295,0.5746465,0.88945264,0.2614568,0.31480616,0.3131897,-0.12035512924194336,-0.11687827110290527,0.29013568,0.262699,-0.00453341007232666,-0.004327654838562012,0.29356766,0.2792397
0.57976866,0.57600045,0.89128685,0.26448226,0.3152864,0.3115182,-0.1295313835144043,-0.11818230152130127,0.26154286,0.25828594,-0.004633188247680664,-0.004297137260437012,0.28653026,0.28148377
0.5811601,0.5764049,0.889647,0.2679181,0.31324202,0.30848682,-0.10544919967651367,-0.11888694763183594,0.25709838,0.2655192,-0.0036253929138183594,-0.004702568054199219,0.28405666,0.28555256
0.5905956,0.5740033,0.8897146,0.27488434,0.31571126,0.29911894,-0.11231231689453125,-0.1116253137588501,0.27547187,0.26183426,-0.0037240982055664062,-0.0045577287673950195,0.29255283,0.27394217
0.5820885,0.5803968,0.89128226,0.27120298,0.3108855,0.3091938,,,0.27545786,0.26865768,,,0.28849214,0.2831055
0.59645635,0.5793634,0.8935412,0.28227854,0.3141778,0.29708487,,,0.29806846,0.29260987,,,0.2983427,0.29081243
0.578699,0.5846,0.8886682,0.27463078,0.3040682,0.3099692,,,0.27127343,0.26441193,,,0.28442413,0.28541458
0.58283234,0.58030874,0.893328,0.269813,0.31301934,0.31049573,,,0.2877884,0.27380812,,,0.2908631,0.28827906
0.5825925,0.5749935,0.88734996,0.27023602,0.31235647,0.30475748,,,0.2531408,0.25242066,,,0.2746213,0.27146596
0.57227474,0.57942486,0.88928854,0.262411,0.30986375,0.31701386,,,0.2540589,0.27622938,,,0.27150548,0.28736776
0.57613885,0.57394904,0.8874117,0.26267612,0.31346273,0.31127292,,,0.24087405,0.27859825,,,0.27654815,0.28742063
0.5773748,0.5862095,0.8881158,0.2754684,0.3019064,0.31074107,,,0.28512895,0.2928813,,,0.2870496,0.29683447
0.584269,0.58228385,0.8906608,0.27589196,0.30837703,0.3063919,,,0.26562107,0.27170473,,,0.2814154,0.28391296
0.5780288,0.5826844,0.88905597,0.27165723,0.30637157,0.31102717,,,0.28117114,0.2734568,,,0.28477508,0.28346282
0.58684427,0.58262074,0.8910856,0.27837944,0.30846483,0.3042413,,,0.27966863,0.2867369,,,0.28707933,0.28990906
0.5869617,0.5773996,0.8889624,0.27539885,0.31156284,0.30200076,,,0.28702372,0.2551793,,,0.2942441,0.27390116
0.58559316,0.5737822,0.88861686,0.27075857,0.3148346,0.30302364,,,0.28023046,0.2634474,,,0.29406923,0.27687114
0.5812694,0.58017945,0.89020216,0.27124667,0.3100227,0.30893278,,,0.2529375,0.26340473,,,0.2756346,0.28053516
0.57833064,0.5764415,0.8894208,0.26535136,0.31297928,0.31109017,,,0.26462692,0.25295877,,,0.28961247,0.2850709
0.5827591,0.58973503,0.89097106,0.2815231,0.30123597,0.30821192,,,0.26961625,0.29042864,,,0.28165352,0.29393095
0.57524323,0.5778576,0.8890105,0.26409036,0.31115288,0.31376725,,,0.25069642,0.25856596,,,0.2757088,0.27702874
0.5767523,0.5787134,0.88937336,0.26609236,0.31065995,0.31262106,,,0.26966625,0.2744273,,,0.28672457,0.290394
0.5721432,0.5841577,0.88948435,0.26681656,0.30532664,0.31734115,,,0.25171924,0.27373976,,,0.26840532,0.2926948
0.57467365,0.5826764,0.8882664,0.26908368,0.30558997,0.31359273,,,0.27066845,0.2818215,,,0.2813059,0.28853548
0.5901139,0.581193,0.8915788,0.27972806,0.31038582,0.30146492,,,0.27610105,0.26955158,,,0.2913612,0.28157252
0.5745678,0.58249235,0.8871436,0.26991653,0.30465126,0.31257582,,,0.27709913,0.28189635,,,0.2850864,0.29748356
0.5771668,0.5810095,0.89032555,0.26785076,0.30931604,0.31315875,,,0.2559811,0.2669723,,,0.2783537,0.28740776
0.5820135,0.57909775,0.88947225,0.271639,0.3103745,0.30745876,,,0.29366046,0.24739021,,,0.2953754,0.27406776
0.5847799,0.58890945,0.89342386,0.2802655,0.3045144,0.30864394,,,0.2784323,0.28458095,,,0.29047292,0.2903304
0.58743,0.5791011,0.8900885,0.2764426,0.3109874,0.3026585,,,0.28387117,0.27172464,,,0.29370952,0.28339577
0.58268476,0.57693434,0.8896514,0.26996768,0.31271708,0.30696666,,,0.27798688,0.26297826,,,0.28937477,0.28613102
0.5767591,0.5829439,0.88758886,0.27211416,0.30464494,0.31082976,,,0.27867138,0.26107854,,,0.28626126,0.2814389
0.58444524,0.5796621,0.89001423,0.2740931,0.31035215,0.305569,,,0.27106535,0.25922805,,,0.2851569,0.27722716
0.58327085,0.5862999,0.8907332,0.2788375,0.30443335,0.3074624,,,0.28092635,0.29469174,,,0.29192,0.2978428
0.5710768,0.580261,0.88853234,0.26280552,0.3082713,0.31745547,,,0.25246727,0.25472212,,,0.2748639,0.28519166
0.5777237,0.5773687,0.8885845,0.26650786,0.31121582,0.3108608,,,0.24623382,0.2579192,,,0.27269548,0.2767477
0.57644975,0.57714015,0.8870736,0.2665164,0.30993336,0.31062376,,,0.26489705,0.25439203,,,0.2824703,0.2770818
0.57360053,0.5811485,0.88633204,0.268417,0.30518353,0.3127315,,,0.24937439,0.2634282,,,0.27298158,0.28607553
0.574869,0.58506906,0.8895216,0.2704165,0.30445248,0.31465256,,,0.24764013,0.26197392,,,0.2701993,0.2846834
0.58379567,0.5785035,0.88922226,0.2730769,0.31071877,0.3054266,,,0.27483857,0.2527545,,,0.28594518,0.27709103
0.5822127,0.5803791,0.889273,0.27331883,0.30889386,0.3070603,,,0.2862177,0.27896792,,,0.285648,0.28634995
0.5842043,0.5824049,0.8954164,0.2711929,0.3130114,0.311212,,,0.28777146,0.281456,,,0.29351175,0.28888583
0.58413625,0.5738591,0.88806695,0.2699284,0.31420785,0.3039307,,,0.26715177,0.25006413,,,0.2832389,0.2696147
0.5824715,0.5704243,0.887407,0.2654888,0.3169827,0.30493551,,,0.26377863,0.25240546,,,0.2856326,0.28071642
0.58238006,0.58310837,0.88992417,0.2755643,0.30681574,0.30754405,,,0.26130068,0.29563433,,,0.28407663,0.2989996
0.57981396,0.5767952,0.88999236,0.26661682,0.31319714,0.3101784,,,0.2739129,0.26898867,,,0.2853558,0.28705025
0.58376515,0.58457106,0.89138466,0.2769515,0.30681366,0.30761957,,,0.28862894,0.2844509,,,0.28890926,0.2844903
0.5859238,0.57834584,0.88912225,0.27514744,0.31077635,0.3031984,,,0.27624202,0.25009012,,,0.2896672,0.27429616
0.5779283,0.58796144,0.890654,0.2752357,0.3026926,0.31272572,,,0.27925336,0.2808426,,,0.2880084,0.29417318
0.57937366,0.57418394,0.8901073,0.26345026,0.3159234,0.31073368,,,0.27054083,0.26598996,,,0.29039443,0.2834881
0.5740785,0.5886121,0.89050573,0.2721849,0.3018936,0.31642717,,,0.2641675,0.2861659,,,0.27787113,0.29326695
0.5825752,0.5823888,0.89054745,0.2744165,0.3081587,0.3079723,,,0.26546204,0.27890968,,,0.27717525,0.28051913
0.58122325,0.5787092,0.89080924,0.26912314,0.3121001,0.30958605,,,0.27974313,0.28891963,,,0.29330885,0.298019
0.5808734,0.5728128,0.88985085,0.26383543,0.317038,0.30897737,,,0.25988203,0.23898435,,,0.2857284,0.27107084
0.57591987,0.5772413,0.8892875,0.2638737,0.31204617,0.3133676,,,0.26244897,0.27511042,,,0.2795692,0.28495586
0.5785266,0.57968557,0.8877867,0.2704255,0.30810112,0.30926007,,,0.25666708,0.254291,,,0.27980137,0.28495038
0.58703816,0.575299,0.88908404,0.27325314,0.31378502,0.30204588,,,0.26471114,0.24866802,,,0.2914467,0.27144814
0.58017576,0.58118117,0.8900687,0.27128822,0.30888754,0.30989295,,,0.27659845,0.27193785,,,0.29117137,0.28554362
0.58060956,0.57711995,0.8878573,0.2698722,0.31073737,0.30724776,,,0.26036304,0.2616349,,,0.28278214,0.28278762
0.5774178,0.57490015,0.8873773,0.26494068,0.3124771,0.30995947,,,0.25494248,0.2728004,,,0.27924758,0.28802186
0.57501656,0.5882218,0.890133,0.27310526,0.3019113,0.31511652,,,0.28707534,0.28545368,,,0.28618848,0.2944759
0.58211505,0.5850245,0.89115256,0.27598697,0.30612808,0.3090375,,,0.26897502,0.27403706,,,0.28011793,0.28406763
0.579208,0.58467937,0.8899553,0.2739321,0.30527592,0.31074727,,,0.29974604,0.28100634,,,0.29317653,0.28885376
0.58136165,0.5771804,0.8899269,0.26861513,0.31274652,0.30856526,,,0.26821387,0.27160847,,,0.2853868,0.27888167
0.58307934,0.5807264,0.89027375,0.27353197,0.30954736,0.3071944,,,0.26818103,0.27762526,,,0.2833802,0.28521663
0.5895112,0.5830507,0.8887595,0.2838024,0.30570883,0.29924834,,,0.27471876,0.2839049,,,0.28686714,0.28942424
0.58152527,0.5833595,0.8886824,0.27620238,0.3053229,0.3071571,,,0.2673701,0.26280338,,,0.28986502,0.28251517
0.58134675,0.5805706,0.8900407,0.27187663,0.30947012,0.30869395,,,0.25179166,0.26761597,,,0.27652848,0.28268814
0.57676494,0.5817998,0.8931668,0.26539803,0.31136692,0.31640178,,,0.25597078,0.26242673,,,0.27558857,0.28345674
0.5779549,0.57677877,0.89012074,0.2646129,0.31334198,0.31216586,,,0.27959722,0.2880131,,,0.28974944,0.29188043
0.5845094,0.5755441,0.8891843,0.2708692,0.31364018,0.30467492,,,0.28343922,0.26311022,,,0.29834962,0.27730334
0.5814543,0.5804169,0.8923295,0.26954168,0.3119126,0.31087524,,,0.28624684,0.27459806,,,0.29310107,0.2889048
0.58422303,0.57554364,0.8900542,0.26971245,0.31451058,0.3058312,,,0.2760709,0.2704844,,,0.29289395,0.28877336
0.57876587,0.5920665,0.89245594,0.27837646,0.3003894,0.31369007,,,0.27945095,0.2895044,,,0.28517622,0.29977798
0.56901467,0.5814197,0.8891829,0.26125145,0.30776322,0.32016826,,,0.27557456,0.2700054,,,0.28499222,0.2909826
0.58204645,0.5746806,0.88907355,0.26765352,0.31439292,0.3070271,,,0.29047865,0.27902383,,,0.29441887,0.28556538
0.57815456,0.5796424,0.88749564,0.27030134,0.30785322,0.30934107,,,0.2610814,0.25907546,,,0.2797538,0.2805161
0.5786792,0.5829159,0.8902887,0.2713064,0.3073728,0.3116095,,,0.27602214,0.27892232,,,0.2847631,0.2852615
0.5788418,0.5840271,0.8890558,0.2738132,0.30502862,0.31021392,,,0.28160524,0.26861203,,,0.28564888,0.2891112
0.58028483,0.5693093,0.8886848,0.26090926,0.31937557,0.30840003,,,0.26062846,0.27766472,,,0.28731567,0.28611308
0.584445,0.58437717,0.89017606,0.2786461,0.3057989,0.30573106,,,0.28174502,0.27835107,,,0.28938752,0.2891664
0.58465886,0.58157575,0.887466,0.2787686,0.30589026,0.30280715,,,0.26931143,0.2781604,,,0.27994895,0.28370267
0.5799172,0.58070004,0.8900073,0.27060992,0.30930728,0.31009012,,,0.2595058,0.28259438,,,0.28404802,0.2878207
0.58160627,0.57549727,0.88969153,0.267412,0.31419426,0.30808526,,,0.26628178,0.27766114,,,0.28646946,0.29022384
0.5746309,0.58284616,0.8892419,0.26823527,0.30639565,0.3146109,,,0.2628249,0.28182155,,,0.27398562,0.2911768
0.5790101,0.5782773,0.88915086,0.2681365,0.31087363,0.3101408,,,0.28269583,0.28170455,,,0.28767192,0.28906387
0.57996416,0.5734134,0.8910028,0.26237476,0.3175894,0.3110386,,,0.26633948,0.26893473,,,0.2824154,0.28254437
0.5840044,0.58542454,0.8925688,0.27686012,0.30714428,0.30856442,,,0.28537202,0.27657306,,,0.288351,0.29212058
0.5739014,0.58203435,0.88818884,0.26774693,0.3061545,0.31428742,,,0.2624098,0.2821676,,,0.27388155,0.2941671
0.58308196,0.580512,0.89218676,0.27140725,0.3116747,0.30910474,,,0.28549308,0.29188055,,,0.29493725,0.29251957
0.58301,0.5842011,0.8908675,0.27634358,0.30666643,0.3078575,,,0.26967937,0.28813058,,,0.28815472,0.29091758
0.584893,0.57615083,0.8913207,0.26972318,0.3151698,0.30642766,,,0.27440268,0.23387396,,,0.2903881,0.26598942
0.5840297,0.57144576,0.8919281,0.2635473,0.32048237,0.30789846,,,0.27938074,0.26938945,,,0.292983,0.282717
0.5804603,0.56995714,0.8865622,0.26385522,0.3166051,0.30610192,,,0.27910054,0.27259266,,,0.28636485,0.28303647
0.5859803,0.5884,0.8895943,0.284786,0.3011943,0.30361402,,,0.2625168,0.28962624,,,0.27599865,0.28919286
0.5755005,0.57621807,0.88868624,0.26303238,0.3124681,0.3131857,,,0.28591824,0.2815776,,,0.28741246,0.29337865
0.5816459,0.57874334,0.8885303,0.27185887,0.30978703,0.30688447,,,0.2635578,0.26143545,,,0.28410923,0.28282672
0.58309937,0.58055806,0.89002913,0.2736283,0.30947107,0.30692977,,,0.29331386,0.2863527,,,0.29221147,0.28790402
0.58018327,0.58397955,0.8914818,0.27268106,0.3075022,0.3112985,,,0.26284575,0.29325068,,,0.27789128,0.29442072
0.57732403,0.5835858,0.89039665,0.27051324,0.3068108,0.31307256,,,0.2625906,0.2740829,,,0.276555,0.2909189
0.58661115,0.5767686,0.88938,0.2739997,0.31261146,0.3027689,,,0.29055852,0.2722603,,,0.28882974,0.27783084
0.5843642,0.57322234,0.8888777,0.26870888,0.3156553,0.30451345,,,0.27415234,0.2713033,,,0.28965002,0.2805708
0.5856705,0.5779406,0.89052016,0.2730909,0.31257957,0.30484968,,,0.27921665,0.26875144,,,0.29016376,0.28224355
0.584995,0.5816022,0.8898984,0.2766987,0.30829626,0.3049035,,,0.29136264,0.2773872,,,0.29109323,0.2847243
0.57987654,0.58768404,0.8889835,0.2785771,0.30129945,0.30910695,,,0.2689137,0.2862531,,,0.2825821,0.2910446
0.58124924,0.57778287,0.8892055,0.2698266,0.31142265,0.30795628,,,0.26335472,0.26920837,,,0.28127986,0.28451806
0.58052385,0.5803597,0.8886318,0.27225173,0.30827212,0.30810797,,,0.26713133,0.26943052,,,0.28498375,0.28001088
0.5766146,0.5813011,0.8878633,0.27005243,0.3065622,0.31124866,,,0.25517756,0.25707382,,,0.27635753,0.27895087
0.583403,0.5776652,0.889595,0.27147323,0.31192976,0.30619198,,,0.27759385,0.26513696,,,0.2892905,0.2783997
0.57614076,0.5729525,0.8867237,0.26236957,0.3137712,0.31058294,,,0.24430966,0.256074,,,0.27923137,0.28384286
0.57687795,0.5825479,0.89203674,0.26738912,0.30948883,0.31515878,,,0.28210294,0.2705844,,,0.29172868,0.28435886
0.5833081,0.57896435,0.8907927,0.27147973,0.31182837,0.30748463,,,0.28209084,0.28327966,,,0.29253495,0.28806323
0.5765892,0.5864649,0.8885396,0.2745145,0.30207473,0.3119504,,,0.27955407,0.2624508,,,0.28624046,0.2893564
0.5807793,0.5846238,0.8906557,0.27474743,0.30603188,0.30987638,,,0.25629914,0.26862794,,,0.27877343,0.28521186
0.5822495,0.5846461,0.89136773,0.2755279,0.30672163,0.3091182,,,0.26876873,0.26393688,,,0.27822608,0.28321868
0.57861644,0.5829778,0.889905,0.27168918,0.30692726,0.3112886,,,0.24965471,0.27026737,,,0.27848524,0.2888729
0.58169055,0.59344447,0.8913021,0.2838329,0.29785764,0.30961156,,,0.27381808,0.28601366,,,0.28405517,0.29298574
0.57753,0.5816536,0.8879571,0.27122653,0.3063035,0.31042707,,,0.26865584,0.27448273,,,0.2795261,0.28584605
0.57341385,0.57949835,0.88820386,0.26470828,0.30870557,0.31479007,,,0.26414776,0.26487482,,,0.2770025,0.28215456
0.584015,0.58098674,0.88887525,0.2761265,0.3078885,0.30486023,,,0.25610316,0.2790187,,,0.27785063,0.28629994
0.5862893,0.5808042,0.89115655,0.27593696,0.31035233,0.30486727,,,0.24526286,0.26214653,,,0.27784407,0.27405566
0.5863321,0.5755565,0.88995576,0.27193284,0.31439924,0.30362368,,,0.29001665,0.27564317,,,0.29733998,0.2893371
0.5818379,0.5765681,0.8898229,0.26858312,0.31325477,0.307985,,,0.26943153,0.24849975,,,0.28912836,0.27457792
0.57617855,0.5819248,0.8892297,0.26887363,0.30730492,0.31305116,,,0.27692282,0.26895517,,,0.2816431,0.28605026
0.578964,0.5783651,0.89035827,0.2669708,0.31199318,0.31139427,,,0.26585853,0.2707343,,,0.2848441,0.28438538
0.5863806,0.58094704,0.89087814,0.2764495,0.3099311,0.30449754,,,0.28100067,0.27609617,,,0.2882288,0.28646016
0.5691525,0.5793102,0.89040834,0.25805432,0.31109816,0.32125586,,,0.28017128,0.27057886,,,0.28870732,0.2905295
0.5873687,0.58242023,0.8903821,0.27940685,0.30796188,0.30301338,,,0.26818514,0.26543683,,,0.2865547,0.28103137
0.57626116,0.5799551,0.88917375,0.26704252,0.30921865,0.31291258,,,0.25163394,0.25585628,,,0.27414513,0.27756852
0.5780854,0.5842227,0.8896211,0.27268702,0.3053984,0.31153566,,,0.27105236,0.27681762,,,0.28708953,0.28874284
0.5778307,0.58245957,0.8896653,0.27062494,0.30720574,0.31183463,,,0.24940294,0.27582246,,,0.27640718,0.28832215
0.5809765,0.5833987,0.8900092,0.27436596,0.30661052,0.30903274,,,0.26934558,0.26875913,,,0.2838319,0.28543133
0.5840565,0.5832534,0.89145494,0.27585495,0.30820155,0.30739844,,,0.27816224,0.30167204,,,0.2886026,0.29928154
0.58782494,0.58488536,0.8924035,0.28030682,0.30751812,0.30457854,,,0.29535067,0.30332625,,,0.2945773,0.29584324
0.5820881,0.5845578,0.8912435,0.27540237,0.30668575,0.3091554,,,0.29043174,0.26269144,,,0.2910533,0.27806354
0.5748869,0.57981503,0.88889116,0.2658108,0.30907613,0.31400424,,,0.26252848,0.27050602,,,0.279077,0.28257245
0.580829,0.5798696,0.89067733,0.27002132,0.3108077,0.3098483,,,0.2783401,0.27872133,,,0.28760296,0.284613
0.57952976,0.5763632,0.8908243,0.26506865,0.3144611,0.31129456,,,0.27170074,0.27837062,,,0.29206544,0.2856744
0.58185244,0.5860386,0.89070845,0.27718258,0.30466986,0.308856,,,0.26975077,0.2663647,,,0.28086585,0.28693026
0.5859208,0.58170915,0.8907184,0.27691156,0.30900925,0.3047976,,,0.2740575,0.28368974,,,0.28855598,0.28932852
0.5789947,0.5866488,0.89203817,0.2736053,0.3053894,0.31304353,,,0.2811677,0.27794647,,,0.28654152,0.28993094
0.57954735,0.5779344,0.8894119,0.26806974,0.3114776,0.30986464,,,0.27515978,0.26993024,,,0.29048127,0.28583586
0.5808308,0.5792451,0.88782036,0.27225554,0.30857527,0.30698955,,,0.27747893,0.27248216,,,0.28142273,0.28480083
0.58176595,0.58224374,0.8889081,0.2751016,0.30666435,0.30714214,,,0.2797436,0.25584745,,,0.28757828,0.2777344
0.5744505,0.57840383,0.8873039,0.26555043,0.30890006,0.3128534,,,0.24394786,0.2668597,,,0.2744317,0.28480393
0.58427715,0.58698416,0.8906685,0.2805928,0.30368435,0.30639136,,,0.2776665,0.28699768,,,0.28844213,0.28674376
0.575392,0.5807693,0.88704735,0.26911396,0.30627805,0.31165534,,,0.25590622,0.26662368,,,0.2790358,0.28945315
0.57637334,0.5758594,0.891958,0.26027477,0.31609857,0.31558466,,,0.26985276,0.293396,,,0.2823807,0.29256457
0.59007883,0.5735308,0.8905134,0.2730962,0.31698263,0.3004346,,,0.27616382,0.25036663,,,0.28854257,0.27114248
0.58218724,0.5813631,0.89073604,0.27281433,0.3093729,0.30854875,,,0.2869078,0.2870682,,,0.29035306,0.29489917
0.5745596,0.5812592,0.89080375,0.26501507,0.30954456,0.31624413,,,0.29257095,0.29727077,,,0.29255015,0.29789692
0.5854037,0.58526015,0.8910214,0.27964246,0.30576122,0.3056177,,,0.29788113,0.28013837,,,0.29655725,0.28494573
0.5813364,0.57720673,0.88873005,0.26981306,0.31152332,0.30739367,,,0.2741831,0.24559963,,,0.28919643,0.27699798
0.5790003,0.59464276,0.8924018,0.2812413,0.297759,0.31340146,,,0.2713443,0.306023,,,0.2781592,0.30006188
0.5786455,0.5744822,0.88656056,0.2665671,0.31207842,0.3079151,,,0.28480488,0.25204033,,,0.29025024,0.27684206
0.58024323,0.58975446,0.8911222,0.27887547,0.30136776,0.310879,,,0.27639306,0.29871523,,,0.28324372,0.29913563
0.5788209,0.57914436,0.89077675,0.26718843,0.31163245,0.31195593,,,0.28221077,0.25687945,,,0.29168564,0.27963078
0.58962846,0.5830264,0.89008546,0.2825694,0.30705905,0.300457,,,0.27695745,0.26808822,,,0.2932034,0.28287578
0.58467543,0.5823276,0.88918597,0.27781707,0.30685836,0.30451053,,,0.27299476,0.27124137,,,0.2871505,0.2821868
0.57917154,0.58052313,0.887035,0.27265966,0.30651188,0.30786347,,,0.28208196,0.26198548,,,0.28141177,0.27894837
0.58035886,0.5836373,0.8902988,0.27369744,0.30666143,0.30993986,,,0.2638467,0.2654922,,,0.278835,0.28645045
0.58322537,0.58787775,0.8916299,0.27947325,0.30375212,0.3084045,,,0.27064365,0.2882396,,,0.28660583,0.29136002
0.5793561,0.57267857,0.8892784,0.26275623,0.31659985,0.30992234,,,0.27399707,0.2790661,,,0.28753328,0.2848593
0.5829561,0.5772615,0.88799083,0.2722267,0.31072938,0.30503482,,,0.28336346,0.2649846,,,0.29483306,0.28255177
0.57587206,0.59074116,0.89186823,0.274745,0.30112708,0.31599617,,,0.27732486,0.29386294,,,0.287099,0.30117816
0.5788514,0.57478434,0.8887525,0.26488322,0.31396818,0.30990112,,,0.27008957,0.23469639,,,0.28153044,0.27258497
0.57168686,0.5834964,0.88862306,0.26656026,0.3051266,0.31693614,,,0.24466401,0.27067298,,,0.27228373,0.28996837
0.57572067,0.58020025,0.8894702,0.26645076,0.3092699,0.3137495,,,0.25827867,0.26524246,,,0.28121674,0.28562832
0.5781532,0.58741295,0.88856626,0.27699995,0.30115324,0.310413,,,0.27130002,0.28920627,,,0.28194463,0.29039425
0.58035696,0.57773656,0.8889872,0.26910627,0.3112507,0.3086303,,,0.26623493,0.25015712,,,0.2866488,0.28270966
0.5799322,0.5779758,0.8893341,0.26857388,0.31135833,0.30940193,,,0.26123112,0.27776432,,,0.2817496,0.28831953
0.5774554,0.5783154,0.88919914,0.26657164,0.31088376,0.31174374,,,0.24556446,0.2732759,,,0.26997024,0.2855358
0.5845765,0.5763502,0.8880229,0.2729038,0.3116727,0.3034464,,,0.26386255,0.27324867,,,0.28538984,0.28621382
0.5897521,0.5850287,0.8915143,0.28326654,0.30648553,0.30176216,,,0.2847308,0.28555328,,,0.29071677,0.2870674
0.579368,0.58850396,0.89217895,0.275693,0.303675,0.31281096,,,0.27274185,0.29190516,,,0.27991033,0.2961635
0.58779645,0.5818683,0.88868743,0.2809773,0.30681914,0.30089098,,,0.27692616,0.27205664,,,0.28650045,0.28377074
0.5782381,0.58060914,0.89050215,0.26834518,0.30989295,0.31226397,,,0.2535038,0.25999904,,,0.28337836,0.28066313
0.569275,0.57893884,0.8886268,0.25958705,0.30968797,0.3193518,,,0.2551753,0.26159358,,,0.27552605,0.28490698
0.57355946,0.570966,0.8884851,0.25604045,0.317519,0.31492555,,,0.25382352,0.2594924,,,0.27965164,0.2854737
0.5852612,0.57773197,0.89086246,0.27213073,0.3131305,0.30560124,,,0.2680962,0.26384783,,,0.28331238,0.27627707
0.58037674,0.58573234,0.89122164,0.27488744,0.3054893,0.3108449,,,0.26404893,0.27942097,,,0.27360862,0.28724718
0.5810938,0.59035414,0.8908848,0.28056318,0.3005306,0.30979097,,,0.27990603,0.28909564,,,0.28921354,0.29917336
0.58728397,0.57951486,0.89231104,0.2744878,0.31279618,0.30502707,,,0.27046454,0.27513838,,,0.2816137,0.28455192
0.5828938,0.58228874,0.89259,0.2725926,0.31030118,0.30969614,,,0.29550546,0.29050857,,,0.29177433,0.288536
0.5778792,0.5817654,0.8890699,0.2705747,0.3073045,0.31119072,,,0.25167596,0.26961613,,,0.28024405,0.28542
0.5764419,0.5829086,0.8892959,0.27005452,0.30638736,0.31285405,,,0.27442056,0.24631804,,,0.28680384,0.27920228
0.58017814,0.5821176,0.8871951,0.2751007,0.30507743,0.3070169,,,0.25187808,0.27017212,,,0.2741651,0.27874094
0.5749185,0.5783737,0.88783365,0.26545852,0.30945998,0.31291515,,,0.24936235,0.27464002,,,0.2765683,0.2875337
0.5737132,0.5748892,0.8887006,0.25990176,0.31381142,0.31498742,,,0.24177265,0.23966181,,,0.26839417,0.26939398
0.5840112,0.583459,0.89172447,0.27574575,0.30826545,0.30771327,,,0.2854222,0.2830627,,,0.2906307,0.29001057
0.5833013,0.5795493,0.8908053,0.2720453,0.311256,0.307504,,,0.28179336,0.277492,,,0.28834432,0.28361952
0.5799747,0.5839561,0.8900124,0.2739185,0.3060562,0.3100376,,,0.27557218,0.2745276,,,0.28565413,0.28835517
0.57317877,0.58244145,0.8890713,0.26654893,0.30662984,0.31589252,,,0.2634433,0.27573878,,,0.28126812,0.29003227
0.5764346,0.5817903,0.88913584,0.2690891,0.3073455,0.31270123,,,0.26797503,0.2597661,,,0.28619486,0.28586996
0.5791754,0.58149374,0.8896936,0.27097547,0.30819994,0.31051826,,,0.25298345,0.27236944,,,0.27717137,0.28669882
0.5843904,0.5813774,0.89043814,0.27532965,0.30906075,0.30604774,,,0.28404897,0.28011012,,,0.28786296,0.28967535
0.5897732,0.5782182,0.8908169,0.27717447,0.3125987,0.30104375,,,0.2964756,0.28553241,,,0.300165,0.28397775
0.5844612,0.5815922,0.8901714,0.275882,0.3085792,0.3057102,,,0.2633937,0.26983356,,,0.28161883,0.28440082
0.584902,0.58849806,0.8916721,0.28172797,0.30317402,0.3067701,,,0.27148175,0.2708302,,,0.28505194,0.28757828
0.5834205,0.5791008,0.89038223,0.27213913,0.31128138,0.30696166,,,0.2763515,0.25653738,,,0.2831213,0.27612233
0.57272375,0.57663834,0.8871003,0.2622618,0.31046194,0.31437653,,,0.25562525,0.26775432,,,0.27955878,0.28496754
0.58077705,0.5766654,0.89022034,0.2672221,0.31355494,0.3094433,,,0.27176666,0.26932663,,,0.2826677,0.2821468
0.5854103,0.57483184,0.8890645,0.2711776,0.3142327,0.30365425,,,0.2666875,0.26659155,,,0.28752655,0.28507733
0.57875025,0.5789176,0.889236,0.2684319,0.31031835,0.31048572,,,0.26536697,0.25951344,,,0.28098214,0.28312492
0.5740485,0.58314407,0.8898684,0.2673242,0.3067243,0.31581986,,,0.26693285,0.261374,,,0.27995795,0.2758885
0.5806016,0.58571404,0.89162016,0.2746954,0.30590618,0.31101865,,,0.2790243,0.28735846,,,0.28850973,0.2926777
0.58046013,0.5863962,0.89053506,0.27632123,0.3041389,0.31007499,,,0.27513564,0.27869385,,,0.28554887,0.2918654
0.5812121,0.5801834,0.891282,0.27011353,0.31109858,0.31006986,,,0.28823483,0.2730412,,,0.29019618,0.2826295
0.5824722,0.58180785,0.8902299,0.27405018,0.30842203,0.30775768,,,0.282507,0.27989167,,,0.28351343,0.28481382
0.5846251,0.5759393,0.8930139,0.26755053,0.3170746,0.30838877,,,0.26367164,0.2515819,,,0.28651744,0.2765901
0.57722646,0.57384706,0.88749945,0.263574,0.31365246,0.31027305,,,0.2752093,0.27250588,,,0.29065764,0.28433245
0.5773369,0.57840616,0.8862462,0.26949692,0.30784,0.30890924,,,0.27145064,0.25902194,,,0.28814512,0.28065675
0.58760166,0.578997,0.89068305,0.27591562,0.31168604,0.3030814,,,0.28075582,0.2814188,,,0.2928475,0.2846154
0.59198475,0.58354384,0.89251095,0.28301758,0.30896717,0.30052626,,,0.31237876,0.28217167,,,0.30417234,0.28482527
0.582518,0.5802012,0.8908216,0.27189767,0.3106203,0.30830353,,,0.27779752,0.26426095,,,0.29177016,0.28234887
0.5778755,0.5752437,0.8881446,0.2649746,0.3129009,0.31026912,,,0.28137922,0.26602203,,,0.2949314,0.2882334
0.57962674,0.580078,0.8897953,0.26990938,0.30971736,0.31016862,,,0.2766726,0.26638967,,,0.28974348,0.28427905
0.57726556,0.58497727,0.8883649,0.27387798,0.30338758,0.3110993,,,0.25327677,0.27586734,,,0.2759729,0.29123402
0.58407307,0.57892025,0.8904018,0.27259153,0.31148154,0.3063287,,,0.27871436,0.27791172,,,0.28902662,0.28504372
0.5845063,0.56965804,0.8885967,0.2655676,0.31893867,0.30409044,,,0.27207917,0.26337427,,,0.29643446,0.28217477
0.5717691,0.5743681,0.88801026,0.25812697,0.31364214,0.31624115,,,0.25242805,0.26246995,,,0.2761563,0.2795968
0.5793528,0.5803532,0.8910928,0.26861322,0.31073958,0.31173998,,,0.26731914,0.26755255,,,0.28336883,0.28651685
0.57692564,0.5852095,0.88972604,0.27240908,0.30451655,0.3128004,,,0.26212096,0.28155863,,,0.2824191,0.29202747
0.5775418,0.5823865,0.8899486,0.26997972,0.3075621,0.31240678,,,0.26538968,0.2716071,,,0.27993822,0.2870043
0.57485646,0.57958513,0.8882013,0.2662403,0.30861616,0.31334484,,,0.26662773,0.25082123,,,0.2794757,0.27665216
0.57409906,0.588812,0.88938797,0.2735231,0.30057597,0.3152889,,,0.24770713,0.2871287,,,0.27171886,0.300399
0.5891327,0.58528215,0.8909338,0.28348106,0.30565166,0.3018011,,,0.25987232,0.2887841,,,0.28042895,0.28854638
0.58302677,0.57829595,0.8889847,0.27233803,0.31068873,0.3059579,,,0.2944011,0.26738,,,0.29406238,0.28353065
0.577906,0.5845072,0.8886594,0.27375382,0.3041522,0.3107534,,,0.26499707,0.26908606,,,0.28159678,0.28595585
0.58357763,0.58526313,0.8899146,0.2789262,0.30465144,0.30633694,,,0.27894878,0.28666157,,,0.28342474,0.29227358
0.5705791,0.57320946,0.88740647,0.2563821,0.314197,0.31682736,,,0.2531972,0.27445018,,,0.27434957,0.28940606
0.5859016,0.57697535,0.8908278,0.2720492,0.31385243,0.30492616,,,0.26707965,0.27540642,,,0.2884503,0.28702366
0.5842349,0.5786783,0.8894934,0.2734198,0.3108151,0.3052585,,,0.2740199,0.26528424,,,0.2809406,0.28159803
0.5775025,0.57809603,0.89079237,0.26480615,0.31269634,0.31328988,,,0.26852477,0.25488925,,,0.2874933,0.27707857
0.58533156,0.57505333,0.8899295,0.27045542,0.31487614,0.3045979,,,0.2896412,0.27392644,,,0.29442668,0.28379822
0.56874883,0.58053565,0.8879633,0.2613212,0.30742764,0.31921446,,,0.24350077,0.2842524,,,0.27400827,0.2961092
0.5738213,0.57998973,0.8871242,0.2666868,0.3071345,0.31330293,,,0.26054138,0.2864921,,,0.27898967,0.29099035
0.5913079,0.5792738,0.89016336,0.28041834,0.31088954,0.29885548,,,0.29166174,0.26757836,,,0.29299146,0.27766734
0.58280575,0.5891497,0.8894562,0.28249925,0.3003065,0.30665046,,,0.2711227,0.2758885,,,0.28072667,0.28709584
0.5766114,0.57475054,0.88968366,0.26167828,0.31493312,0.31307226,,,0.2534663,0.26395297,,,0.2887354,0.28697133
0.584538,0.5883844,0.89076227,0.2821601,0.30237788,0.3062243,,,0.27624208,0.26521122,,,0.283333,0.28419334
0.5842689,0.5701351,0.8867442,0.26765984,0.31660908,0.30247527,,,0.2893811,0.26472235,,,0.29403716,0.2798521
0.58373046,0.5829128,0.8900867,0.27655655,0.3071739,0.30635625,,,0.27729505,0.2794546,,,0.28998202,0.28440392
0.5840509,0.57715094,0.8901873,0.2710145,0.31303638,0.30613643,,,0.26248538,0.26694316,,,0.28451926,0.2822975
0.58167005,0.5772484,0.8904319,0.2684865,0.31318355,0.3087619,,,0.26291013,0.2577585,,,0.28147262,0.2745642
0.58356506,0.5793526,0.8891654,0.2737522,0.30981284,0.3056004,,,0.2960809,0.2624309,,,0.29788494,0.27906215
0.5696048,0.5806328,0.8904917,0.25974584,0.30985898,0.32088697,,,0.26319927,0.24673563,,,0.27833992,0.27548128
0.58774364,0.5834031,0.89107776,0.280069,0.30767465,0.30333412,,,0.27661628,0.27547884,,,0.288728,0.28466415
0.5778301,0.57834345,0.8877653,0.26840818,0.3094219,0.30993527,,,0.27443427,0.26220393,,,0.28722078,0.27263367
0.5738683,0.58531255,0.8899487,0.26923215,0.30463612,0.3160804,,,0.26619786,0.27059668,,,0.2820632,0.2874472
0.5881084,0.5850711,0.8916082,0.28157133,0.3065371,0.30349976,,,0.26767033,0.27386934,,,0.2888497,0.28519875
0.5779251,0.57595634,0.8908134,0.26306802,0.31485707,0.31288832,,,0.27034795,0.26037568,,,0.28361553,0.28308964
0.57884634,0.57528096,0.8886778,0.26544958,0.31339675,0.30983138,,,0.24228024,0.26310313,,,0.27287537,0.27723086
0.57741904,0.58286476,0.8898093,0.2704745,0.30694455,0.31239027,,,0.28001565,0.2605998,,,0.2870282,0.2808519
0.58394074,0.5823221,0.89062196,0.2756409,0.30829984,0.30668122,,,0.25765818,0.26528996,,,0.282488,0.2825746
0.57924855,0.5746495,0.88922894,0.26466906,0.3145795,0.30998045,,,0.27007204,0.2773583,,,0.28981245,0.28921932
0.57421184,0.5808917,0.891936,0.26316756,0.31104428,0.31772417,,,0.26177382,0.28153598,,,0.2786376,0.293603
0.5898287,0.5842669,0.8929234,0.28117222,0.3086565,0.30309469,,,0.28988612,0.27889496,,,0.29000485,0.2864076
0.5768833,0.5796961,0.88952494,0.26705456,0.30982876,0.31264156,,,0.26925844,0.2684425,,,0.28486514,0.2852795
0.5876049,0.58013356,0.88950735,0.27823108,0.3093738,0.30190247,,,0.26236677,0.27102232,,,0.28250128,0.28101653
0.58648163,0.5762688,0.889305,0.2734455,0.31303614,0.3028233,,,0.27781367,0.26444334,,,0.29382783,0.2830292
0.58827794,0.5806498,0.8901608,0.27876687,0.30951107,0.30188292,,,0.27020228,0.27574414,,,0.28221726,0.28381115
0.5830684,0.5861405,0.8926912,0.2765177,0.30655068,0.30962282,,,0.2713443,0.2770154,,,0.27995092,0.2833845
0.5775058,0.5809065,0.88951945,0.26889288,0.30861294,0.31201363,,,0.2704174,0.25726014,,,0.28681636,0.28173637
0.5773646,0.5754795,0.89013994,0.26270425,0.31466037,0.31277525,,,0.2684554,0.25714284,,,0.2839762,0.28081095
0.5775881,0.58081377,0.8921562,0.26624566,0.31134242,0.3145681,,,0.27391386,0.28121066,,,0.2874959,0.28856182
0.5819132,0.5802324,0.88902086,0.27312475,0.30878842,0.30710763,,,0.26818293,0.27189785,,,0.28274482,0.28822583
0.58352023,0.58585465,0.8905327,0.27884227,0.30467796,0.30701238,,,0.2836337,0.28738993,,,0.29222643,0.2933845
0.58443046,0.57706237,0.8905117,0.27098113,0.31344932,0.30608124,,,0.28220272,0.26112467,,,0.290878,0.27776796
0.58657575,0.5839338,0.89081204,0.27969754,0.3068782,0.30423623,,,0.27027452,0.2720405,,,0.28615278,0.28473788
0.5805328,0.5816715,0.88951224,0.27269202,0.30784076,0.30897945,,,0.28116137,0.27198654,,,0.28964698,0.27911574
0.58828413,0.58173513,0.891784,0.27823526,0.31004888,0.30349988,,,0.28502655,0.26359993,,,0.29349667,0.28176755
0.57008874,0.57563305,0.88601124,0.25971055,0.3103782,0.3159225,,,0.24956381,0.2464363,,,0.27123147,0.27532804
0.5796121,0.58598506,0.88763684,0.27796036,0.30165172,0.3080247,,,0.26615232,0.26934683,,,0.27838582,0.28039736
0.58133626,0.58172727,0.8869874,0.27607614,0.30526012,0.30565113,,,0.2708903,0.28834563,,,0.2809736,0.2915225
0.5808911,0.5746743,0.88948333,0.26608205,0.31480902,0.30859226,,,0.26744354,0.2595669,,,0.28640252,0.275959
0.58342093,0.58076525,0.8901659,0.2740203,0.30940062,0.30674493,,,0.25996643,0.26561713,,,0.28067994,0.28473067
0.5845659,0.57893705,0.8899421,0.27356082,0.31100506,0.30537623,,,0.27971196,0.28318077,,,0.29362506,0.28808343
0.5805205,0.5790989,0.89001584,0.2696035,0.31091702,0.3094954,,,0.26666003,0.27577096,,,0.28590816,0.29003602
0.58532584,0.57781875,0.8907467,0.27239788,0.31292796,0.30542088,,,0.2874655,0.27988803,,,0.2887984,0.2862029
0.5872588,0.5749811,0.8884752,0.27376473,0.3134941,0.30121636,,,0.28789318,0.26887554,,,0.29357612,0.2790357
0.5826317,0.5834544,0.89140064,0.27468544,0.30794626,0.30876893,,,0.28091443,0.2751935,,,0.29028535,0.2865206
0.58039236,0.58060694,0.8899192,0.27108008,0.30931228,0.30952686,,,0.2757892,0.25411677,,,0.29027563,0.27598208
0.5765371,0.5848138,0.89068955,0.2706613,0.30587578,0.31415248,,,0.29120976,0.28365004,,,0.28899962,0.28973067
0.58142275,0.5873459,0.8907437,0.27802497,0.30339777,0.30932093,,,0.2842676,0.26769578,,,0.28624147,0.2834887
0.58199847,0.57710445,0.8917157,0.2673872,0.31461126,0.30971724,,,0.27342027,0.24977058,,,0.2892682,0.27973753
0.5800493,0.5779632,0.89016455,0.26784784,0.31220144,0.31011534,,,0.26587874,0.28204095,,,0.287588,0.2863248
0.58050805,0.5818553,0.89017355,0.27218974,0.30831832,0.30966556,,,0.28907305,0.26208198,,,0.28872138,0.27846336
0.5817503,0.5818307,0.89308685,0.27049404,0.31125623,0.31133664,,,0.27243716,0.2711708,,,0.28667396,0.2888596
0.5710465,0.57628036,0.88839376,0.25893307,0.3121134,0.3173473,,,0.25726587,0.2721873,,,0.2788077,0.29054183
0.57174516,0.5846138,0.89045495,0.265904,0.30584115,0.3187098,,,0.26216,0.27762264,,,0.2787766,0.28978527
0.5767355,0.5814539,0.89009064,0.26809877,0.30863672,0.31335515,,,0.2648036,0.27467287,,,0.28171533,0.28694457
0.59252,0.58362925,0.8914535,0.28469574,0.30782425,0.2989335,,,0.31047022,0.29157,,,0.3021701,0.2904678
0.58413243,0.5854906,0.89334154,0.27628148,0.30785096,0.3092091,,,0.28296345,0.29129332,,,0.290349,0.29563367
0.5803672,0.58531153,0.89047843,0.2752003,0.3051669,0.31011122,,,0.27660084,0.26869357,,,0.28629893,0.28525323
0.5890784,0.57554114,0.8931433,0.27147627,0.31760216,0.30406487,,,0.28134596,0.26293975,,,0.29664963,0.27620465
0.58410025,0.58611166,0.8926662,0.2775457,0.30655456,0.30856597,,,0.28877908,0.30147016,,,0.2919383,0.29466772
0.5727259,0.5822015,0.8912097,0.26371765,0.30900824,0.31848383,,,0.27444452,0.27474946,,,0.28220767,0.28801876
0.5867858,0.59234536,0.89312196,0.2860092,0.3007766,0.30633616,,,0.2685976,0.27364838,,,0.27942884,0.28568447
0.5752802,0.575179,0.88525367,0.2652055,0.3100747,0.30997348,,,0.26204872,0.27663082,,,0.2813933,0.28921622
0.58659804,0.5793513,0.890291,0.27565837,0.31093967,0.30369294,,,0.2558841,0.2760803,,,0.27875215,0.28480512
0.58335143,0.5847543,0.8916612,0.2764445,0.30690694,0.3083098,,,0.2776922,0.28587103,,,0.28516614,0.28834748
0.5802053,0.57950187,0.8884653,0.2712419,0.30896342,0.30825996,,,0.27502322,0.27107704,,,0.28217077,0.28103656
0.5807551,0.5790899,0.88876665,0.27107835,0.30967677,0.30801153,,,0.27067542,0.27310687,,,0.28755122,0.28628397
0.5822459,0.587224,0.8895081,0.2799617,0.30228418,0.3072623,,,0.262518,0.29303277,,,0.2775144,0.29142785
0.58245146,0.58143175,0.8902152,0.273668,0.30878347,0.30776376,,,0.27070552,0.2741608,,,0.28368402,0.28208226
0.58708715,0.5750039,0.8900139,0.27207714,0.31501,0.30292678,,,0.28607887,0.2931803,,,0.29327947,0.29141313
0.58238065,0.5837545,0.8908819,0.27525318,0.30712748,0.3085013,,,0.2772169,0.2893238,,,0.28437626,0.2930261
0.577216,0.5919722,0.89103836,0.2781499,0.29906613,0.31382227,,,0.28717804,0.29020727,,,0.2860232,0.2985736
0.5837909,0.5829643,0.8909971,0.2757581,0.3080328,0.3072062,,,0.27619117,0.28104413,,,0.28816432,0.28900796
0.58194685,0.5850271,0.89055705,0.2764169,0.30552995,0.3086102,,,0.26329035,0.26210654,,,0.27969503,0.28604364
0.582832,0.58098143,0.89151376,0.2722996,0.3105324,0.30868185,,,0.2654776,0.28564042,,,0.28390145,0.29211086
0.59213054,0.57673013,0.89162534,0.27723533,0.3148952,0.2994948,,,0.2821204,0.27640963,,,0.29182833,0.2848125
0.5735347,0.5853836,0.88928634,0.26963204,0.3039027,0.31575155,,,0.27056307,0.2756884,,,0.28140342,0.28401995
0.58936274,0.5891798,0.89217037,0.28637224,0.3029905,0.30280757,,,0.28821218,0.2867062,,,0.2891416,0.2894249
0.5839104,0.5796718,0.8899468,0.2736354,0.31027502,0.3060364,,,0.27968228,0.2811163,,,0.28703868,0.28639716
0.5815709,0.5741755,0.88953245,0.266214,0.3153569,0.30796146,,,0.27351314,0.25701094,,,0.28949815,0.28122216
0.57851064,0.57726645,0.8913437,0.26443338,0.31407726,0.31283307,,,0.27710623,0.26953477,,,0.29144967,0.28412032
0.581215,0.5819343,0.8894466,0.27370274,0.30751228,0.30823153,,,0.28244013,0.27407992,,,0.28684247,0.28548986
0.58351946,0.5762954,0.8906767,0.26913816,0.3143813,0.30715722,,,0.26806092,0.26683044,,,0.28673917,0.28035033
0.58649135,0.5797472,0.8900215,0.27621704,0.3102743,0.30353016,,,0.27769327,0.2653172,,,0.2873966,0.2809198
0.57389176,0.5875617,0.8895856,0.27186787,0.3020239,0.31569386,,,0.25834036,0.2763381,,,0.27887982,0.29569274
0.5769814,0.5822276,0.88901883,0.27019018,0.30679125,0.3120374,,,0.2757451,0.2848701,,,0.28159165,0.2876283
0.57058614,0.58489966,0.88781744,0.26766843,0.30291772,0.31723124,,,0.25272244,0.25273073,,,0.27395403,0.28465688
0.57365704,0.5790792,0.8882313,0.2645049,0.30915213,0.3145743,,,0.25445312,0.27378058,,,0.27967155,0.2899832
0.5851809,0.58323896,0.89118135,0.2772385,0.3079424,0.30600047,,,0.28503132,0.28717816,,,0.29278862,0.29239756
0.58781576,0.5860331,0.8916002,0.28224868,0.3055671,0.30378443,,,0.30341965,0.28937012,,,0.29686636,0.29037303
0.57608557,0.5779616,0.8899725,0.26407474,0.31201082,0.31388688,,,0.25845337,0.26996827,,,0.27791297,0.27947354
0.5817815,0.58514893,0.8904185,0.2765119,0.3052696,0.30863702,,,0.26448572,0.2959181,,,0.28273332,0.29358065
0.58607733,0.58120483,0.8929355,0.2743466,0.31173074,0.30685824,,,0.27360296,0.26957273,,,0.2865677,0.27799278
0.5905057,0.57934237,0.8931534,0.27669466,0.31381106,0.3026477,,,0.27993602,0.2603621,,,0.28834432,0.27974683
0.57517016,0.587525,0.88947767,0.2732175,0.30195266,0.3143075,,,0.24147236,0.25522536,,,0.2710731,0.28507936
0.58355594,0.5777862,0.8897214,0.27162075,0.3119352,0.30616546,,,0.26193863,0.26524186,,,0.28048193,0.2805357
0.5831717,0.57973856,0.88991237,0.27299786,0.31017387,0.3067407,,,0.2778418,0.26733243,,,0.28512937,0.2822634
0.5760784,0.58073974,0.8880718,0.26874638,0.30733204,0.31199336,,,0.26027942,0.27116352,,,0.2808028,0.2867732
0.57302284,0.58712876,0.8898962,0.2702554,0.30276746,0.31687337,,,0.26039892,0.29382312,,,0.27673912,0.2992255
0.5845425,0.5862278,0.8894779,0.28129238,0.30325013,0.3049354,,,0.28647858,0.2978338,,,0.28975123,0.29445648
0.57778084,0.57814693,0.88800853,0.26791924,0.3098616,0.3102277,,,0.25734103,0.27619308,,,0.2796958,0.28753585
0.58333397,0.5861549,0.8914982,0.2779907,0.30534327,0.30816418,,,0.28699112,0.2872309,,,0.28695196,0.29045272
0.573671,0.5858678,0.88915056,0.2703882,0.3032828,0.31547964,,,0.25532407,0.2797987,,,0.27373558,0.29093814
0.58011097,0.57883,0.88900304,0.269938,0.31017298,0.308892,,,0.24940217,0.27013028,,,0.27226168,0.28768504
0.5843179,0.57434905,0.88714236,0.2715246,0.3127933,0.30282444,,,0.24342078,0.24708676,,,0.27859408,0.27255303
0.582401,0.57391775,0.8901722,0.26614648,0.3162545,0.30777127,,,0.28476351,0.27602732,,,0.29257715,0.28486335
0.5781145,0.56964946,0.88645744,0.26130652,0.316808,0.30834293,,,0.26333338,0.24783868,,,0.28772157,0.27666062
0.5863191,0.5809001,0.89192295,0.2752962,0.31102288,0.30560386,,,0.28495812,0.2834072,,,0.29085702,0.28786016
0.58856755,0.57857287,0.88870597,0.27843451,0.31013304,0.30013835,,,0.2764939,0.2547673,,,0.28315347,0.26735634
0.5787071,0.57292074,0.8885199,0.2631079,0.3155992,0.30981284,,,0.26123083,0.2880605,,,0.28609395,0.29355574
0.5777091,0.5860137,0.889212,0.27451074,0.30319834,0.31150293,,,0.25537044,0.2670508,,,0.2782576,0.28827178
0.5797442,0.57883483,0.8882804,0.27029872,0.3094455,0.3085361,,,0.27927017,0.25860262,,,0.29258263,0.28699833
0.5751089,0.58254015,0.8897285,0.26792055,0.30718833,0.3146196,,,0.27554798,0.27206868,,,0.2847662,0.28863674
0.5856047,0.5740649,0.8918504,0.26781923,0.3177855,0.30624568,,,0.26667356,0.24259341,,,0.2874571,0.2729234
0.5864093,0.5820404,0.8903869,0.27806276,0.3083465,0.30397767,,,0.27250278,0.2951601,,,0.2848851,0.2964834
0.58381623,0.57836986,0.88971233,0.2724738,0.31134242,0.30589604,,,0.26383424,0.26353693,,,0.2842766,0.27919632
0.58145416,0.5838496,0.8896627,0.27564102,0.30581313,0.30820858,,,0.2731399,0.27861446,,,0.28785652,0.2895965
0.5785866,0.5816884,0.890857,0.269418,0.30916858,0.3122704,,,0.25795227,0.28536254,,,0.28004706,0.29397458
0.5866301,0.5881188,0.8942127,0.28053617,0.30609393,0.30758262,,,0.2801085,0.29976612,,,0.28910536,0.2944544
0.5843234,0.58290285,0.8912978,0.2759285,0.3083949,0.30697435,,,0.27082044,0.28046834,,,0.2887391,0.2878505
0.57272756,0.5862609,0.8891676,0.26982087,0.3029067,0.31644005,,,0.24163014,0.25378615,,,0.26997906,0.28324246
0.5842644,0.5812027,0.8897113,0.2757557,0.3085087,0.30544698,,,0.27307642,0.2541296,,,0.2835006,0.27804118
0.5795567,0.57925993,0.8879552,0.2708614,0.30869532,0.30839854,,,0.276578,0.28538638,,,0.2832151,0.28782356
0.583737,0.5784718,0.89152515,0.27068365,0.31305337,0.30778813,,,0.265723,0.2643577,,,0.28713453,0.2848214
0.58650434,0.5806396,0.8883478,0.27879614,0.3077082,0.30184346,,,0.2597996,0.25845677,,,0.27650666,0.27680218
0.57783544,0.5897217,0.8902072,0.27734995,0.3004855,0.31237173,,,0.2700675,0.29759347,,,0.27891093,0.29645878
0.58469844,0.57847816,0.8901701,0.27300644,0.311692,0.30547172,,,0.2799359,0.27652544,,,0.28816515,0.28710634
0.5787202,0.59034204,0.8898154,0.27924687,0.29947335,0.31109518,,,0.2667616,0.26843113,,,0.2803809,0.28492552
0.5792896,0.58393013,0.8916462,0.27157348,0.30771613,0.31235665,,,0.27264553,0.27780348,,,0.28478533,0.28946584
0.5838524,0.5824894,0.89030176,0.27604002,0.3078124,0.30644935,,,0.3031652,0.27937257,,,0.29614276,0.28650147
0.5758378,0.58025354,0.889807,0.26628435,0.30955344,0.3139692,,,0.2559843,0.2730378,,,0.2801183,0.29221714
0.5855141,0.58650315,0.8904717,0.28154564,0.3039685,0.3049575,,,0.27219754,0.28032088,,,0.28685367,0.28987128
0.5786631,0.58127624,0.8886578,0.27128148,0.30738163,0.30999476,,,0.24920869,0.2570576,,,0.27401215,0.2807591
0.58124995,0.5832772,0.8911739,0.27335328,0.30789667,0.30992395,,,0.2523641,0.26202095,,,0.2735247,0.2819808
0.58708847,0.5775056,0.8906711,0.27392298,0.3131655,0.3035826,,,0.2746054,0.24042928,,,0.28862697,0.2718445
0.5794295,0.5838649,0.8907511,0.2725433,0.3068862,0.31132162,,,0.26325858,0.2825415,,,0.28382468,0.29199874
0.5814141,0.58086693,0.89117247,0.27110857,0.31030554,0.30975837,,,0.28088123,0.2775972,,,0.2857604,0.28743136
0.57386714,0.5796287,0.8865683,0.26692748,0.30693966,0.31270123,,,0.26501775,0.26400512,,,0.2768762,0.27833837
0.5890882,0.5819393,0.8905865,0.28044093,0.30864727,0.30149835,,,0.2902845,0.26707953,,,0.29505193,0.2797755
0.58134246,0.57199514,0.88749,0.26584762,0.31549484,0.30614752,,,0.27566147,0.27409607,,,0.2879324,0.2842449
0.5777956,0.58096296,0.8897617,0.26899695,0.30879867,0.311966,,,0.2771808,0.2654038,,,0.29047853,0.28680182
0.58628786,0.5745583,0.8917941,0.26905215,0.3172357,0.30550617,,,0.28017503,0.2786255,,,0.28726292,0.28067803
0.57745636,0.5756372,0.8884793,0.26461428,0.31284207,0.31102294,,,0.26310152,0.25447166,,,0.28835368,0.28123516
0.5832047,0.5814507,0.8884732,0.27618223,0.30702245,0.30526847,,,0.2867903,0.2512014,,,0.2904566,0.2787612
0.58080846,0.58480734,0.89054835,0.27506745,0.305741,0.3097399,,,0.28552073,0.2934065,,,0.28794897,0.29731655
0.585958,0.57788265,0.89230746,0.2715332,0.3144248,0.30634946,,,0.2560709,0.27455705,,,0.27833384,0.28297275
0.5802766,0.5828703,0.88929594,0.27385104,0.30642557,0.30901927,,,0.24908108,0.2662078,,,0.27765685,0.2839254
0.5857519,0.5882009,0.8902542,0.28369862,0.30205327,0.3045023,,,0.29446512,0.2776364,,,0.29321808,0.2855224
0.5788406,0.5726167,0.88837826,0.26307905,0.31576157,0.30953765,,,0.2652027,0.2624007,,,0.28673726,0.28093582
0.5782011,0.58362776,0.8890345,0.27279437,0.30540675,0.3108334,,,0.29926115,0.28453737,,,0.29507184,0.29264635
0.57778955,0.58634293,0.8895592,0.27457327,0.30321628,0.31176966,,,0.253065,0.2654851,,,0.2771709,0.2902509
0.578282,0.5810194,0.88805234,0.27124906,0.30703294,0.30977035,,,0.27926648,0.26918304,,,0.2867651,0.2831164
0.57340884,0.58669674,0.889852,0.2702536,0.30315524,0.31644315,,,0.27473456,0.2752521,,,0.2847491,0.29340953
0.57893944,0.58319354,0.8905894,0.27154356,0.30739588,0.31164998,,,0.2667182,0.278979,,,0.27925533,0.28698713
0.5870121,0.5821527,0.8894435,0.27972138,0.30729073,0.30243134,,,0.2899198,0.27116174,,,0.297118,0.28616536
0.5851242,0.5784476,0.8893601,0.27421176,0.31091243,0.30423582,,,0.25481308,0.24410051,,,0.2812454,0.27469933
0.5784446,0.58164525,0.8890387,0.27105117,0.30739343,0.31059408,,,0.27398932,0.26276904,,,0.2896375,0.28581512
0.5808807,0.58774424,0.88987786,0.27874702,0.30213368,0.3089972,,,0.27394515,0.2765051,,,0.28532463,0.28846318
0.5870933,0.5825046,0.8917336,0.27786428,0.30922902,0.3046403,,,0.29256833,0.2886517,,,0.29248917,0.2895816
0.58542633,0.57159305,0.8901254,0.26689398,0.31853235,0.30469906,,,0.2862317,0.24682176,,,0.29515165,0.2758695
0.58382595,0.57964575,0.89035434,0.27311736,0.31070858,0.3065284,,,0.28906417,0.27796197,,,0.29370344,0.28791326
0.5820687,0.57892954,0.8930877,0.26791054,0.31415814,0.311019,,,0.28257275,0.26617128,,,0.2903912,0.28518623
0.57942116,0.57689375,0.88989323,0.26642162,0.31299955,0.31047213,,,0.25461638,0.26035613,,,0.28074193,0.2804395
0.5789245,0.57959133,0.8901657,0.26835012,0.31057435,0.3112412,,,0.27321142,0.24808323,,,0.28307122,0.27626926
0.58425033,0.5762758,0.89248127,0.2680449,0.31620544,0.30823094,,,0.2862146,0.2881561,,,0.29494292,0.28715402
0.5907508,0.5721059,0.88793874,0.27491796,0.31583285,0.29718792,,,0.28756595,0.28407383,,,0.29706872,0.2832992
0.57727426,0.57957876,0.8892314,0.26762158,0.3096527,0.31195718,,,0.267254,0.27691323,,,0.2774225,0.2850328
0.5757979,0.57742167,0.88861597,0.2646036,0.3111943,0.31281805,,,0.26463783,0.24953902,,,0.28234452,0.2768526
0.5791711,0.57954955,0.89346915,0.26525158,0.31391954,0.31429797,,,0.27537322,0.27132082,,,0.288617,0.28428626
0.58406305,0.5796289,0.8903899,0.27330208,0.31076097,0.3063268,,,0.29169208,0.28450108,,,0.2967553,0.2902496
0.5767516,0.5830108,0.88749266,0.27226973,0.30448186,0.31074107,,,0.25161946,0.27402383,,,0.2760427,0.28378445
0.5751709,0.5758456,0.8873901,0.2636264,0.31154448,0.3122192,,,0.2742083,0.25820327,,,0.28217387,0.27892607
0.58339036,0.5797907,0.88930976,0.2738713,0.30951905,0.3059194,,,0.27624357,0.27351028,,,0.28699708,0.28201067
0.5844499,0.579069,0.88884896,0.27466995,0.30977994,0.30439907,,,0.26950198,0.28337622,,,0.28704464,0.29034132
0.5773325,0.5758372,0.8883616,0.26480806,0.31252444,0.31102914,,,0.25739437,0.26954073,,,0.2830574,0.28574377
0.5855999,0.57954186,0.8883786,0.2767632,0.3088367,0.30277866,,,0.26750088,0.24673265,,,0.281587,0.27060097
0.5750933,0.59357774,0.89232427,0.27634686,0.29874647,0.31723088,,,0.2715789,0.26967764,,,0.2820226,0.29132527
0.5860981,0.58059776,0.8901689,0.27652693,0.30957115,0.30407083,,,0.2867061,0.2807138,,,0.29607403,0.2892694
0.5846844,0.58403146,0.89099777,0.27771807,0.3069663,0.3063134,,,0.2699386,0.2771861,,,0.2809142,0.28794992
0.58204436,0.5819916,0.89069295,0.2733431,0.30870128,0.30864853,,,0.30283725,0.27413082,,,0.29474348,0.28634143
0.5855,0.57937884,0.88959736,0.2752815,0.3102185,0.30409735,,,0.2645942,0.2523315,,,0.28340477,0.27611446
0.57976985,0.5817343,0.8892481,0.27225608,0.30751377,0.30947822,,,0.24757904,0.29362303,,,0.2713976,0.2959411
0.58320546,0.57855034,0.88988376,0.27187204,0.31133342,0.3066783,,,0.2935984,0.26398695,,,0.29511178,0.2801057
0.57263637,0.5740953,0.88649786,0.26023376,0.3124026,0.31386155,,,0.26550853,0.2556135,,,0.28175414,0.28242487
0.5901859,0.5880426,0.8918271,0.2864014,0.3037845,0.30164123,,,0.28784537,0.29260755,,,0.29445308,0.29585618
0.57773083,0.570688,0.88909787,0.25932103,0.3184098,0.31136698,,,0.27162254,0.254795,,,0.29063463,0.27734268
0.57640696,0.5822652,0.89111304,0.26755905,0.3088479,0.31470615,,,0.24806029,0.27198297,,,0.27557093,0.28498113
0.5813563,0.5838395,0.8909856,0.2742101,0.3071462,0.30962938,,,0.2768944,0.28308415,,,0.28492206,0.2853095
0.5791068,0.5812901,0.8898017,0.27059525,0.30851156,0.31069487,,,0.2668749,0.27300793,,,0.278791,0.28439987
0.57615805,0.5840378,0.8893867,0.2708091,0.30534893,0.31322867,,,0.2636721,0.2749443,,,0.28095865,0.2894833
0.5862017,0.58295673,0.8893651,0.27979338,0.30640835,0.30316335,,,0.27078164,0.2715394,,,0.28558642,0.28296822
0.5820554,0.5864417,0.89340454,0.27509254,0.30696285,0.31134915,,,0.27413553,0.29631287,,,0.28594047,0.29339975
0.58120793,0.57451105,0.8884983,0.26722074,0.3139872,0.30729032,,,0.27387446,0.26737165,,,0.28840327,0.28114146
0.5700432,0.5722525,0.88796306,0.25433266,0.31571054,0.31791985,,,0.2459284,0.2534291,,,0.27440673,0.28324294
0.58240867,0.5781443,0.8919146,0.26863837,0.3137703,0.30950594,,,0.27010864,0.26757395,,,0.289775,0.28159255
0.57322264,0.58446664,0.886703,0.27098632,0.30223632,0.31348032,,,0.24872494,0.2572199,,,0.273139,0.28178614
0.57945275,0.57826746,0.8904965,0.26722372,0.31222904,0.31104374,,,0.2630189,0.27161264,,,0.27743042,0.2859221
0.58161414,0.5807853,0.8891562,0.2732432,0.30837095,0.3075421,,,0.2745483,0.28607994,,,0.28197694,0.29096168
0.58252215,0.5805235,0.89142036,0.27162528,0.31089687,0.3088982,,,0.2824666,0.26940203,,,0.28456354,0.28371066
0.580825,0.58217794,0.88979566,0.2732073,0.30761766,0.30897063,,,0.26535487,0.2803222,,,0.27933252,0.28896666
0.5843557,0.58044356,0.8895296,0.27526963,0.30908608,0.30517393,,,0.26672363,0.28102976,,,0.28349376,0.2866953
0.58146155,0.5725289,0.8888976,0.2650929,0.31636864,0.307436,,,0.2715261,0.25836927,,,0.2900048,0.28189665
0.58757246,0.58014095,0.8916227,0.27609068,0.31148177,0.30405027,,,0.28654367,0.26853806,,,0.2936343,0.28430068
0.57658,0.58342683,0.8897956,0.27021116,0.30636883,0.31321567,,,0.26348454,0.27069575,,,0.28007287,0.28822035
0.5729522,0.5877127,0.8899929,0.27067202,0.3022802,0.31704068,,,0.27323472,0.27925944,,,0.27596414,0.28961504
0.57831126,0.57933235,0.88962686,0.2680167,0.31029457,0.31131566,,,0.25619817,0.26938015,,,0.28303385,0.28572226
0.57785,0.5780952,0.8880714,0.26787376,0.30997622,0.31022143,,,0.27836394,0.26065606,,,0.2886582,0.28088087
0.58217716,0.58509994,0.8875545,0.27972257,0.3024546,0.30537736,,,0.2687074,0.28111953,,,0.2822008,0.2873987
0.5867585,0.5813818,0.8917671,0.2763732,0.3103853,0.3050086,,,0.29491115,0.28225702,,,0.29272646,0.29205424
0.57732254,0.57898676,0.88926244,0.26704693,0.3102756,0.31193984,,,0.2641936,0.25863153,,,0.28724235,0.28525966
0.58807224,0.5749141,0.89114463,0.27184165,0.3162306,0.30307245,,,0.2538429,0.25786155,,,0.2811401,0.27470672
0.57846296,0.58575344,0.89073557,0.27348083,0.30498213,0.3122726,,,0.25505894,0.26973748,,,0.28086132,0.2825734
0.5845213,0.5713488,0.88837045,0.26749963,0.31702167,0.30384916,,,0.28196394,0.2534724,,,0.29298037,0.27980584
0.57678986,0.5814507,0.88734084,0.2708997,0.30589014,0.310551,,,0.26517165,0.2687388,,,0.2804916,0.28345454
0.58091265,0.57577133,0.88796616,0.26871777,0.31219488,0.30705357,,,0.25906932,0.27085823,,,0.28032708,0.27927655
0.57703996,0.578948,0.889658,0.26633,0.31070995,0.31261802,,,0.28255504,0.25391805,,,0.28992224,0.2812271
0.5800742,0.58177364,0.8895285,0.27231932,0.30775487,0.30945432,,,0.2698236,0.26794755,,,0.28188443,0.28417778
0.5755442,0.5738048,0.8865085,0.26284045,0.31270373,0.31096435,,,0.24897242,0.24183673,,,0.2773528,0.27516592
0.572049,0.57663393,0.88916314,0.25951982,0.3125292,0.3171141,,,0.23433656,0.2607833,,,0.27042997,0.2844984
0.57752407,0.5737584,0.8905923,0.26069027,0.3168338,0.31306815,,,0.26313722,0.27469063,,,0.287875,0.28668207
0.58640814,0.5799656,0.8900217,0.27635205,0.3100561,0.30361354,,,0.29209852,0.28259164,,,0.29389125,0.2842127
0.58416545,0.58054453,0.8903509,0.27435917,0.3098063,0.30618536,,,0.28781426,0.28543806,,,0.29288405,0.28731364
0.5736691,0.5804931,0.8898758,0.26428634,0.30938274,0.31620675,,,0.25202405,0.2755335,,,0.2799589,0.29347885
0.58366245,0.59088665,0.89326584,0.28128326,0.3023792,0.3096034,,,0.2724564,0.29210573,,,0.2854094,0.2989592
0.58279085,0.58375716,0.89081115,0.27573687,0.30705398,0.3080203,,,0.27462065,0.2566923,,,0.28519595,0.278719
0.5806899,0.58013225,0.8917863,0.26903588,0.31165403,0.31109637,,,0.28872073,0.28475988,,,0.29442072,0.29547638
0.5836023,0.5862291,0.8887108,0.2811206,0.3024817,0.3051085,,,0.2875229,0.2636794,,,0.2894956,0.2830763
0.5835254,0.5854093,0.89108545,0.27784926,0.30567616,0.30756003,,,0.30015558,0.28383595,,,0.29350746,0.2920788
0.5853187,0.5856544,0.8919631,0.27900994,0.30630875,0.30664444,,,0.27911532,0.2712078,,,0.29148704,0.28536248
0.5772121,0.5843967,0.88769346,0.27391535,0.30329674,0.31048137,,,0.25856435,0.253976,,,0.27862275,0.27791166
0.57900906,0.57993615,0.8898161,0.2691291,0.30987996,0.31080705,,,0.25461233,0.26139957,,,0.27697438,0.2805271
0.58487606,0.58586025,0.8880961,0.28264022,0.30223584,0.30322003,,,0.27771747,0.28231382,,,0.2923658,0.29187793
0.5764051,0.587923,0.8893874,0.27494067,0.30146444,0.31298232,,,0.27277064,0.2863677,,,0.28234404,0.29788107
0.5819979,0.5856117,0.8891866,0.27842295,0.30357492,0.30718875,,,0.25847334,0.29144758,,,0.27389365,0.29006976
0.5758413,0.58320373,0.88931966,0.26972532,0.30611598,0.3134784,,,0.26896018,0.253385,,,0.28094482,0.27948546
0.57489634,0.5739833,0.88730884,0.2615708,0.31332552,0.3124125,,,0.2521909,0.23323375,,,0.28103113,0.27317595
0.5860302,0.58405614,0.8891122,0.2809742,0.30505598,0.30308193,,,0.26302934,0.2698576,,,0.28369218,0.286991
0.57101,0.57444596,0.888481,0.25697494,0.31403506,0.31747103,,,0.23366785,0.24859214,,,0.26925015,0.27968436
0.5822296,0.5734839,0.890395,0.26531857,0.31691104,0.3081653,,,0.27801722,0.265751,,,0.29435158,0.2823906
0.58198607,0.5803308,0.88799757,0.27431923,0.30766684,0.30601156,,,0.2677909,0.24894357,,,0.2832322,0.2771498
0.59149814,0.57874477,0.89310604,0.27713686,0.31436127,0.3016079,,,0.29917204,0.27521336,,,0.2987346,0.28288543
0.57703793,0.581846,0.89018863,0.2686953,0.30834264,0.3131507,,,0.2523337,0.27076703,,,0.2754919,0.28877068
0.57490146,0.58844733,0.8911262,0.27222258,0.30267888,0.31622475,,,0.24219197,0.27531302,,,0.27141756,0.29087347
0.58010507,0.5807102,0.8908364,0.26997882,0.31012625,0.31073135,,,0.28456783,0.26978922,,,0.28989172,0.2834975
0.5847946,0.5839982,0.8915874,0.27720535,0.30758923,0.30679286,,,0.26871574,0.2717592,,,0.2868762,0.28633487
0.5814265,0.5839534,0.8917959,0.273584,0.3078425,0.31036937,,,0.26098704,0.2777319,,,0.2766093,0.2893054
0.585418,0.5793641,0.8889654,0.27581662,0.30960137,0.3035475,,,0.2691958,0.2696849,,,0.28806144,0.2831326
0.5774212,0.58426607,0.8881778,0.27350944,0.30391175,0.31075662,,,0.24726951,0.2621776,,,0.27106237,0.28480422
0.5758985,0.57536113,0.8876274,0.26363224,0.3122663,0.3117289,,,0.26666838,0.2748341,,,0.28642684,0.2903465
0.58395445,0.5795183,0.89113915,0.27233362,0.31162083,0.3071847,,,0.2777676,0.26643705,,,0.28755617,0.28144258
0.5789908,0.5777203,0.888401,0.26831013,0.3106807,0.30941015,,,0.25943184,0.26999712,,,0.27962738,0.28811294
0.5778768,0.5813116,0.88884664,0.27034175,0.30753505,0.31096983,,,0.25213575,0.2754587,,,0.27484775,0.2885006
0.5769069,0.585889,0.88885015,0.27394575,0.30296117,0.31194323,,,0.26917356,0.28289944,,,0.2803107,0.29336733
0.5834018,0.58043826,0.8912059,0.27263415,0.31076765,0.3078041,,,0.26437527,0.2684514,,,0.2843532,0.2786014
0.5816393,0.58286035,0.89241415,0.2720855,0.3095538,0.31077486,,,0.28385067,0.2802636,,,0.2915948,0.28523678
0.582429,0.5829323,0.8896806,0.27568066,0.30674833,0.30725163,,,0.28480864,0.26208538,,,0.29104722,0.28358585
0.5805125,0.57799864,0.8896006,0.2689106,0.31160194,0.30908805,,,0.25339276,0.2760316,,,0.2766484,0.2885024
0.5857812,0.5821959,0.88832575,0.27965134,0.30612987,0.30254453,,,0.2834326,0.26131165,,,0.28543168,0.28203797
0.576684,0.5779302,0.8891337,0.26548052,0.31120348,0.3124497,,,0.24385864,0.23589545,,,0.27740073,0.27037543
0.5840684,0.57496595,0.89273214,0.26630223,0.3177662,0.30866373,,,0.26281685,0.26361376,,,0.28271186,0.2796412
0.58031595,0.58178014,0.8901901,0.2719059,0.30841005,0.30987424,,,0.26723015,0.28032357,,,0.2833854,0.2907607
0.58330643,0.57767063,0.88961697,0.27136016,0.31194627,0.30631047,,,0.28050584,0.28139758,,,0.28777498,0.28989547
0.58149564,0.58673763,0.89189094,0.27634233,0.3051533,0.3103953,,,0.28571844,0.28586733,,,0.28846848,0.29640108
0.57497185,0.5831555,0.89108837,0.26703894,0.3079329,0.31611657,,,0.27729958,0.27831382,,,0.28717875,0.28660053
0.57513595,0.58092177,0.89030415,0.26575357,0.30938238,0.3151682,,,0.27474552,0.27111584,,,0.28355742,0.29003847
0.57647765,0.581015,0.8880355,0.26945716,0.3070205,0.31155783,,,0.27694178,0.26238358,,,0.28696364,0.2816506
0.5839994,0.5841589,0.8894876,0.27867067,0.30532873,0.30548823,,,0.28540325,0.28371322,,,0.2863462,0.2854606
0.57431304,0.5826808,0.88897765,0.26801622,0.30629683,0.3146646,,,0.29958194,0.2743457,,,0.2927376,0.28767288
0.57593584,0.57537204,0.88813156,0.26317626,0.31275958,0.31219578,,,0.25357854,0.26308787,,,0.2847615,0.28351378
0.581053,0.5796294,0.8902066,0.27047586,0.31057715,0.30915356,,,0.26104844,0.26860595,,,0.2772948,0.28275275
0.5749738,0.5874208,0.88907456,0.27332008,0.30165374,0.31410074,,,0.25562066,0.26610696,,,0.27638596,0.28188485
0.5905824,0.580835,0.8901903,0.28122705,0.30935532,0.29960793,,,0.2801559,0.26916665,,,0.29028678,0.27767706
0.5849918,0.5807499,0.8931996,0.27254206,0.31244975,0.30820787,,,0.28646994,0.28858858,,,0.29244953,0.29051018
0.5829706,0.58181536,0.8908272,0.2739588,0.30901182,0.30785656,,,0.2777533,0.2661001,,,0.28335756,0.27821457
0.5787703,0.5809085,0.88910156,0.27057713,0.30819315,0.31033134,,,0.27023488,0.2761997,,,0.2890281,0.28861213
0.5810624,0.57464623,0.8892616,0.26644695,0.31461543,0.3081993,,,0.27527887,0.266109,,,0.29105806,0.28417528
0.5720588,0.57836926,0.8890336,0.26139444,0.31066436,0.31697482,,,0.27410036,0.28691018,,,0.28618598,0.29606867
0.58223283,0.57109284,0.88823146,0.26509422,0.3171386,0.30599862,,,0.26767802,0.26422393,,,0.28691578,0.2810284
0.5790391,0.57952,0.8907333,0.26782578,0.3112133,0.3116942,,,0.2554096,0.28032178,,,0.2772866,0.29158187
0.5853592,0.5825589,0.8935703,0.27434778,0.31101143,0.3082111,,,0.29691046,0.27582163,,,0.29784954,0.28252745
0.58261895,0.59468174,0.8936933,0.28360736,0.2990116,0.31107438,,,0.29334515,0.29311424,,,0.2882759,0.29544145
0.5788144,0.5749464,0.8889502,0.26481056,0.31400383,0.31013584,,,0.2679469,0.2424677,,,0.28579628,0.27205694
0.5794662,0.58257514,0.8903493,0.2716921,0.30777413,0.31088305,,,0.2759586,0.26837176,,,0.28519237,0.28926253
0.5834251,0.58776206,0.890215,0.28097218,0.30245292,0.30678988,,,0.29121608,0.28056777,,,0.28978932,0.2886873
0.5847074,0.5827756,0.89249444,0.27498853,0.30971885,0.30778706,,,0.28410798,0.29391527,,,0.2949195,0.29440492
0.5850699,0.5860599,0.8940657,0.27706414,0.30800575,0.30899578,,,0.27783704,0.2826299,,,0.28854418,0.2937752
0.5799471,0.5704632,0.88877046,0.26163983,0.31830728,0.30882335,,,0.25044322,0.2582972,,,0.27682364,0.28116107
0.58884954,0.5818937,0.8891771,0.28156614,0.3072834,0.30032754,,,0.27285898,0.26612943,,,0.2835397,0.2815677
0.57380855,0.58410114,0.8900313,0.26787835,0.3059302,0.3162228,,,0.2592888,0.2849272,,,0.27689713,0.28821576
0.5851445,0.5859293,0.890777,0.2802968,0.30484772,0.30563247,,,0.28527302,0.27970904,,,0.28645718,0.28767318
0.58096784,0.5845562,0.89248943,0.27303457,0.30793327,0.31152165,,,0.2742231,0.26802635,,,0.2849719,0.28975654
0.58339113,0.5829072,0.88933426,0.27696413,0.306427,0.30594307,,,0.28020775,0.26568383,,,0.2893259,0.27855986
0.58257514,0.58613753,0.891954,0.2767586,0.30581653,0.30937892,,,0.27255446,0.2800098,,,0.28022927,0.28636676
0.58612096,0.5815156,0.8913709,0.27626574,0.30985522,0.30524987,,,0.26814973,0.27689248,,,0.2836302,0.28101134
0.5859507,0.57773256,0.88877153,0.27491164,0.31103903,0.30282092,,,0.26903427,0.26676476,,,0.28577936,0.28312403
0.57915145,0.583333,0.88996106,0.27252334,0.3066281,0.31080967,,,0.2579379,0.26682866,,,0.27966815,0.28387117
0.5857981,0.585001,0.89136153,0.27943748,0.3063606,0.3055635,,,0.27588463,0.2764684,,,0.2859727,0.28925073
0.5874616,0.58911127,0.8926353,0.2839375,0.30352408,0.30517375,,,0.27743042,0.27751124,,,0.28422952,0.28476405
0.57800066,0.5745989,0.8887978,0.26380175,0.3141989,0.31079715,,,0.24701154,0.27410734,,,0.2812962,0.285612
0.5776455,0.57257223,0.8891304,0.26108736,0.31655812,0.31148487,,,0.28142768,0.2605716,,,0.2964232,0.28565812
0.5858505,0.5824053,0.8905979,0.27765793,0.30819255,0.3047474,,,0.2863564,0.26374155,,,0.29194856,0.2765391
0.5787349,0.58345413,0.88816166,0.27402735,0.30470753,0.30942678,,,0.26535642,0.27349126,,,0.28195208,0.28669477
0.57605726,0.57684183,0.88901615,0.26388288,0.31217438,0.31295896,,,0.25279903,0.26259506,,,0.27724397,0.28577042
0.58942485,0.58339083,0.88916093,0.28365475,0.3057701,0.29973608,,,0.28684253,0.2704805,,,0.29408246,0.27789998
0.57683194,0.5863064,0.890885,0.2722534,0.30457854,0.314053,,,0.26525658,0.25097263,,,0.27714127,0.27670652
0.5786532,0.57763886,0.88881606,0.26747602,0.3111772,0.31016284,,,0.25704807,0.27367198,,,0.281021,0.2899831
0.5786659,0.5813849,0.88967305,0.2703778,0.3082881,0.31100708,,,0.25547016,0.28110403,,,0.27838326,0.29050934
0.58346224,0.5785754,0.892109,0.26992863,0.3135336,0.30864674,,,0.2766857,0.2886808,,,0.28875887,0.2909
0.5863164,0.58423007,0.89098644,0.2795601,0.30675632,0.30466998,,,0.27793223,0.28832573,,,0.28635043,0.2926098
0.5832298,0.58016944,0.8895827,0.27381653,0.30941325,0.3063529,,,0.26132488,0.27267528,,,0.28065526,0.28193498
0.5753522,0.58095586,0.8883037,0.26800436,0.30734783,0.3129515,,,0.26814085,0.27736515,,,0.2814538,0.2868442
0.5738712,0.58211464,0.8908954,0.2650904,0.3087808,0.31702423,,,0.27028543,0.26940954,,,0.28038752,0.28608775
0.5848369,0.5901121,0.8942452,0.28070372,0.30413318,0.30940837,,,0.2942865,0.28518307,,,0.2878409,0.28762513
0.5801258,0.58315194,0.8904592,0.27281857,0.30730724,0.31033337,,,0.260306,0.27489752,,,0.2787317,0.28825444
0.57994676,0.5793133,0.8898317,0.2694283,0.31051844,0.30988497,,,0.25256455,0.24462718,,,0.2821626,0.27523917
0.57982445,0.5875733,0.8885416,0.27885616,0.3009683,0.30871713,,,0.26734418,0.2709568,,,0.27709347,0.28415275
0.5820502,0.56944966,0.8892276,0.26227224,0.31977797,0.30717742,,,0.27347434,0.2526129,,,0.29012114,0.2717628
0.5848141,0.582387,0.89067215,0.2765289,0.30828518,0.30585808,,,0.2676062,0.28285217,,,0.28866643,0.2923519
0.58029795,0.578508,0.89115936,0.2676466,0.31265134,0.3108614,,,0.28151816,0.2651744,,,0.29133064,0.28744143
0.5880939,0.5814389,0.89175063,0.27778214,0.31031173,0.30365676,,,0.28585833,0.2564066,,,0.28944606,0.2785499
0.58168864,0.5819767,0.8892298,0.27443552,0.30725312,0.3075412,,,0.25839448,0.25759822,,,0.27786183,0.2806654
0.58718824,0.5802103,0.89116555,0.27623302,0.31095523,0.3039773,,,0.27784687,0.26280457,,,0.2884314,0.27872038
0.58009654,0.5792922,0.8886601,0.2707287,0.30936784,0.30856347,,,0.25782222,0.26951623,,,0.2832954,0.28783888
0.58247805,0.5854746,0.8895008,0.27845186,0.3040262,0.30702275,,,0.28134137,0.27198863,,,0.28701144,0.28997284
0.5808655,0.58102846,0.8907523,0.27114165,0.30972385,0.3098868,,,0.28337228,0.25705302,,,0.28607577,0.27712923
0.5831338,0.5778789,0.89104915,0.2699635,0.3131703,0.3079154,,,0.30051023,0.28054285,,,0.300712,0.28722978
0.58140415,0.57459515,0.8911011,0.26489818,0.31650597,0.30969697,,,0.2695083,0.2582919,,,0.2904371,0.27723193
0.5796647,0.5749673,0.887732,0.26690006,0.31276464,0.30806726,,,0.25339043,0.26409948,,,0.28131062,0.27816176
0.5835247,0.5761838,0.88940513,0.27030337,0.31322134,0.30588043,,,0.27473265,0.269445,,,0.2913894,0.2850148
0.5751976,0.5792884,0.88934207,0.26514387,0.3100537,0.31414455,,,0.2590633,0.2612725,,,0.2750644,0.28080434
0.57669026,0.5794749,0.8878814,0.26828372,0.30840653,0.3111912,,,0.2632628,0.2543183,,,0.2797467,0.27849758
0.57600987,0.573369,0.8885002,0.26087868,0.3151312,0.31249034,,,0.24636894,0.25604713,,,0.27741188,0.27972978
0.57793105,0.5779319,0.889818,0.2660449,0.31188613,0.31188697,,,0.2642119,0.26330274,,,0.28856784,0.2874142
0.5806797,0.5799671,0.89019424,0.27045256,0.31022716,0.30951452,,,0.2790956,0.2649032,,,0.2898702,0.2802459
0.5785725,0.58262,0.89033026,0.27086228,0.30771023,0.31175774,,,0.2798031,0.27054226,,,0.28939974,0.28892547
0.59138966,0.5797362,0.89065194,0.28047395,0.3109157,0.29926223,,,0.29238296,0.27059436,,,0.3007015,0.2868135
0.5839685,0.58457255,0.8912714,0.27726966,0.30669886,0.3073029,,,0.28428096,0.2650652,,,0.29024363,0.2845438
0.5814879,0.5806743,0.888594,0.2735682,0.30791968,0.30710608,,,0.26844013,0.2822461,,,0.28654897,0.2916754
0.5849695,0.5824349,0.89186543,0.27553898,0.30943054,0.3068959,,,0.28377008,0.25953692,,,0.28956503,0.27889985
0.58885247,0.5824612,0.8898224,0.28149122,0.30736125,0.30096996,,,0.28990352,0.26193124,,,0.29728752,0.28019
0.5867021,0.5762077,0.8903129,0.27259684,0.31410527,0.30361086,,,0.24198014,0.2550261,,,0.2723515,0.27619714
0.5814845,0.5873099,0.8902612,0.27853322,0.30295128,0.30877668,,,0.26519316,0.28218174,,,0.2824118,0.29267287
0.59035254,0.5808605,0.891541,0.27967203,0.3106805,0.30118847,,,0.2846824,0.26783216,,,0.29331642,0.2824701
0.584815,0.5817308,0.89173836,0.2748075,0.3100075,0.30692327,,,0.28618097,0.26470625,,,0.29301226,0.28468502
0.57870626,0.5809282,0.89021856,0.26941592,0.30929035,0.3115123,,,0.26744974,0.27114046,,,0.2792828,0.2859686
0.57731116,0.5779127,0.88841695,0.2668069,0.31050426,0.3111058,,,0.2515716,0.26293993,,,0.28003448,0.28568757
0.57390785,0.5853717,0.8899965,0.26928306,0.3046248,0.31608862,,,0.28444546,0.2753774,,,0.28267097,0.28945512
0.5834762,0.57802236,0.8887939,0.27270466,0.31077152,0.3053177,,,0.29391152,0.25997752,,,0.2941664,0.28062725
0.5786811,0.5807538,0.8895194,0.26991552,0.3087656,0.31083828,,,0.26310647,0.28120667,,,0.28121972,0.28848022
0.5810623,0.57673943,0.8879956,0.26980615,0.31125617,0.30693328,,,0.278198,0.27852368,,,0.28644222,0.28593904
0.5788965,0.5773549,0.8896451,0.26660633,0.3122902,0.31074858,,,0.24995923,0.26953745,,,0.2791736,0.28150117
0.57875896,0.58416986,0.8895045,0.27342433,0.30533463,0.31074554,,,0.28840727,0.2754696,,,0.29323727,0.28684092
0.5860071,0.58310103,0.88881665,0.2802915,0.30571562,0.30280954,,,0.2896356,0.26677173,,,0.29280937,0.27799666
0.57959086,0.5749021,0.88862157,0.2658714,0.31371945,0.3090307,,,0.25870562,0.25785667,,,0.27907187,0.2767895
0.5783624,0.5907698,0.8910359,0.27809632,0.3002661,0.3126735,,,0.26827788,0.29102725,,,0.2778077,0.29788715
0.5793164,0.5821027,0.89022875,0.2711904,0.30812597,0.3109123,,,0.25661707,0.2805233,,,0.278127,0.29269052
0.5787281,0.5697564,0.886444,0.2620405,0.31668758,0.3077159,,,0.22895586,0.22842395,,,0.26506776,0.2653771
0.584787,0.574547,0.8910406,0.26829332,0.3164937,0.30625367,,,0.30099458,0.29257566,,,0.30080384,0.28746223
0.5878135,0.58117527,0.890851,0.27813768,0.3096758,0.30303758,,,0.29088974,0.2750271,,,0.29651797,0.28819543
0.5764051,0.58538026,0.88881993,0.27296543,0.30343968,0.31241482,,,0.28831744,0.27343333,,,0.28715336,0.28626555
0.58245605,0.57915354,0.88974094,0.2718687,0.31058735,0.30728483,,,0.28509372,0.29670566,,,0.29562616,0.29301202
0.58739316,0.5790526,0.88847625,0.27796948,0.30942369,0.30108315,,,0.29598337,0.27583724,,,0.2965696,0.28030026
0.5801556,0.5790897,0.8884282,0.27081704,0.30933857,0.30827266,,,0.26896507,0.26682627,,,0.284086,0.27978235
0.57353646,0.57615864,0.88895386,0.2607413,0.31279516,0.31541735,,,0.24445683,0.24665678,,,0.2732054,0.27568728
0.57865417,0.58325183,0.889308,0.27259803,0.30605614,0.3106538,,,0.2587536,0.25755286,,,0.27877367,0.2804498
0.5830612,0.583421,0.89034075,0.27614146,0.30691975,0.30727953,,,0.27456045,0.27897096,,,0.28767526,0.29302442
0.5857271,0.5777397,0.88975894,0.27370787,0.31201923,0.30403185,,,0.28986973,0.28176653,,,0.2980861,0.28677177
0.5766409,0.5772237,0.88860655,0.26525807,0.31138283,0.31196564,,,0.27370733,0.2676779,,,0.28941387,0.28604364
0.5828817,0.5749004,0.88843477,0.2693473,0.31353438,0.30555308,,,0.25413966,0.26488525,,,0.28058392,0.28163195
0.576203,0.5756353,0.8872575,0.2645808,0.3116222,0.31105453,,,0.24496543,0.26146233,,,0.27673358,0.28059602
0.5783987,0.5829618,0.88906795,0.27229255,0.30610615,0.31066924,,,0.2591486,0.26495242,,,0.27821618,0.2827493
0.5876448,0.5790329,0.8914471,0.2752306,0.31241423,0.3038023,,,0.28205794,0.2795589,,,0.28916,0.2801603
0.5826488,0.5860231,0.890183,0.27848887,0.30415994,0.30753422,,,0.27923918,0.27452844,,,0.28341657,0.2841792
0.58047116,0.57184917,0.8875749,0.26474547,0.31572568,0.3071037,,,0.28308886,0.26195765,,,0.29348594,0.2773785
0.5818667,0.5797297,0.88912934,0.27246696,0.30939972,0.30726272,,,0.27151835,0.2575761,,,0.2821254,0.27741736
0.57734597,0.5823378,0.8886841,0.2709996,0.30634636,0.3113382,,,0.27214426,0.28891122,,,0.2848,0.2964782
0.573499,0.58722043,0.88979065,0.27092874,0.30257028,0.3162917,,,0.25754714,0.28567117,,,0.27618057,0.29407
0.5881349,0.5759616,0.89055884,0.27353764,0.31459725,0.30242395,,,0.28368044,0.27791095,,,0.2882309,0.27763778
0.58037007,0.57699615,0.8896469,0.2677194,0.31265068,0.30927676,,,0.2673174,0.2745474,,,0.2814157,0.28288805
0.5769565,0.58051395,0.8909186,0.26655185,0.31040466,0.3139621,,,0.27161938,0.28085214,,,0.28792298,0.29240042
0.5792513,0.5796256,0.8890611,0.2698158,0.3094355,0.3098098,,,0.23871583,0.24963754,,,0.2704857,0.27654642
0.58406365,0.58917415,0.8912732,0.2819646,0.30209905,0.30720955,,,0.28979713,0.27416962,,,0.28716218,0.2815805
0.5753641,0.5810485,0.8881419,0.26827073,0.30709338,0.31277776,,,0.26881188,0.27032977,,,0.28259212,0.28912276
0.5782958,0.58168375,0.88959724,0.27038234,0.30791348,0.3113014,,,0.2691722,0.2672879,,,0.28204668,0.28614664
0.582882,0.58372253,0.8901686,0.2764359,0.30644608,0.30728662,,,0.29095966,0.2609703,,,0.29097897,0.28007567
0.5852456,0.5895586,0.89262265,0.28218156,0.30306405,0.30737704,,,0.27779585,0.27294403,,,0.28468347,0.280681
0.59163654,0.57668364,0.89041483,0.27790534,0.3137312,0.2987783,,,0.28915024,0.27390522,,,0.2963053,0.27983594
0.5868534,0.5860394,0.88957936,0.28331345,0.30353993,0.30272597,,,0.27976358,0.28820008,,,0.28423643,0.2821923
0.5814769,0.5749277,0.88861525,0.26778936,0.31368756,0.30713832,,,0.2742774,0.2514742,,,0.29136163,0.2723992
0.587255,0.5791625,0.8887641,0.2776534,0.3096016,0.30150908,,,0.26879907,0.25693804,,,0.28712004,0.27405006
0.57897925,0.57974255,0.89265573,0.26606607,0.31291318,0.31367648,,,0.27547103,0.2599752,,,0.28707045,0.27804154
0.57363164,0.5766436,0.88512033,0.2651549,0.30847675,0.3114887,,,0.28028876,0.25217795,,,0.28772545,0.28465998
0.5904418,0.58198714,0.889789,0.28263998,0.30780184,0.29934716,,,0.29036158,0.2740717,,,0.29443365,0.28417885
0.5833283,0.58026224,0.89066815,0.2729224,0.3104059,0.30733985,,,0.27882564,0.26814067,,,0.29194456,0.2803607
0.5725157,0.58220106,0.88745517,0.26726156,0.30525416,0.3149395,,,0.2740358,0.25263518,,,0.2810862,0.2792999
0.5817497,0.57502127,0.89103985,0.2657311,0.31601858,0.30929017,,,0.26728737,0.2692138,,,0.28244042,0.28218836
0.58335644,0.58295286,0.8924905,0.27381885,0.3095376,0.309134,,,0.27987713,0.2545851,,,0.28970534,0.27681744
0.58309305,0.58113956,0.888413,0.2758196,0.30727345,0.30531996,,,0.2618515,0.2432313,,,0.28659147,0.27231294
0.5873543,0.5826375,0.8899148,0.28007692,0.30727738,0.30256057,,,0.28566712,0.26982963,,,0.29002947,0.28174615
0.57663196,0.5860448,0.8912037,0.2714731,0.30515885,0.31457168,,,0.2656569,0.28038418,,,0.28082561,0.29353237
0.5795539,0.578817,0.888688,0.26968294,0.30987096,0.30913407,,,0.2756803,0.25901705,,,0.28829628,0.27911
0.58253425,0.57952154,0.8915142,0.27054155,0.3119927,0.30898,,,0.28659314,0.2618912,,,0.29167145,0.28102714
0.58048475,0.58566344,0.8905283,0.27561986,0.30486488,0.31004357,,,0.29503673,0.2877698,,,0.2926337,0.2924853
0.57595694,0.5864557,0.89153224,0.2708804,0.30507654,0.3155753,,,0.27359235,0.2859075,,,0.27708757,0.29270232
0.58664566,0.5810172,0.8911936,0.27646923,0.31017643,0.30454797,,,0.27438092,0.2582656,,,0.28741747,0.2764141
0.58342445,0.5850081,0.88915485,0.27927762,0.30414683,0.30573046,,,0.29809237,0.29348958,,,0.29487008,0.28868395
0.5731628,0.5853498,0.89305943,0.26545316,0.30770963,0.31989664,,,0.25616384,0.27653092,,,0.27873862,0.29352248
0.5851942,0.5751655,0.8905922,0.2697674,0.31542677,0.3053981,,,0.27897906,0.25778532,,,0.29018432,0.27547073
0.584906,0.5791371,0.89144456,0.2725985,0.31230748,0.30653858,,,0.27043462,0.2759111,,,0.28607947,0.28327912
0.58477277,0.58455694,0.89108205,0.2782476,0.30652517,0.30630934,,,0.28637284,0.29009306,,,0.2879675,0.29284889
0.5837213,0.58903885,0.88993245,0.28282768,0.3008936,0.30621117,,,0.2718215,0.27048266,,,0.2829774,0.28643674
0.5758965,0.5713421,0.885701,0.2615376,0.3143589,0.3098045,,,0.27430534,0.26316166,,,0.2880947,0.2851513
0.589104,0.58174896,0.8930305,0.27782238,0.31128162,0.3039266,,,0.27155024,0.2746514,,,0.28583705,0.28558522
0.5808965,0.5856317,0.8917503,0.27477795,0.30611855,0.31085378,,,0.2769478,0.2848745,,,0.2840472,0.2887959
0.5855174,0.58949184,0.89073586,0.2842734,0.30124402,0.30521846,,,0.2727033,0.27482355,,,0.28557563,0.29117548
0.5812625,0.57881045,0.8876084,0.27246463,0.3087979,0.30634582,,,0.27597153,0.256872,,,0.2885248,0.28008658
0.57659304,0.57854396,0.889192,0.26594508,0.31064796,0.31259888,,,0.24030417,0.2449348,,,0.27663565,0.27417004
0.5781524,0.57768345,0.88800883,0.26782703,0.31032538,0.3098564,,,0.25951886,0.2664854,,,0.27866244,0.2853387
0.581131,0.58156383,0.89052474,0.27217007,0.3089609,0.30939376,,,0.28879076,0.2611242,,,0.29519075,0.28379947
0.577273,0.58477604,0.8917339,0.27031517,0.30695784,0.31446087,,,0.24821603,0.2889771,,,0.2724799,0.2908708
0.57708853,0.57763344,0.8898697,0.2648523,0.31223625,0.31278116,,,0.27607954,0.2760458,,,0.2906344,0.2877823
0.57682514,0.57778066,0.8893751,0.26523077,0.31159437,0.3125499,,,0.2952873,0.2796932,,,0.29318362,0.2948354
0.585098,0.58619237,0.89358497,0.27770543,0.3073926,0.30848694,,,0.24905735,0.26320255,,,0.2793057,0.27997637
0.58911693,0.5851009,0.8902655,0.2839523,0.30516464,0.3011486,,,0.30785245,0.2948578,,,0.29809391,0.2892534
0.5856117,0.5855785,0.89016515,0.2810251,0.3045866,0.3045534,,,0.26852626,0.26924974,,,0.2818513,0.2853126
0.5752491,0.5833139,0.8889729,0.26959002,0.30565906,0.31372386,,,0.26707566,0.2759421,,,0.28314918,0.29430294
0.5762148,0.5762795,0.8875051,0.2649892,0.3112256,0.31129032,,,0.2756818,0.23999065,,,0.29163545,0.27493882
0.58046937,0.5839907,0.88989407,0.274566,0.30590338,0.3094247,,,0.26446944,0.2728619,,,0.28111207,0.2807656
0.5800209,0.57412744,0.8900771,0.26407123,0.31594968,0.3100562,,,0.26404834,0.27446556,,,0.28538328,0.2791425
0.58245385,0.5700166,0.88752115,0.26494932,0.31750453,0.3050673,,,0.28893143,0.24721962,,,0.2959261,0.27410144
0.58218753,0.5798242,0.8889858,0.27302593,0.3091616,0.30679828,,,0.26561278,0.2617281,,,0.28277582,0.2832821
0.57876885,0.5776826,0.8879638,0.2684877,0.31028116,0.30919492,,,0.25671434,0.25458664,,,0.28308266,0.28084844
0.5745824,0.5828366,0.88874036,0.2686786,0.3059038,0.31415802,,,0.26749623,0.26400238,,,0.28170264,0.2832027
0.57533044,0.58423203,0.8883976,0.2711649,0.30416554,0.31306714,,,0.25425684,0.25841796,,,0.27555132,0.28097284
0.57680595,0.5843711,0.8903055,0.27087152,0.30593443,0.31349957,,,0.27434224,0.27309507,,,0.2825716,0.28880256
0.5822569,0.5792018,0.8895108,0.27194792,0.310309,0.3072539,,,0.25967133,0.24052227,,,0.2791239,0.26811773
0.5768666,0.57817876,0.88732886,0.26771653,0.3091501,0.31046224,,,0.2578234,0.27647495,,,0.28426594,0.2875743
0.5812292,0.5732098,0.8892725,0.26516646,0.31606275,0.30804336,,,0.26685274,0.25811404,,,0.28786945,0.2786346
0.59003246,0.5815331,0.89029115,0.28127438,0.30875808,0.3002587,,,0.25918168,0.2656358,,,0.2815134,0.27710718
0.580897,0.5839528,0.8899689,0.2748809,0.3060161,0.3090719,,,0.25828904,0.26819837,,,0.27953637,0.28143936
0.58487904,0.5757871,0.8875747,0.27309155,0.3117875,0.30269557,,,0.29424566,0.26527786,,,0.29209006,0.2734878
0.58320427,0.5832948,0.8909184,0.27558076,0.3076235,0.30771405,,,0.28264755,0.28045124,,,0.28853732,0.29027086
0.5897178,0.58005476,0.8903353,0.2794373,0.3102805,0.30061746,,,0.27660817,0.27839535,,,0.28628182,0.28288
0.58648074,0.5809033,0.8900677,0.27731633,0.3091644,0.30358696,,,0.24710882,0.26987952,,,0.28046244,0.27849305
0.5806473,0.58165866,0.88752645,0.2747795,0.3058678,0.30687916,,,0.28395003,0.26960337,,,0.29051346,0.28109992
0.58239484,0.5830306,0.8909853,0.2744401,0.30795473,0.30859047,,,0.289482,0.2764359,,,0.29559094,0.28847098
0.5817536,0.5859274,0.891067,0.27661395,0.30513966,0.30931348,,,0.2740299,0.28545713,,,0.27923924,0.28587902
0.5817952,0.584103,0.8901821,0.27571613,0.3060791,0.30838686,,,0.2758664,0.25406313,,,0.28796262,0.2793346
0.58224994,0.57958543,0.89007896,0.27175647,0.31049347,0.30782896,,,0.28606188,0.28110635,,,0.2931345,0.28759998
0.58144295,0.58516943,0.89233714,0.27427524,0.3071677,0.3108942,,,0.27043903,0.2799766,,,0.2841131,0.28712142
0.57480013,0.5844315,0.8887271,0.27050453,0.3042956,0.313927,,,0.25833392,0.27614033,,,0.2782427,0.28877163
0.5754217,0.5780289,0.8880111,0.2654395,0.30998218,0.3125894,,,0.25108153,0.26569587,,,0.2700733,0.2850145
0.5800953,0.584785,0.8903551,0.27452517,0.30557013,0.31025982,,,0.2910452,0.2854461,,,0.29276413,0.28852588
0.57554877,0.57775116,0.8903806,0.2629193,0.31262946,0.31483185,,,0.26980972,0.2602861,,,0.28474617,0.28209096
0.57532334,0.57621384,0.8884212,0.263116,0.31220734,0.31309783,,,0.27554435,0.25612128,,,0.2880109,0.27938026
0.5803914,0.58063316,0.891625,0.26939958,0.31099182,0.31123358,,,0.26671594,0.26974767,,,0.28280824,0.28592682
0.5853927,0.5846117,0.89062226,0.2793821,0.3060106,0.3052296,,,0.28892887,0.2742293,,,0.28988504,0.2863676
0.5738591,0.5739154,0.88778234,0.25999212,0.31386697,0.3139233,,,0.2688334,0.27379817,,,0.28691834,0.2861129
0.5875623,0.5815922,0.88910156,0.28005296,0.30750936,0.30153924,,,0.27739012,0.2761892,,,0.28732026,0.28473336
0.58425856,0.5773721,0.8886299,0.27300072,0.31125784,0.30437136,,,0.27390528,0.2738312,,,0.29153264,0.28612626
0.5818317,0.5811082,0.8885534,0.27438653,0.30744517,0.3067217,,,0.24789363,0.2471577,,,0.2768702,0.2728427
0.5783156,0.580477,0.8876168,0.2711758,0.3071398,0.3093012,,,0.25445056,0.2603621,,,0.274069,0.2807762
0.5851579,0.58298707,0.8937286,0.27441633,0.31074154,0.30857074,,,0.27557766,0.28550822,,,0.28835726,0.2966467
0.57283443,0.57455957,0.8881494,0.25924456,0.31358987,0.315315,,,0.25459927,0.27050602,,,0.27853525,0.28266042
0.5776737,0.57871723,0.8903129,0.266078,0.31159568,0.31263924,,,0.2501883,0.25732338,,,0.2789454,0.27893966
0.585451,0.58177984,0.8876986,0.27953225,0.30591875,0.30224758,,,0.27158844,0.2720682,,,0.2879014,0.28091252
0.59014386,0.5789455,0.8933318,0.2757575,0.31438637,0.30318803,,,0.27199513,0.28992534,,,0.28649557,0.2871688
0.57786655,0.5900698,0.8908433,0.27709305,0.3007735,0.31297672,,,0.25873536,0.31134588,,,0.27700877,0.30264115
0.5755882,0.5763202,0.88605726,0.26585114,0.3097371,0.31046903,,,0.24134934,0.25196314,,,0.2727862,0.27813774
0.5752885,0.58495307,0.8883195,0.2719221,0.30336636,0.31303096,,,0.2564445,0.27575684,,,0.27868444,0.28812814
0.5763089,0.58405983,0.89051014,0.26985854,0.30645037,0.3142013,,,0.2608685,0.27227777,,,0.2777651,0.28764027
0.5851941,0.5759481,0.88983893,0.2713033,0.3138908,0.30464482,,,0.26736742,0.24993742,,,0.28097373,0.27861524
0.5838074,0.5737156,0.8880819,0.26944113,0.31436628,0.3042745,,,0.27128863,0.25873983,,,0.28813303,0.27276766
0.5840027,0.5691021,0.88863224,0.26447254,0.31953013,0.30462956,,,0.26907533,0.25733006,,,0.2918095,0.2798279
0.5865941,0.57867956,0.89180857,0.2734651,0.313129,0.30521446,,,0.29220605,0.2654897,,,0.29560226,0.2822091
0.57490945,0.5842962,0.8884054,0.2708003,0.30410916,0.31349593,,,0.2624762,0.27545536,,,0.2741534,0.28423923
0.5771686,0.5811405,0.8905655,0.2677436,0.309425,0.31339693,,,0.28324234,0.25643575,,,0.28405833,0.27657843
0.5856998,0.5829877,0.89071727,0.2779703,0.30772948,0.3050174,,,0.28619498,0.28871924,,,0.28762656,0.28883994
0.5858326,0.56917834,0.88745356,0.26755738,0.3182752,0.30162096,,,0.26380098,0.23863,,,0.28649068,0.26578832
0.5793226,0.5701941,0.8875978,0.2619189,0.31740367,0.30827522,,,0.27235126,0.27860373,,,0.28856605,0.28517908
0.5731805,0.57653904,0.88727486,0.26244462,0.31073588,0.31409442,,,0.2550519,0.25471437,,,0.27863157,0.2739135
0.5837382,0.5710463,0.8882092,0.26657522,0.317163,0.30447108,,,0.26213008,0.24576712,,,0.28487074,0.27066064
0.5798331,0.58144724,0.8907374,0.27054298,0.3092901,0.31090426,,,0.27120072,0.27950126,,,0.28505373,0.29050583
0.57583505,0.5783081,0.8878189,0.26632422,0.30951083,0.31198388,,,0.24708188,0.26626682,,,0.27455342,0.28772599
0.5800078,0.5849434,0.8891044,0.27584678,0.304161,0.30909663,,,0.27637994,0.2607934,,,0.28388363,0.280308
0.572579,0.58017826,0.88947767,0.26327962,0.3092994,0.31689864,,,0.26641583,0.26786935,,,0.28515148,0.29070723
0.57876,0.5864388,0.8906439,0.2745549,0.30420512,0.31188387,,,0.2479536,0.27631158,,,0.26994127,0.28824037
0.58598113,0.56359065,0.88779,0.26178175,0.32419938,0.3018089,,,0.2661844,0.24392772,,,0.28749967,0.26885003
0.5880854,0.56905043,0.88907415,0.2680617,0.32002372,0.30098873,,,0.27749866,0.26068944,,,0.29313064,0.2760393
0.58802974,0.5851903,0.8905529,0.28266716,0.30536258,0.30252314,,,0.26846838,0.28342104,,,0.28561682,0.28923202
0.58965945,0.5746446,0.89065135,0.27365267,0.31600678,0.30099195,,,0.29432148,0.26785237,,,0.3009647,0.27502787
0.58475804,0.582477,0.8906536,0.2765814,0.30817664,0.30589557,,,0.29547912,0.2764448,,,0.29249603,0.28508365
0.57515556,0.5894214,0.88928664,0.27529037,0.2998652,0.31413102,,,0.2782278,0.25605404,,,0.2823165,0.28461498
0.58377343,0.58209455,0.89095163,0.2749164,0.30885702,0.30717814,,,0.2680105,0.2669505,,,0.28639132,0.28559214
0.5845386,0.5870671,0.89042056,0.28118515,0.30335343,0.30588198,,,0.28427136,0.2823485,,,0.28795826,0.2879802
0.58334386,0.57862127,0.8904465,0.27151865,0.31182522,0.30710262,,,0.26449674,0.26603234,,,0.28652722,0.28567111
0.5797786,0.5820707,0.88924605,0.2726032,0.3071754,0.3094675,,,0.26323336,0.267502,,,0.28263628,0.28008747
0.5834218,0.5835762,0.89107734,0.2759207,0.30750114,0.3076555,,,0.29743236,0.27299786,,,0.29416966,0.28346437
0.5755829,0.58140415,0.88756716,0.2694199,0.306163,0.31198424,,,0.2645597,0.28677416,,,0.2836668,0.2943465
0.57844186,0.58772814,0.8896971,0.27647293,0.30196893,0.31125522,,,0.266576,0.28642684,,,0.27761817,0.28976017
0.5862292,0.5788598,0.8903734,0.2747156,0.3115136,0.3041442,,,0.2720889,0.27912104,,,0.28378153,0.28264314
0.5747808,0.5802269,0.887152,0.2678557,0.30692512,0.3123712,,,0.27467376,0.25712824,,,0.28279102,0.27692753
0.57995564,0.5816445,0.89044213,0.27115798,0.30879766,0.3104865,,,0.27402878,0.251678,,,0.28405255,0.28168875
0.5813991,0.5875945,0.8923742,0.27661937,0.3047797,0.31097513,,,0.272972,0.2613094,,,0.2832371,0.28717136
0.5781473,0.58529735,0.8880545,0.27539015,0.30275714,0.3099072,,,0.27854508,0.26274484,,,0.28581482,0.28644037
0.5739747,0.57759136,0.88883996,0.26272607,0.31124866,0.3148653,,,0.24672979,0.27203065,,,0.27941656,0.28548175
0.57458735,0.5764214,0.8901962,0.26081252,0.31377482,0.31560886,,,0.2647944,0.25064975,,,0.28420454,0.28121662
0.5802735,0.5787574,0.89061964,0.26841128,0.31186223,0.31034613,,,0.26543146,0.27569932,,,0.2812116,0.28778857
0.5737535,0.5811806,0.8889069,0.26602715,0.30772632,0.31515342,,,0.26250887,0.26484972,,,0.28114086,0.28584695
0.57792664,0.5865036,0.89135206,0.2730782,0.30484843,0.31342542,,,0.27736437,0.2891763,,,0.2868492,0.29236966
0.5817474,0.57824045,0.8892139,0.270774,0.3109734,0.30746645,,,0.276358,0.2572776,,,0.28565568,0.27857357
0.5780402,0.5743406,0.8884585,0.2639222,0.31411797,0.31041837,,,0.25957286,0.27037305,,,0.2825014,0.28683633
0.58625025,0.5840521,0.89054114,0.27976125,0.306489,0.30429083,,,0.27719474,0.26634133,,,0.28745592,0.28555483
0.5816124,0.5764276,0.8896802,0.26835984,0.31325257,0.30806774,,,0.2877155,0.2744066,,,0.2935704,0.2874353
0.5795906,0.57745075,0.8899638,0.2670775,0.3125131,0.31037325,,,0.27382118,0.2580459,,,0.2894342,0.27910465
0.5745653,0.57862127,0.8893305,0.26385605,0.31070924,0.31476521,,,0.27130872,0.24138802,,,0.28614503,0.27657723
0.5855789,0.57360446,0.88934577,0.26983762,0.3157413,0.30376685,,,0.28361142,0.27314794,,,0.29691905,0.2799427
0.5814127,0.5786793,0.88882,0.271272,0.31014067,0.30740732,,,0.25042868,0.25909972,,,0.27751964,0.278507
0.58734846,0.57992554,0.89232206,0.27495193,0.31239653,0.3049736,,,0.30219752,0.26585805,,,0.29831004,0.27832866
0.57842314,0.589093,0.89001,0.27750623,0.3009169,0.3115868,,,0.2634127,0.28200418,,,0.27706844,0.29111475
0.58389336,0.587139,0.8934606,0.27757186,0.3063215,0.30956715,,,0.27433896,0.28944135,,,0.28495538,0.29561967
0.5752287,0.5718385,0.8888071,0.25826007,0.31696862,0.31357843,,,0.25068098,0.24470997,,,0.280298,0.27528512
0.5790237,0.56934583,0.88889146,0.2594781,0.31954563,0.30986774,,,0.26900953,0.26024485,,,0.2859952,0.2787326
0.5876579,0.5833699,0.8917327,0.2792952,0.30836272,0.3040747,,,0.26863396,0.28345758,,,0.2882976,0.29053116
0.5824193,0.5863597,0.8925031,0.2762758,0.30614346,0.31008387,,,0.27078348,0.28298265,,,0.28246665,0.28813207
0.5761937,0.5837008,0.8912434,0.26865107,0.30754262,0.3150497,,,0.2689098,0.29484248,,,0.28232306,0.29651767
0.5823184,0.5796546,0.8889204,0.27305257,0.30926585,0.306602,,,0.27914345,0.27338827,,,0.28977525,0.28211862
0.5819649,0.5878303,0.88917446,0.2806208,0.3013441,0.3072095,,,0.26162314,0.25563705,,,0.27823973,0.28563273
0.5812155,0.57381606,0.88764465,0.2673869,0.3138286,0.30642915,,,0.27224106,0.2709037,,,0.29208994,0.2866745
0.5811473,0.5874361,0.8915467,0.27703667,0.30411065,0.3103994,,,0.2663231,0.29001087,,,0.27983892,0.29192907
0.5802002,0.5762105,0.8907348,0.2656759,0.3145243,0.3105346,,,0.25706112,0.269969,,,0.2827016,0.2790811
0.58371866,0.58464783,0.89147526,0.27689117,0.3068275,0.30775666,,,0.2677279,0.27942616,,,0.2827056,0.28479332
0.57872325,0.5814516,0.8902386,0.26993626,0.308787,0.31151533,,,0.29875362,0.27144027,,,0.29419285,0.28414547
0.5754906,0.580621,0.88955486,0.26655674,0.30893385,0.31406426,,,0.26768535,0.2583019,,,0.28500408,0.27754825
0.58676,0.5796242,0.88875306,0.27763116,0.30912882,0.301993,,,0.27346367,0.2713626,,,0.28349447,0.27845484
0.58372605,0.58501154,0.89185727,0.27688038,0.30684566,0.30813116,,,0.26360595,0.2924394,,,0.28170532,0.2959293
0.58632416,0.5796276,0.88916343,0.2767883,0.30953586,0.30283928,,,0.2855236,0.27083427,,,0.29350865,0.28370053
0.5817534,0.5768039,0.8873273,0.27122998,0.3105234,0.30557394,,,0.24973953,0.2577861,,,0.2775622,0.28326964
0.577842,0.580528,0.89014435,0.26822567,0.30961633,0.31230235,,,0.27134508,0.2739761,,,0.2803557,0.28509122
0.5828454,0.5813842,0.8892405,0.27498913,0.30785626,0.30639505,,,0.2748857,0.26289922,,,0.2828486,0.28392684
0.5784093,0.58246124,0.8889601,0.27191043,0.3064989,0.3105508,,,0.26778245,0.26971,,,0.2800377,0.28849053
0.5739353,0.57656837,0.8870069,0.26349676,0.3104385,0.3130716,,,0.2704954,0.25342113,,,0.28284657,0.2769825
0.58200103,0.58377147,0.8868828,0.27888966,0.30311137,0.3048818,,,0.27008748,0.2740252,,,0.28226757,0.28273755
0.57883835,0.5818499,0.8895981,0.2710901,0.30774826,0.31075978,,,0.27840912,0.28294343,,,0.28830445,0.28958035
0.58491457,0.58098894,0.891762,0.27414155,0.31077302,0.3068474,,,0.25605863,0.26425248,,,0.27895063,0.28100502
0.5837226,0.5913815,0.8897349,0.28536922,0.29835337,0.30601227,,,0.27839345,0.26432085,,,0.28470552,0.2837695
0.57860804,0.5875144,0.89096653,0.2751559,0.30345213,0.3123585,,,0.27769834,0.2792678,,,0.2875617,0.29143703
0.58371973,0.5874014,0.8928865,0.2782346,0.30548513,0.3091668,,,0.27464527,0.28133708,,,0.29056543,0.28988588
0.5824686,0.5718204,0.88798636,0.26630265,0.31616598,0.30551773,,,0.27507752,0.23550594,,,0.28556305,0.2680539
0.57945156,0.58472484,0.8894379,0.27473855,0.304713,0.3099863,,,0.27942163,0.28506917,,,0.284679,0.29352623
0.5786811,0.5835314,0.8907258,0.2714867,0.3071944,0.31204468,,,0.28249538,0.25801343,,,0.28912675,0.27723783
0.58286834,0.5747516,0.88951933,0.26810062,0.31476772,0.306651,,,0.26958793,0.27385455,,,0.28489816,0.28480828
0.5825098,0.578799,0.88933194,0.27197683,0.310533,0.30682218,,,0.26060438,0.27445614,,,0.28071964,0.28150856
0.57881683,0.5764022,0.89036435,0.26485473,0.3139621,0.31154746,,,0.27841413,0.25076312,,,0.29533315,0.28010428
0.5833293,0.5758756,0.8881881,0.27101684,0.31231248,0.30485874,,,0.26495528,0.2639737,,,0.28850985,0.27972746
0.590537,0.583889,0.8934092,0.2810169,0.30952013,0.30287212,,,0.28071898,0.27790982,,,0.288185,0.28386456
0.582516,0.58254254,0.8905336,0.274525,0.30799103,0.30801755,,,0.27392524,0.28125983,,,0.28865564,0.28840548
0.5816669,0.58275855,0.89166903,0.27275634,0.30891055,0.3100022,,,0.2800678,0.28834933,,,0.2873882,0.29042828
0.5759841,0.5750769,0.8872774,0.26378363,0.3122005,0.31129324,,,0.27191734,0.27271068,,,0.28517008,0.28942132
0.5823424,0.5814866,0.89206016,0.2717688,0.31057358,0.30971777,,,0.25396836,0.27371824,,,0.27920848,0.2817338
0.5843775,0.5811058,0.89115614,0.27432722,0.3100503,0.3067786,,,0.29358983,0.2909826,,,0.2906115,0.29226673
0.5806871,0.58344656,0.8894757,0.27465796,0.30602914,0.3087886,,,0.2699628,0.2841844,,,0.28729826,0.29558665
0.58548164,0.5822737,0.88987005,0.27788532,0.30759633,0.3043884,,,0.30071807,0.26033986,,,0.2963907,0.27939528
0.58639073,0.5834625,0.89239436,0.27745885,0.3089319,0.30600363,,,0.26619637,0.27237993,,,0.28329784,0.2849695
0.5765893,0.5772345,0.8882777,0.26554614,0.31104314,0.31168836,,,0.284997,0.2551666,,,0.29283708,0.278848
0.5886643,0.5707438,0.8888033,0.2706048,0.3180595,0.300139,,,0.27008855,0.23673695,,,0.28966898,0.27301776
0.5824317,0.57515836,0.88976836,0.26782167,0.31461,0.3073367,,,0.26449323,0.24514198,,,0.2827205,0.2717464
0.57207537,0.5835515,0.8898456,0.26578128,0.30629408,0.31777024,,,0.2548954,0.27614456,,,0.27765983,0.2892326
0.5790163,0.57761115,0.8884955,0.2681319,0.31088442,0.30947924,,,0.25320983,0.26704007,,,0.28003538,0.28611082
0.57672405,0.5767342,0.89189655,0.2615617,0.31516236,0.3151725,,,0.25673932,0.2621382,,,0.28591543,0.2867573
0.58479846,0.58539355,0.88829273,0.28189927,0.30289918,0.30349427,,,0.26985836,0.26996946,,,0.28532475,0.2791537
0.58646476,0.58629704,0.8922638,0.28049797,0.3059668,0.30579907,,,0.27909166,0.29153067,,,0.2891041,0.28871912
0.5796085,0.5832568,0.8900125,0.27285278,0.30675572,0.310404,,,0.26373166,0.26036155,,,0.281909,0.28138465
0.58772933,0.57449484,0.8884707,0.27375346,0.31397587,0.30074137,,,0.2862265,0.2671756,,,0.2896061,0.27511197
0.581826,0.58198833,0.89060146,0.27321285,0.30861312,0.30877548,,,0.26586574,0.26061141,,,0.28401285,0.28323364
0.58116066,0.5799717,0.8913307,0.26980162,0.31135905,0.31017005,,,0.26770848,0.2559306,,,0.2890923,0.27966607
0.5824376,0.57863325,0.8880513,0.27301955,0.30941802,0.3056137,,,0.2741341,0.23909622,,,0.28717798,0.27352685
0.5816437,0.58310616,0.8922002,0.2725497,0.309094,0.31055647,,,0.26380485,0.26999342,,,0.2790379,0.28107768
0.5798514,0.5790614,0.8904106,0.26850218,0.3113492,0.3105592,,,0.28427142,0.26667982,,,0.28795093,0.28086096
0.58054745,0.57744956,0.8895314,0.26846564,0.3120818,0.30898392,,,0.2710203,0.2813663,,,0.28827828,0.28848338
0.5823277,0.57988375,0.89082986,0.27138156,0.31094617,0.3085022,,,0.2786848,0.29199994,,,0.29368478,0.2955107
0.5852212,0.5811993,0.89119744,0.27522302,0.30999815,0.30597627,,,0.291826,0.28326768,,,0.29366994,0.28830248
0.5909302,0.58915216,0.89219743,0.2878849,0.30304533,0.30126727,,,0.2964108,0.28015763,,,0.2902012,0.28590083
0.5738584,0.59269667,0.8927706,0.27378446,0.30007392,0.3189122,,,0.25081706,0.2885902,,,0.27245754,0.3000726
0.5895429,0.5742351,0.8900775,0.2737006,0.31584233,0.3005345,,,0.26900923,0.26196563,,,0.28996456,0.27648914
0.58179474,0.5830078,0.8914573,0.27334523,0.3084495,0.30966258,,,0.25897765,0.2971707,,,0.2766813,0.29657727
0.5835986,0.58080024,0.8916671,0.27273178,0.31086683,0.30806845,,,0.28181994,0.27619374,,,0.2896582,0.28818446
0.5890411,0.58581966,0.8921909,0.28266984,0.30637127,0.30314982,,,0.29312944,0.27337188,,,0.29130602,0.28057557
0.58095336,0.5810932,0.88937426,0.2726723,0.30828106,0.3084209,,,0.25395554,0.2857688,,,0.28131694,0.2897551
0.58819795,0.5852187,0.8916372,0.2817794,0.30641854,0.30343932,,,0.28028488,0.27247518,,,0.2871616,0.28748095
0.58271897,0.5856595,0.89029336,0.2780851,0.30463386,0.3075744,,,0.28352422,0.27408773,,,0.28481472,0.28213835
0.5720831,0.5815238,0.8876713,0.2659356,0.30614752,0.31558818,,,0.25993586,0.2727571,,,0.2754044,0.28046757
0.5689583,0.57681787,0.885583,0.26019317,0.3087651,0.3166247,,,0.2309444,0.25896227,,,0.2682219,0.28598982
0.57722074,0.57262105,0.8899862,0.25985557,0.31736517,0.31276548,,,0.25071162,0.26793593,,,0.28016615,0.28588992
0.5862913,0.57701725,0.89152455,0.27178407,0.31450725,0.30523318,,,0.2769572,0.26449567,,,0.28591973,0.28239125
0.58304876,0.5876093,0.8906337,0.2800244,0.30302435,0.30758488,,,0.2666921,0.2766124,,,0.27860332,0.2840057
0.57686234,0.583117,0.8909355,0.26904386,0.30781847,0.31407315,,,0.25089926,0.28376502,,,0.27514678,0.29230428
0.58198744,0.576069,0.8884705,0.26958603,0.3124014,0.30648297,,,0.26876676,0.27663648,,,0.28844112,0.28988212
0.5771243,0.5720181,0.8872148,0.2619276,0.3151967,0.31009048,,,0.2680531,0.2570914,,,0.2882697,0.27934557
0.5691247,0.5853356,0.88706076,0.26739955,0.30172515,0.31793606,,,0.25731927,0.27454537,,,0.26919246,0.29115337
0.5770097,0.5685668,0.88745356,0.25812292,0.31888676,0.31044388,,,0.25984633,0.24803966,,,0.28834218,0.27821368
0.57957387,0.578724,0.89036036,0.26793754,0.31163633,0.3107865,,,0.27671838,0.2710843,,,0.2901386,0.28343666
0.5835491,0.5843564,0.8899476,0.27795798,0.3055911,0.30639845,,,0.27856845,0.27242815,,,0.2831149,0.28386295
0.57700884,0.5809075,0.88628393,0.27163237,0.30537647,0.30927515,,,0.2464441,0.2569723,,,0.27552122,0.27953374
0.5759957,0.57550323,0.8871638,0.2643351,0.3116606,0.31116813,,,0.27496725,0.2681827,,,0.28916264,0.28491062
0.57867134,0.58934057,0.8911942,0.27681768,0.30185366,0.3125229,,,0.26136267,0.29850417,,,0.273413,0.29770416
0.58633304,0.58437705,0.892335,0.2783751,0.30795795,0.30600196,,,0.26724088,0.26474905,,,0.2825995,0.28519946
0.5912225,0.5843394,0.8914758,0.2840861,0.30713642,0.30025327,,,0.29213136,0.27162844,,,0.29246527,0.28215724
0.57048094,0.57804686,0.88866067,0.2598672,0.31061375,0.31817967,,,0.25271434,0.26174855,,,0.27497113,0.28543878
0.5859225,0.5808363,0.89212114,0.27463764,0.31128484,0.30619866,,,0.29085362,0.28202248,,,0.295865,0.28555888
0.5849924,0.576717,0.8895146,0.2721948,0.3127976,0.30452222,,,0.27694649,0.27074862,,,0.2874648,0.28571892
0.58415353,0.5757781,0.8904372,0.26949447,0.31465906,0.30628365,,,0.28892517,0.28475535,,,0.2926618,0.28705674
0.58208585,0.5853859,0.88937056,0.2781012,0.30398464,0.3072847,,,0.2949285,0.2702539,,,0.29365695,0.28487015
0.58509046,0.580235,0.89030343,0.27502197,0.3100685,0.30521303,,,0.27146983,0.26765633,,,0.2837789,0.28397834
0.574201,0.5803609,0.88805664,0.26650524,0.30769575,0.31385565,,,0.26105028,0.26437724,,,0.27829581,0.28344047
0.58291924,0.5752898,0.88812804,0.27008104,0.3128382,0.30520874,,,0.2782454,0.26116484,,,0.2885331,0.2798975
0.5881086,0.5866604,0.8923513,0.2824176,0.305691,0.3042428,,,0.2936442,0.2948112,,,0.29239428,0.29745495
0.5743626,0.5834582,0.88954854,0.26827216,0.3060904,0.31518602,,,0.27686018,0.28824556,,,0.28654867,0.2917534
0.58152497,0.5753498,0.8895548,0.26731998,0.314205,0.30802983,,,0.27208567,0.27340877,,,0.29006988,0.28167003
0.58028954,0.5820185,0.89183325,0.27047473,0.3098148,0.31154376,,,0.25157982,0.27308846,,,0.276537,0.28642994
0.57976294,0.5781983,0.8893319,0.26862937,0.31113356,0.30956894,,,0.28246462,0.25468665,,,0.28581882,0.2782325
0.58050597,0.57577175,0.8879681,0.26830953,0.31219643,0.30746222,,,0.27485937,0.2583558,,,0.28867936,0.2766422
0.5723617,0.5864438,0.88846046,0.27034503,0.30201668,0.31609875,,,0.26010656,0.26813745,,,0.27685118,0.2871784
0.5810172,0.57947314,0.88953763,0.27095264,0.31006455,0.3085205,,,0.28062457,0.27127886,,,0.2881626,0.28286475
0.5844238,0.57806385,0.892444,0.2700436,0.31438017,0.30802023,,,0.27433884,0.27326703,,,0.2861516,0.28367913
0.5923773,0.57788086,0.88966703,0.28059113,0.31178617,0.29728973,,,0.2826407,0.2586378,,,0.29518634,0.2710302
0.5842566,0.58939195,0.8909754,0.28267318,0.3015834,0.30671877,,,0.2744161,0.26651847,,,0.2816804,0.28606892
0.5812711,0.58196676,0.89052004,0.27271777,0.30855334,0.30924898,,,0.26858538,0.27320588,,,0.28059065,0.2843603
0.58719814,0.57532,0.89056087,0.27195728,0.31524086,0.30336273,,,0.2838018,0.28844428,,,0.29141188,0.2855429
0.5850091,0.56742823,0.88724196,0.26519537,0.31981373,0.30223286,,,0.27362108,0.22909969,,,0.29342145,0.27056772
0.5808313,0.57412004,0.8902919,0.2646594,0.31617188,0.30946064,,,0.2625448,0.268978,,,0.28475702,0.28186148
0.5873971,0.5824558,0.8913169,0.27853608,0.30886102,0.30391973,,,0.28493088,0.27528292,,,0.29456025,0.28703547
0.5791832,0.5839584,0.8898427,0.27329892,0.3058843,0.31065947,,,0.24786538,0.25301242,,,0.28154367,0.28172165
0.582507,0.58201754,0.8931174,0.27140713,0.3110999,0.3106104,,,0.2873361,0.27303028,,,0.2873484,0.2871887
0.5857104,0.5756595,0.8878168,0.27355313,0.31215727,0.30210638,,,0.2714194,0.25553262,,,0.28314787,0.27147126
0.58686733,0.58201563,0.8912558,0.27762717,0.30924016,0.30438846,,,0.26323956,0.25931942,,,0.2834652,0.27994418
0.57972026,0.5760087,0.89003515,0.26569378,0.31402647,0.3103149,,,0.27141726,0.26274878,,,0.28498173,0.2828501
0.5802806,0.58902943,0.890105,0.27920508,0.30107552,0.30982435,,,0.28164607,0.28014594,,,0.28101015,0.28898776
0.5840223,0.58434117,0.8914503,0.27691317,0.30710912,0.307428,,,0.28319085,0.28671342,,,0.2895766,0.29011488
0.58693194,0.5796332,0.8913623,0.27520287,0.31172907,0.3044303,,,0.2907654,0.27858138,,,0.29545587,0.28148937
0.57887834,0.578829,0.889164,0.26854336,0.31033498,0.31028563,,,0.2682563,0.26823032,,,0.28109145,0.27869892
0.5791422,0.5834366,0.8903634,0.27221543,0.3069268,0.31122118,,,0.24044675,0.26387215,,,0.26965743,0.28111124
0.58120465,0.5829556,0.890333,0.27382725,0.3073774,0.30912834,,,0.30063337,0.27368194,,,0.29100895,0.28498042
0.59003985,0.58368576,0.8913382,0.28238738,0.30765247,0.30129838,,,0.29052377,0.26899588,,,0.29932338,0.28555542
0.576414,0.58866656,0.8908325,0.27424806,0.30216593,0.3144185,,,0.26347792,0.2877522,,,0.27829546,0.29161805
0.57532084,0.58603835,0.89151174,0.26984745,0.3054734,0.3161909,,,0.27359366,0.2980082,,,0.28118742,0.29465806
0.58434874,0.5807898,0.88952875,0.27560973,0.308739,0.30518007,,,0.27264774,0.26664627,,,0.28522605,0.28342283
0.58014536,0.57330155,0.88927084,0.26417607,0.3159693,0.30912548,,,0.27505028,0.26657504,,,0.29167008,0.28084445
0.57767546,0.58535755,0.8907175,0.2723155,0.30535996,0.31304204,,,0.25288016,0.27902174,,,0.2764889,0.28965598
0.5788063,0.5788753,0.8892855,0.26839608,0.3104102,0.31047922,,,0.2719155,0.26094455,,,0.28634644,0.27945304
0.5788464,0.57462966,0.8888169,0.2646591,0.3141873,0.30997056,,,0.27578837,0.26639974,,,0.2894448,0.2826059
0.57329667,0.5841593,0.8914707,0.26598525,0.30731142,0.31817406,,,0.29035228,0.29309124,,,0.29142404,0.29903674
0.5808831,0.58452195,0.89037067,0.27503437,0.30584872,0.30948758,,,0.27750468,0.2767403,,,0.2903958,0.28925824
0.58020437,0.5789869,0.88971317,0.26947808,0.31072628,0.3095088,,,0.25968814,0.26645958,,,0.27752423,0.2845236
0.57264984,0.5815067,0.8889991,0.26515746,0.30749238,0.31634927,,,0.26433593,0.26147056,,,0.28221548,0.28780442
0.5797905,0.57403696,0.888417,0.26541042,0.31438005,0.30862653,,,0.25350082,0.24602139,,,0.2778899,0.2716102
0.5759647,0.5876442,0.88991857,0.27369034,0.30227435,0.31395388,,,0.2721967,0.2946152,,,0.2772662,0.2980098
0.5883676,0.5833801,0.89228255,0.27946514,0.30890244,0.30391496,,,0.31112498,0.28800637,,,0.30220956,0.2898537
0.58630824,0.5811226,0.8902424,0.27718848,0.30911976,0.3039341,,,0.28407943,0.26295,,,0.29025483,0.27713615
0.5780095,0.58172095,0.88944584,0.2702846,0.3077249,0.31143636,,,0.2702647,0.26384693,,,0.28147,0.2795338
0.57769895,0.59074694,0.8911055,0.27734035,0.3003586,0.3134066,,,0.27154386,0.27889818,,,0.28160244,0.29559863
0.5868412,0.58031905,0.8887992,0.27836108,0.30848014,0.30195796,,,0.2568338,0.2686882,,,0.28166443,0.27941757
0.58627737,0.58297235,0.8913159,0.2779339,0.30834347,0.30503845,,,0.27525353,0.2859162,,,0.28619355,0.28712642
0.58053505,0.58615756,0.89072293,0.27596968,0.30456537,0.31018788,,,0.27444452,0.25553817,,,0.28839517,0.28106254
0.5802032,0.5832722,0.8905221,0.27295327,0.3072499,0.31031895,,,0.25612688,0.28374666,,,0.27611446,0.2932015
0.586525,0.5794574,0.890783,0.27519947,0.31132555,0.30425793,,,0.26479375,0.27943462,,,0.28199327,0.28585654
0.580601,0.5823751,0.88886744,0.2741086,0.3064924,0.30826652,,,0.2649696,0.26202834,,,0.2835428,0.28352267
0.5860057,0.5928234,0.89120966,0.2876194,0.29838628,0.30520397,,,0.2766745,0.2930531,,,0.2874905,0.29653782
0.5844761,0.5803423,0.8896038,0.2752146,0.3092615,0.30512768,,,0.26974946,0.2964185,,,0.2858796,0.294145
0.58746517,0.5734308,0.8901611,0.27073485,0.31673032,0.30269593,,,0.29906422,0.26172686,,,0.2975899,0.27851933
0.57782066,0.5855061,0.89034724,0.2729795,0.30484116,0.31252658,,,0.27262795,0.26522666,,,0.28549737,0.28460336
0.59032875,0.5787555,0.8886944,0.2803899,0.30993885,0.2983656,,,0.2699312,0.2606544,,,0.28774655,0.27282447
0.5861188,0.5773549,0.887651,0.2758227,0.31029612,0.3015322,,,0.25011736,0.260099,,,0.27695775,0.2771055
0.5803678,0.5782355,0.889006,0.2695973,0.3107705,0.30863822,,,0.26290965,0.2700513,,,0.27660668,0.2814135
0.57882833,0.5776519,0.8877076,0.26877272,0.3100556,0.3088792,,,0.27831912,0.25590086,,,0.29049546,0.27483708
0.5758486,0.57644767,0.88830966,0.26398665,0.31186193,0.31246102,,,0.2628135,0.27440345,,,0.28105032,0.28712684
0.5818175,0.58263713,0.89061815,0.27383655,0.30798095,0.30880058,,,0.26630318,0.26913875,,,0.2823404,0.29106867
0.5786661,0.5834372,0.889504,0.27259928,0.3060668,0.31083792,,,0.27133304,0.27880645,,,0.28469104,0.28669244
0.58228743,0.5777533,0.8902378,0.26980293,0.3124845,0.30795038,,,0.27425605,0.2512641,,,0.2859891,0.27581477
0.582273,0.58584285,0.8914528,0.27666306,0.30560994,0.30917978,,,0.27265072,0.27629197,,,0.28636795,0.2870614
0.5864695,0.5841219,0.8884965,0.28209484,0.30437464,0.30202705,,,0.28173286,0.27125162,,,0.28797394,0.28602517
0.57821965,0.5818701,0.8916184,0.26847136,0.3097483,0.31339872,,,0.27708894,0.27454346,,,0.28736848,0.28836244
0.5863321,0.57421225,0.88965654,0.27088785,0.31544423,0.3033244,,,0.2680968,0.24461389,,,0.28337413,0.27215278
0.58269775,0.5803269,0.89144266,0.271582,0.31111574,0.3087449,,,0.28317237,0.28631002,,,0.28647906,0.2886377
0.5773109,0.58588076,0.8875285,0.2756632,0.30164772,0.31021756,,,0.28111362,0.2639386,,,0.29018784,0.2845586
0.5849385,0.5743128,0.8904406,0.26881075,0.31612778,0.30550206,,,0.26173395,0.27386916,,,0.2852937,0.2818097
0.57497656,0.58361584,0.8875513,0.27104115,0.3039354,0.31257468,,,0.25428522,0.25969315,,,0.2760247,0.2826689
0.5825184,0.5861463,0.89103794,0.27762675,0.30489165,0.30851954,,,0.27772963,0.28187573,,,0.29092944,0.2888626
0.58455575,0.5837085,0.89102805,0.27723622,0.30731952,0.3064723,,,0.27722812,0.2855447,,,0.28575534,0.28709882
0.5812144,0.58550286,0.8899689,0.27674842,0.304466,0.30875444,,,0.25232154,0.2504053,,,0.2750609,0.27918535
0.58181,0.58410704,0.89032835,0.2755887,0.3062213,0.30851835,,,0.27008927,0.2905541,,,0.27996576,0.28908396
0.5745872,0.5815728,0.88726985,0.26889014,0.30569708,0.31268263,,,0.25520092,0.2859887,,,0.28077352,0.2985437
0.5775305,0.57430243,0.88892543,0.2629075,0.314623,0.31139493,,,0.27646863,0.27551043,,,0.28315252,0.28649634
0.58681476,0.5797001,0.887766,0.27874887,0.3080659,0.30095124,,,0.2896341,0.2712993,,,0.29625976,0.2826234
0.58408356,0.57438767,0.8900031,0.26846814,0.31561542,0.30591953,,,0.26006222,0.261356,,,0.28967905,0.28516006
0.5780567,0.58283055,0.8906023,0.27028495,0.30777174,0.3125456,,,0.2554462,0.2653749,,,0.28219098,0.28484195
0.5913694,0.58337706,0.89026594,0.28448057,0.30688882,0.2988965,,,0.28580105,0.278346,,,0.2914312,0.28538465
0.5850965,0.58491755,0.8896096,0.28040445,0.30469203,0.3045131,,,0.2600876,0.2925232,,,0.28129643,0.29373533
0.57766753,0.5794997,0.88826215,0.26890504,0.3087625,0.31059468,,,0.24877036,0.27207333,,,0.2770095,0.28825855
0.5745291,0.5786187,0.88957536,0.26357245,0.31095666,0.31504625,,,0.26428473,0.2659356,,,0.2814166,0.2828874
0.57636905,0.58452296,0.88797796,0.27291405,0.303455,0.3116089,,,0.27129728,0.24956667,,,0.2848317,0.2808715
0.58312964,0.5852131,0.8920203,0.27632254,0.3068071,0.30889058,,,0.2877671,0.2756803,,,0.29371405,0.28724343
0.57596755,0.57762796,0.88858503,0.26501042,0.31095713,0.31261754,,,0.2694394,0.24705291,,,0.28295547,0.28115642
0.58119035,0.5782081,0.8894609,0.26993752,0.31125283,0.30827057,,,0.26170093,0.2656085,,,0.28418535,0.2840978
0.5814173,0.5750928,0.88897353,0.26753658,0.31388074,0.3075562,,,0.2739041,0.27282524,,,0.2877524,0.2856874
0.57713056,0.5859642,0.8886631,0.27443165,0.3026989,0.31153256,,,0.26042914,0.28607315,,,0.2779522,0.2935471
0.57815087,0.57671404,0.8891403,0.2657246,0.31242627,0.31098944,,,0.2708676,0.25197124,,,0.2879917,0.2804705
0.58704865,0.57887506,0.888526,0.2773977,0.30965096,0.30147737,,,0.24697834,0.25960082,,,0.27982056,0.28238797
0.5853461,0.58145285,0.892627,0.27417195,0.31117415,0.3072809,,,0.2719375,0.26990038,,,0.2876193,0.28353804
0.5800425,0.5861488,0.88944364,0.2767477,0.30329478,0.3094011,,,0.26974213,0.29468185,,,0.28313416,0.29627025
0.5769415,0.5821257,0.89114374,0.2679234,0.30901808,0.3142023,,,0.2570361,0.2612282,,,0.26958525,0.2788096
0.58425677,0.5762278,0.8903803,0.27010423,0.31415254,0.30612355,,,0.2860127,0.27381992,,,0.29777825,0.28373963
0.5793793,0.5897305,0.8897094,0.2794004,0.2999789,0.3103301,,,0.2777378,0.2835372,,,0.2836783,0.29217666
0.5871831,0.57763743,0.89073974,0.2740808,0.3131023,0.30355662,,,0.2687809,0.27672356,,,0.28476065,0.28359127
0.5836109,0.57856905,0.8888335,0.27334642,0.31026447,0.30522263,,,0.2768075,0.2597397,,,0.29319412,0.27807784
0.5892068,0.5842755,0.8917655,0.28171682,0.30749,0.30255866,,,0.29069585,0.28798473,,,0.2983458,0.28944832
0.57445693,0.58135027,0.8908828,0.26492447,0.30953246,0.3164258,,,0.28288585,0.26473027,,,0.2940063,0.28467697
0.56922954,0.57647544,0.8890076,0.25669736,0.3125322,0.31977808,,,0.25382775,0.25207663,,,0.27942848,0.28409368
0.5787673,0.5771074,0.8875792,0.26829553,0.31047177,0.3088119,,,0.2583803,0.27844638,,,0.28186387,0.28865415
0.5755849,0.57752216,0.8884452,0.26466185,0.31092304,0.3128603,,,0.25179863,0.2550506,,,0.2757218,0.27969974
0.58070266,0.57792103,0.888644,0.26997972,0.31072295,0.30794132,,,0.25943696,0.26794708,,,0.28088945,0.28833842
0.5703409,0.5841324,0.886784,0.2676893,0.30265158,0.3164431,,,0.25147957,0.2703883,,,0.27076757,0.28830427
0.57946086,0.5703559,0.88704187,0.26277488,0.31668597,0.307581,,,0.2492792,0.25925767,,,0.28051192,0.2809881
0.58006394,0.5707094,0.8886029,0.26217037,0.31789356,0.30853903,,,0.27610624,0.25814515,,,0.29195398,0.2830608
0.5837568,0.5851579,0.8917516,0.2771631,0.30659372,0.30799478,,,0.29310256,0.30225062,,,0.28748924,0.29681933
0.5810529,0.58904,0.89210504,0.27798778,0.30306512,0.3110522,,,0.270926,0.26721287,,,0.2802269,0.2832083
0.5753826,0.5814278,0.88906866,0.26774174,0.30764085,0.31368607,,,0.27458036,0.2705267,,,0.28671545,0.28450072
0.5827673,0.58159184,0.89099383,0.27336526,0.30940205,0.3082266,,,0.27857214,0.2736581,,,0.28773683,0.28609753
0.5833185,0.5829599,0.88763314,0.27864522,0.30467325,0.30431467,,,0.27852523,0.29509455,,,0.28433114,0.29279
0.5776852,0.57579887,0.8900296,0.2634545,0.31423068,0.31234437,,,0.29559094,0.24725199,,,0.29628688,0.2786532
0.58241415,0.5825043,0.8905703,0.27434814,0.308066,0.30815613,,,0.2721092,0.2638349,,,0.28867757,0.27961206
0.57846355,0.57825077,0.89006215,0.26665217,0.3118114,0.3115986,,,0.25293213,0.24728054,,,0.2774459,0.27412975
0.58939826,0.57860315,0.89000124,0.27800018,0.3113981,0.30060297,,,0.272085,0.25562882,,,0.28464526,0.27325964
0.5822323,0.5809998,0.8892166,0.2740155,0.3082168,0.3069843,,,0.28035063,0.26641744,,,0.28511608,0.2802608
0.5835918,0.57823664,0.8895217,0.2723068,0.31128502,0.30592984,,,0.27061683,0.26370692,,,0.28611356,0.28169924
0.57745415,0.58091867,0.8869569,0.271416,0.30603814,0.30950266,,,0.25844526,0.2800631,,,0.27463377,0.28681457
0.5820278,0.5851453,0.8874307,0.27974242,0.30228537,0.30540287,,,0.2901569,0.2747382,,,0.29308474,0.2893464
0.5824749,0.5655694,0.8861929,0.26185143,0.32062346,0.30371797,,,0.25226313,0.24269569,,,0.28184563,0.2669528
0.5820074,0.5772792,0.89137524,0.26791137,0.31409603,0.30936784,,,0.26662308,0.2659918,,,0.2898156,0.2822641
0.58801055,0.5821581,0.890908,0.27926064,0.3087499,0.30289745,,,0.29558456,0.2721945,,,0.29519385,0.2839585
0.58750546,0.5894557,0.89130306,0.28565812,0.30184734,0.3037976,,,0.28689742,0.26405615,,,0.29209596,0.2860573
0.5831747,0.5808041,0.89049363,0.27348518,0.30968952,0.30731893,,,0.2805245,0.2765975,,,0.2875222,0.28125584
0.5839671,0.5799959,0.8890875,0.27487546,0.30909163,0.3051204,,,0.28433526,0.28219587,,,0.29126275,0.28931338
0.57882637,0.58250964,0.8890165,0.27231944,0.30650693,0.3101902,,,0.26222563,0.2618556,,,0.2776562,0.27643585
0.5855882,0.57505953,0.89085823,0.26978952,0.3157987,0.30527002,,,0.2853248,0.2747568,,,0.29172492,0.28925312
0.5752083,0.57913303,0.8878372,0.26650417,0.30870414,0.31262887,,,0.24147218,0.2621274,,,0.27379155,0.2817601
0.5822314,0.582554,0.89116955,0.27361584,0.30861557,0.30893815,,,0.27194905,0.24745202,,,0.29159343,0.27607256
0.58622396,0.582357,0.89028025,0.27830076,0.3079232,0.30405623,,,0.27905148,0.25708264,,,0.28785086,0.27828336
0.5819224,0.57453287,0.8872086,0.2692467,0.3126757,0.30528617,,,0.28864825,0.26100963,,,0.2980765,0.28119397
0.5832274,0.57761765,0.88948685,0.2713582,0.3118692,0.30625945,,,0.2892772,0.26763868,,,0.2914486,0.27966696
0.5882505,0.5867679,0.891399,0.2836194,0.3046311,0.3031485,,,0.26429492,0.2732455,,,0.27655667,0.2812037
0.5778414,0.58277917,0.8895997,0.2710209,0.3068205,0.31175828,,,0.26891112,0.2726466,,,0.28563988,0.2890334
0.5843507,0.57361484,0.8900237,0.26794183,0.31640887,0.305673,,,0.28139335,0.2791872,,,0.2931804,0.28337884
0.5816231,0.5760503,0.8883531,0.26932025,0.31230283,0.30673003,,,0.26957202,0.26676005,,,0.2853623,0.2838934
0.5891062,0.57926023,0.8923062,0.27606022,0.31304598,0.3032,,,0.27767336,0.26753342,,,0.28610808,0.27551246
0.57462037,0.5823724,0.88826346,0.26872933,0.30589104,0.3136431,,,0.26284236,0.2770732,,,0.27850437,0.29266506
0.5808636,0.5785694,0.8881734,0.2712596,0.309604,0.3073098,,,0.27505708,0.25852656,,,0.2916265,0.27591562
0.58959526,0.5856036,0.8898001,0.28539872,0.30419654,0.30020487,,,0.272219,0.27147645,,,0.28621262,0.2788236
0.58352935,0.57822996,0.88962966,0.2721297,0.31139964,0.30610025,,,0.28806752,0.26629305,,,0.29646236,0.28867674
0.5814965,0.57997024,0.8894448,0.2720219,0.3094746,0.30794835,,,0.27524483,0.27431887,,,0.29114932,0.28619403
0.57969236,0.58117235,0.8906544,0.27021033,0.30948204,0.31096202,,,0.29849494,0.2799378,,,0.29611492,0.2894498
0.58328223,0.582602,0.8912803,0.27460396,0.30867827,0.30799806,,,0.2815858,0.28267616,,,0.29444987,0.2914375
0.5865515,0.5786464,0.8908915,0.27430636,0.31224513,0.30434006,,,0.25681466,0.28554922,,,0.28712875,0.290514
0.5829723,0.57893264,0.8908602,0.27104473,0.31192756,0.3078879,,,0.25112665,0.27212518,,,0.2806245,0.28030992
0.586488,0.58597547,0.89289486,0.27956855,0.30691946,0.30640692,,,0.28471416,0.28579754,,,0.29018742,0.28954488
0.5863433,0.58466756,0.8922695,0.27874136,0.30760193,0.3059262,,,0.28783727,0.27865064,,,0.29287487,0.28618264
0.59589744,0.5761932,0.89285785,0.2792328,0.31666464,0.2969604,,,0.29756492,0.2655323,,,0.29437304,0.27466577
0.5817212,0.5779867,0.88989747,0.26981044,0.31191075,0.30817628,,,0.2748326,0.28078848,,,0.2895277,0.28649557
0.5840291,0.5769526,0.8910266,0.26995504,0.31407404,0.30699754,,,0.28137016,0.25514823,,,0.2894454,0.276254
0.5721819,0.5819806,0.8893086,0.26485384,0.30732805,0.31712675,,,0.25601614,0.24130887,,,0.27528936,0.27530438
0.57557094,0.5775397,0.89191574,0.26119488,0.31437606,0.3163448,,,0.24882388,0.25720495,,,0.2753092,0.27875143
0.5873756,0.5763128,0.8887557,0.27493274,0.31244284,0.30138004,,,0.26166302,0.2818718,,,0.2843988,0.28771657
0.58068216,0.57480955,0.8900191,0.2654726,0.31520957,0.30933696,,,0.27134556,0.2650882,,,0.29001415,0.28616256
0.5825031,0.5778854,0.8906669,0.26972157,0.3127815,0.30816382,,,0.27485758,0.25769806,,,0.2896806,0.27591318
0.584905,0.581874,0.8910104,0.27576864,0.3091364,0.30610538,,,0.2853881,0.27659345,,,0.290788,0.28271765
0.57813686,0.57624996,0.8873083,0.26707846,0.3110584,0.3091715,,,0.26058233,0.2641518,,,0.28036958,0.2834807
0.58239985,0.58073664,0.8913604,0.27177608,0.31062376,0.30896056,,,0.2889356,0.26971334,,,0.2954337,0.28440934
0.5837766,0.575484,0.8901124,0.2691481,0.31462848,0.30633587,,,0.25335115,0.2579015,,,0.2795257,0.27663922
0.5818617,0.58356297,0.8917515,0.27367306,0.30818862,0.3098899,,,0.24866897,0.2847166,,,0.27657163,0.29050624
0.5826772,0.5821005,0.88948935,0.2752884,0.30738878,0.3068121,,,0.28789562,0.27967042,,,0.29166365,0.2879722
0.581633,0.57744664,0.88829654,0.270783,0.31084996,0.30666363,,,0.2725796,0.26160318,,,0.28684282,0.28018433
0.5876681,0.57276,0.8879839,0.27244413,0.315224,0.30031586,,,0.28246152,0.2779894,,,0.29550654,0.28400904
0.5801755,0.5831598,0.89142936,0.27190596,0.30826956,0.31125385,,,0.2710666,0.283947,,,0.2842825,0.29532808
0.5838269,0.5851722,0.8916296,0.2773695,0.3064574,0.30780268,,,0.26390946,0.2754236,,,0.2815354,0.2888221
0.5776002,0.5839784,0.88996124,0.2716174,0.30598277,0.312361,,,0.26658118,0.2925321,,,0.27720946,0.29058927
0.58639264,0.5761472,0.888905,0.27363485,0.3127578,0.30251235,,,0.28485477,0.2721094,,,0.29167527,0.28423554
0.5928595,0.57757103,0.89013135,0.2802992,0.31256032,0.29727185,,,0.27704734,0.27031732,,,0.29009062,0.27664042
0.5714052,0.57895064,0.89084923,0.25950658,0.3118986,0.31944406,,,0.27242762,0.2805053,,,0.2816565,0.28836673
0.5798542,0.5807986,0.88819754,0.27245533,0.30739886,0.3083433,,,0.27045715,0.26546794,,,0.27964574,0.28619736
0.57974494,0.58445936,0.8912233,0.27298105,0.3067639,0.31147832,,,0.27315784,0.27577084,,,0.2819568,0.29131007
0.5849844,0.5815537,0.8920251,0.274513,0.31047142,0.3070407,,,0.27460903,0.26991737,,,0.28914928,0.28160536
0.58134884,0.5765703,0.890856,0.26706314,0.3142857,0.30950713,,,0.27600187,0.26565355,,,0.29142988,0.28166425
0.57948804,0.5892539,0.88931483,0.2794271,0.30006093,0.3098268,,,0.26479012,0.28981322,,,0.2770084,0.29532188
0.58338,0.5827933,0.89145094,0.27472228,0.3086577,0.30807102,,,0.2806108,0.2782638,,,0.28744638,0.28460824
0.5787994,0.57977676,0.88893414,0.2696421,0.3091573,0.31013465,,,0.27885163,0.27914476,,,0.28656876,0.28602737
0.579654,0.57621413,0.8871647,0.26870334,0.31095064,0.3075108,,,0.2760986,0.25012434,,,0.2860248,0.26858914
0.5890003,0.5783411,0.89054143,0.27680004,0.31220025,0.3015411,,,0.25382757,0.26938736,,,0.27625877,0.28229696
0.5678685,0.58374083,0.8896846,0.26192468,0.3059438,0.32181615,,,0.25036412,0.2784533,,,0.26786244,0.2911579
0.5878426,0.5763272,0.89109397,0.27307582,0.31476676,0.3032514,,,0.2765816,0.2415933,,,0.29020143,0.27206588
0.58764756,0.5827189,0.89183146,0.27853507,0.3091125,0.30418384,,,0.26810503,0.27342457,,,0.28561836,0.28809935
0.58739054,0.5795562,0.89281833,0.27412844,0.3132621,0.3054278,,,0.28873497,0.29186797,,,0.29833585,0.29099953
0.58676213,0.5841613,0.8899263,0.28099716,0.30576497,0.30316412,,,0.26797217,0.2636299,,,0.27962983,0.28416598
0.5775687,0.5846672,0.8916589,0.27057707,0.30699164,0.31409013,,,0.25752813,0.28418916,,,0.27648318,0.29802567
0.5746802,0.5860332,0.8911007,0.26961273,0.30506748,0.3164205,,,0.27906036,0.28501105,,,0.2832775,0.2929083
0.58681333,0.58303213,0.89032996,0.2795155,0.30729783,0.30351663,,,0.26859248,0.25795895,,,0.28369486,0.28138828
0.57541096,0.57896554,0.8904131,0.2639634,0.31144756,0.31500214,,,0.27513713,0.2813177,,,0.2805516,0.2896654
0.57738495,0.5841335,0.89050776,0.2710107,0.30637425,0.3131228,,,0.2799647,0.2717747,,,0.28937852,0.28826427
0.5877384,0.5820881,0.8899967,0.2798298,0.3079086,0.3022583,,,0.26588202,0.2973885,,,0.28460592,0.29268026
0.58166945,0.58627725,0.89056563,0.27738106,0.3042884,0.30889618,,,0.27781665,0.27993596,,,0.28441495,0.28665507
0.58161277,0.5726941,0.88834846,0.26595843,0.31565434,0.3067357,,,0.24982452,0.25726396,,,0.2740388,0.27643907
0.57379687,0.5882496,0.8907681,0.27127832,0.30251855,0.3169713,,,0.2544098,0.25308746,,,0.2804777,0.28563923
0.5855545,0.57311463,0.888408,0.2702611,0.31529337,0.30285352,,,0.27752936,0.26734263,,,0.28457284,0.27685893
0.58071387,0.58509505,0.8912025,0.2746064,0.30610746,0.31048864,,,0.27481478,0.28344607,,,0.2854951,0.29280978
0.5797062,0.58684534,0.89002633,0.27652526,0.30318093,0.31032008,,,0.28100038,0.27746946,,,0.2843457,0.2897982
0.5772086,0.5786978,0.88873965,0.2671668,0.3100418,0.311531,,,0.2702037,0.2642733,,,0.2820711,0.27946258
0.5752634,0.5843533,0.8902595,0.2693572,0.30590618,0.31499612,,,0.26178682,0.2711168,,,0.27615374,0.28574276
0.586907,0.5848373,0.89239615,0.2793482,0.30755883,0.30548912,,,0.2799312,0.2900703,,,0.2879523,0.28840208
0.58275676,0.5770922,0.8904861,0.2693628,0.31339395,0.30772936,,,0.28328997,0.2686379,,,0.2920701,0.28338045
0.5797576,0.5882937,0.8883411,0.2797101,0.30004746,0.30858356,,,0.26620108,0.28156,,,0.27921462,0.28936225
0.58079445,0.5827768,0.88998467,0.27358657,0.30720788,0.3091902,,,0.25693095,0.28772962,,,0.2795447,0.28853494
0.5816027,0.5890749,0.8895779,0.28109974,0.30050296,0.30797517,,,0.264822,0.28217578,,,0.28051388,0.2914533
0.58162946,0.58047754,0.88989997,0.27220702,0.30942243,0.3082705,,,0.26750243,0.2761432,,,0.28281337,0.29086053
0.5866446,0.5846336,0.89230424,0.278974,0.3076706,0.3056596,,,0.2816434,0.2774263,,,0.2901494,0.28746116
0.5871672,0.5824783,0.891322,0.27832353,0.30884367,0.30415475,,,0.27600974,0.28065205,,,0.2880032,0.2887532
0.58580184,0.58004403,0.889535,0.27631086,0.30949098,0.30373317,,,0.26399243,0.24973142,,,0.28115964,0.2686321
0.57434785,0.5898763,0.88971436,0.2745098,0.29983807,0.3153665,,,0.27922302,0.26422238,,,0.28163922,0.28677958
0.58469856,0.5804101,0.89089245,0.27421623,0.31048232,0.3061939,,,0.28469437,0.27847558,,,0.29201603,0.2834587
0.57683975,0.58586866,0.88634413,0.27636427,0.30047548,0.3095044,,,0.27432054,0.27782738,,,0.2837032,0.28727227
0.5790111,0.5791246,0.8883762,0.26975948,0.3092516,0.30936515,,,0.27271217,0.25249422,,,0.2847094,0.27786535
0.58769894,0.5711869,0.88974375,0.2691421,0.31855685,0.3020448,,,0.26356465,0.25369018,,,0.28668904,0.2722966
0.57832885,0.5857662,0.8902699,0.27382517,0.30450368,0.31194103,,,0.27248418,0.2825777,,,0.28007364,0.2905969
0.57732314,0.5833992,0.89091074,0.2698115,0.30751163,0.31358767,,,0.26386577,0.2688617,,,0.28032458,0.28977883
0.5798842,0.5754546,0.888815,0.26652378,0.3133604,0.3089308,,,0.28920013,0.26880664,,,0.2928511,0.28557497
0.5853391,0.5786717,0.88931733,0.27469343,0.3106457,0.30397826,,,0.2925899,0.27672774,,,0.29698443,0.2859171
0.58643746,0.5762801,0.88803405,0.27468354,0.31175393,0.30159658,,,0.25611705,0.26114166,,,0.28392226,0.27804697
0.5834476,0.5840237,0.89152735,0.27594393,0.30750364,0.30807978,,,0.27788126,0.25715607,,,0.28542894,0.279369
0.58185947,0.5773652,0.8892211,0.27000368,0.3118558,0.30736154,,,0.271753,0.26736832,,,0.29016864,0.2779159
0.5748935,0.5724609,0.8872195,0.26013488,0.3147586,0.312326,,,0.27656102,0.2697525,,,0.28385788,0.28313392
0.5839645,0.57826746,0.8900108,0.27222115,0.31174338,0.3060463,,,0.26511133,0.25732017,,,0.2855662,0.2762984
0.57906365,0.58297944,0.8884153,0.27362782,0.30543584,0.30935162,,,0.28103298,0.287296,,,0.28836572,0.29415572
0.5716549,0.58241445,0.8897718,0.2642976,0.3073573,0.31811684,,,0.23410803,0.25770545,,,0.26648837,0.28319877
0.5727452,0.5862385,0.8889048,0.2700789,0.3026663,0.3161596,,,0.26242352,0.27939725,,,0.27688277,0.28886867
0.58605134,0.58386856,0.89192235,0.2779976,0.30805373,0.30587095,,,0.28440255,0.27040553,,,0.2844882,0.28130352
0.59104556,0.5745814,0.89191544,0.27371156,0.317334,0.30086982,,,0.2960506,0.27136886,,,0.29808736,0.2796989
0.582538,0.5813904,0.89000344,0.27392495,0.30861306,0.30746543,,,0.27738345,0.27333593,,,0.29258704,0.28254932
0.5770042,0.580309,0.89010435,0.26720876,0.30979544,0.31310022,,,0.27092493,0.2600122,,,0.28378725,0.28369987
0.5860861,0.586354,0.89087033,0.28156972,0.30451638,0.3047843,,,0.2746035,0.2465378,,,0.28730065,0.27684218
0.58166,0.5850071,0.8899266,0.27674037,0.3049196,0.3082667,,,0.29154944,0.2759089,,,0.2896235,0.28395313
0.5821302,0.5732249,0.8897916,0.2655635,0.3165667,0.3076614,,,0.25664788,0.26130062,,,0.28412205,0.27853835
0.5762353,0.5768203,0.8878106,0.26524508,0.3109902,0.31157523,,,0.27327412,0.24356192,,,0.28633225,0.27965558
0.5838462,0.58368397,0.890713,0.2768172,0.307029,0.30686677,,,0.2762801,0.27469206,,,0.2860834,0.28458947
0.57318884,0.57610726,0.88853395,0.2607621,0.31242675,0.31534517,,,0.24424052,0.26694018,,,0.2802207,0.28626078
0.5756558,0.5755596,0.88667715,0.2645383,0.31111753,0.31102133,,,0.24488056,0.27332962,,,0.2731306,0.28424168
0.5816017,0.57582235,0.88844055,0.26898342,0.31261826,0.30683893,,,0.27378738,0.26636088,,,0.2889434,0.27981913
0.580685,0.5787368,0.8898623,0.2695595,0.31112552,0.30917728,,,0.27290106,0.27352017,,,0.2847585,0.2856785
0.57364225,0.58906126,0.89102155,0.27168196,0.3019603,0.3173793,,,0.26483482,0.24765414,,,0.27702302,0.28082317
0.57843375,0.5777515,0.8879171,0.26826817,0.31016558,0.30948335,,,0.27881217,0.27758527,,,0.28557605,0.28896213
0.57874584,0.57545733,0.88925505,0.26494813,0.3137977,0.3105092,,,0.2534057,0.2518893,,,0.27808684,0.2756735
0.5832475,0.5806489,0.8905667,0.27332962,0.30991787,0.30731928,,,0.28024834,0.2724923,,,0.28651917,0.28221983
0.5752214,0.5762309,0.887375,0.2640773,0.3111441,0.31215358,,,0.26383543,0.26491243,,,0.28580672,0.2877314
0.5795649,0.5780307,0.8895889,0.26800674,0.3115582,0.31002396,,,0.25603294,0.28945512,,,0.2829846,0.2908919
0.5834707,0.58689016,0.89019275,0.28016806,0.30330265,0.3067221,,,0.27536798,0.27913356,,,0.28449166,0.2847584
0.57618487,0.57631874,0.8892124,0.26329118,0.3128937,0.31302756,,,0.29482841,0.27814412,,,0.29239523,0.28421628
0.5833955,0.5827349,0.8896532,0.2764771,0.30691838,0.30625778,,,0.28068614,0.2653023,,,0.29085708,0.28290755
0.5844692,0.58458406,0.89103276,0.27802056,0.30644864,0.3065635,,,0.26915413,0.28247738,,,0.28733844,0.2917251
0.5844927,0.58239174,0.8917556,0.27512884,0.30936384,0.3072629,,,0.267124,0.26880312,,,0.28255183,0.28070414
0.5877724,0.57951105,0.88864285,0.2786407,0.30913174,0.30087036,,,0.269341,0.26999617,,,0.28434175,0.2763822
0.579915,0.5738425,0.8886865,0.2650711,0.3148439,0.30877143,,,0.27333325,0.24576992,,,0.28387976,0.2736618
0.59078074,0.5870834,0.89173716,0.2861269,0.30465382,0.3009565,,,0.2850436,0.28568894,,,0.29266298,0.28834587
0.58249027,0.57843316,0.8879725,0.272951,0.30953926,0.30548215,,,0.2466681,0.2755401,,,0.27612215,0.28818083
0.5859051,0.5793849,0.89202905,0.27326095,0.31264412,0.30612397,,,0.28822738,0.27374828,,,0.29383278,0.2792735
0.5786112,0.57739216,0.89030087,0.2657025,0.3129087,0.31168967,,,0.273569,0.2699517,,,0.28910124,0.2855841
0.5849228,0.57703364,0.88988364,0.2720728,0.31285,0.30496085,,,0.26369852,0.24334258,,,0.28096128,0.27145278
0.5824971,0.58015466,0.89005315,0.27259862,0.3098985,0.30755603,,,0.26237082,0.26778698,,,0.28315282,0.2817638
0.5800313,0.5776682,0.89070266,0.2669968,0.31303447,0.3106714,,,0.2718143,0.2705524,,,0.29104638,0.28804618
0.5859438,0.582327,0.89053047,0.27774036,0.30820346,0.30458665,,,0.26354772,0.26629436,,,0.2843067,0.28318954
0.58408654,0.5828513,0.8904439,0.2764939,0.30759263,0.30635738,,,0.2926156,0.25981158,,,0.29282224,0.28346413
0.5848005,0.58313185,0.89113975,0.27679253,0.30800796,0.30633932,,,0.26526135,0.26898456,,,0.28105104,0.2846564
0.5793247,0.58252996,0.89035153,0.2715032,0.3078215,0.31102675,,,0.28275424,0.26919174,,,0.28393275,0.28570658
0.5740656,0.57675993,0.8886296,0.2621959,0.31186974,0.31456405,,,0.26038378,0.25759977,,,0.2768482,0.28250283
0.5697023,0.585443,0.8886583,0.26648712,0.3032152,0.3189559,,,0.25186813,0.28450793,,,0.2756576,0.29984576
0.57819986,0.5716554,0.88751984,0.26233542,0.31586444,0.30931997,,,0.25148588,0.25952244,,,0.2819947,0.2815379
0.5887263,0.5743232,0.89187837,0.2711711,0.3175552,0.30315208,,,0.2860685,0.27770793,,,0.2986974,0.28106928
0.57916296,0.5765121,0.88875765,0.2669174,0.31224555,0.3095947,,,0.28125685,0.2841199,,,0.29271102,0.2893741
0.58287454,0.5769416,0.88998425,0.2698319,0.31304264,0.3071097,,,0.275378,0.2517408,,,0.2919109,0.27376288
0.5789323,0.5782533,0.88680357,0.270382,0.3085503,0.30787134,,,0.2600541,0.27188432,,,0.28089446,0.28471363
0.580523,0.5908434,0.89014053,0.28122592,0.2992971,0.30961746,,,0.2874121,0.28509408,,,0.2831136,0.28797698
0.58055544,0.58772457,0.8909654,0.2773146,0.30324084,0.31040996,,,0.27695477,0.27698332,,,0.2859919,0.29167014
0.5809028,0.58522284,0.89026904,0.2758566,0.3050462,0.30936623,,,0.26924866,0.26493406,,,0.2818396,0.2823395
0.5782641,0.58782566,0.8906979,0.27539188,0.30287224,0.31243378,,,0.2742837,0.28726143,,,0.28226608,0.29495305
0.5826386,0.581792,0.89172506,0.27270555,0.30993307,0.30908644,,,0.27971655,0.25961906,,,0.28296202,0.27726835
0.58948815,0.58622813,0.8920186,0.28369766,0.30579048,0.30253047,,,0.300996,0.2830739,,,0.29688764,0.28120804
0.57672554,0.58410966,0.8881079,0.27272737,0.30399817,0.3113823,,,0.2661988,0.2599815,,,0.28537107,0.28113127
0.57894826,0.58252037,0.892801,0.26866764,0.31028062,0.31385273,,,0.26572186,0.27282268,,,0.28335625,0.28875792
0.5847813,0.58043337,0.8895925,0.27562213,0.30915916,0.30481124,,,0.27329707,0.26946145,,,0.28923017,0.27855778
0.5854676,0.5807931,0.88850653,0.2777542,0.3077134,0.3030389,,,0.2585379,0.2732004,,,0.27935648,0.28396124
0.57798696,0.57984984,0.8892852,0.2685516,0.30943537,0.31129825,,,0.25759584,0.26071286,,,0.28902107,0.2817521
0.5818224,0.5790731,0.88935876,0.2715367,0.3102857,0.30753636,,,0.23842204,0.25944626,,,0.27501607,0.27698654
0.579332,0.5849277,0.8906497,0.27361,0.305722,0.31131768,,,0.28376853,0.2759701,,,0.2925974,0.2873119
0.5856966,0.5761835,0.89028317,0.27159685,0.31409973,0.30458665,,,0.26826173,0.28312498,,,0.28737265,0.29107207
0.5758504,0.58183956,0.8907181,0.26697195,0.30887848,0.31486762,,,0.23867118,0.27027714,,,0.27618212,0.2869057
0.57556367,0.57970667,0.8875312,0.26773912,0.30782455,0.31196755,,,0.25583386,0.2639323,,,0.27594846,0.29015458
0.58292794,0.57518494,0.88998663,0.26812625,0.3148017,0.3070587,,,0.27065784,0.24547803,,,0.2874019,0.2710142
0.5799692,0.5834655,0.89063454,0.2728002,0.30716902,0.3106653,,,0.27281845,0.27044493,,,0.2861126,0.28604823
0.5747065,0.57934,0.88704616,0.26700038,0.30770612,0.3123396,,,0.24794203,0.25797927,,,0.27207333,0.28086555
0.57978487,0.57493436,0.89026767,0.26445156,0.3153333,0.3104828,,,0.26500314,0.25929517,,,0.28896433,0.2806716
0.58659655,0.5801201,0.8896572,0.27705938,0.30953717,0.3030607,,,0.27602148,0.25797933,,,0.28906137,0.2768634
0.5840578,0.57851195,0.8872419,0.27532786,0.30872995,0.3031841,,,0.2859763,0.25564408,,,0.29458857,0.27722418
0.5765555,0.5835355,0.89027536,0.26981556,0.30673993,0.31371993,,,0.2614324,0.2820444,,,0.27711332,0.28813422
0.58056176,0.57702976,0.89248896,0.26510262,0.31545913,0.31192714,,,0.26777577,0.2914424,,,0.28762686,0.29015517
0.5810558,0.58253455,0.8940938,0.26949662,0.3115592,0.31303793,,,0.28547835,0.26952392,,,0.2915765,0.28274918
0.5793749,0.5861429,0.88902247,0.27649534,0.30287957,0.30964756,,,0.24222046,0.27192664,,,0.27085334,0.29190516
0.5788566,0.5720298,0.8883423,0.2625441,0.3163125,0.30948573,,,0.24780339,0.2589851,,,0.28235382,0.27948928
0.5875814,0.5715034,0.89259064,0.26649415,0.32108724,0.30500925,,,0.28181332,0.2515973,,,0.29911643,0.26987094
0.5815079,0.5790042,0.8895779,0.27093428,0.31057364,0.30806994,,,0.26397753,0.27127224,,,0.28583091,0.2865842
0.5837316,0.5780648,0.8870029,0.27479345,0.30893815,0.30327135,,,0.241647,0.27929163,,,0.26958722,0.2845677
0.5849414,0.5849515,0.8893547,0.2805382,0.3044032,0.30441332,,,0.26987576,0.26142806,,,0.28554899,0.27472883
0.5787133,0.5845205,0.88895595,0.2742778,0.3044355,0.3102427,,,0.26584822,0.26868665,,,0.28120577,0.2857203
0.5771235,0.58065206,0.88804007,0.26973557,0.30738795,0.31091648,,,0.26087695,0.26299644,,,0.28341073,0.28141057
0.5797855,0.5803262,0.8895134,0.2705983,0.30918723,0.3097279,,,0.27495646,0.25879884,,,0.2867573,0.27740198
0.5827446,0.5760041,0.88782215,0.27092648,0.31181812,0.3050776,,,0.2433663,0.24246782,,,0.27760148,0.26749378
0.5822176,0.58149374,0.89343256,0.27027875,0.31193882,0.31121498,,,0.2806031,0.28747284,,,0.28869802,0.29017758
0.5851057,0.58155185,0.8910535,0.27560407,0.30950165,0.30594778,,,0.28049064,0.28282553,,,0.29002386,0.29030788
0.58199203,0.5831529,0.8911465,0.27399844,0.3079936,0.30915445,,,0.2920438,0.2902298,,,0.2912022,0.28972417
0.5810087,0.5739046,0.88862956,0.26628363,0.31472504,0.30762094,,,0.26603973,0.26131445,,,0.29104912,0.28173828
0.5751909,0.5775472,0.8885676,0.26417047,0.31102043,0.31337672,,,0.27364892,0.27215916,,,0.2865613,0.28633738
0.57757884,0.587425,0.88876224,0.27624154,0.3013373,0.31118345,,,0.26223147,0.28500754,,,0.28291953,0.29933584
0.5823686,0.58201635,0.8899095,0.27447546,0.30789316,0.3075409,,,0.291476,0.2701648,,,0.29391277,0.2845471
0.57696086,0.58662814,0.88985825,0.27373075,0.3032301,0.31289738,,,0.27490813,0.27855474,,,0.28525412,0.29487288
0.576918,0.5711113,0.89010626,0.25792307,0.31899494,0.31318825,,,0.24834126,0.2711897,,,0.28350413,0.28358036
0.57800686,0.585834,0.89043146,0.27340943,0.30459744,0.3124246,,,0.27667874,0.28607237,,,0.28293043,0.296346
0.582595,0.5808653,0.8885233,0.27493697,0.30765802,0.30592835,,,0.27775937,0.24926054,,,0.28772986,0.27088267
0.58432674,0.5794091,0.89103734,0.27269852,0.31162822,0.3067106,,,0.26754338,0.26122147,,,0.2862913,0.2840451
0.5847535,0.58060145,0.889975,0.27537996,0.30937356,0.3052215,,,0.27404362,0.2886291,,,0.28475702,0.29028207
0.57310534,0.57390153,0.88998,0.25702685,0.31607848,0.31687468,,,0.25648135,0.24061453,,,0.27965736,0.27533472
0.5830507,0.57762957,0.888135,0.27254528,0.31050545,0.3050843,,,0.2785409,0.2597713,,,0.28749865,0.27796525
0.5873593,0.5814495,0.8893143,0.27949452,0.3078648,0.30195498,,,0.2727303,0.2631725,,,0.28608608,0.2779562
0.58503217,0.58341575,0.8921637,0.27628428,0.3087479,0.30713147,,,0.278472,0.25946903,,,0.2828027,0.2729774
0.58214563,0.58306956,0.8909233,0.27429193,0.3078537,0.30877763,,,0.2471947,0.27832675,,,0.280212,0.28941542
0.584314,0.5762495,0.88903904,0.27152443,0.31278956,0.30472505,,,0.27667218,0.2671581,,,0.28658324,0.2806418
0.5727708,0.58653414,0.89015704,0.2691478,0.30362296,0.31738633,,,0.27046543,0.27939743,,,0.2796533,0.2929582
0.5819521,0.5820178,0.89058393,0.27338594,0.30856615,0.30863184,,,0.27239424,0.2809795,,,0.2847563,0.28773868
0.57646894,0.58858514,0.88807476,0.27697933,0.29948962,0.3116058,,,0.2488957,0.2693557,,,0.27121854,0.28637826
0.58503187,0.57973945,0.891147,0.2736243,0.31140757,0.30611515,,,0.28027755,0.28200632,,,0.28553158,0.28240865
0.5839776,0.5828439,0.89278895,0.27403253,0.30994505,0.30881137,,,0.2933898,0.28844434,,,0.29483104,0.29077327
0.58261263,0.58415496,0.8905995,0.2761681,0.30644453,0.30798686,,,0.2781636,0.28927213,,,0.28623742,0.28817946
0.58225775,0.5861694,0.88953966,0.27888757,0.30337018,0.30728185,,,0.2681486,0.2689293,,,0.28257793,0.28422487
0.5747098,0.5850549,0.8910235,0.26874113,0.30596864,0.31631374,,,0.25678283,0.28217572,,,0.27568692,0.29720402
0.5856531,0.5834217,0.88990635,0.27916843,0.3064847,0.30425328,,,0.2666586,0.26889652,,,0.28414387,0.27968198
0.58041143,0.5828309,0.89086187,0.27238047,0.30803096,0.31045043,,,0.26533574,0.26190388,,,0.28526008,0.27968204
0.59185696,0.58148956,0.8939188,0.2794277,0.31242925,0.30206186,,,0.3016954,0.2852071,,,0.2948752,0.2862997
0.575327,0.5727949,0.89200765,0.25611418,0.3192128,0.31668073,,,0.25183702,0.25332314,,,0.27854764,0.2853251
0.5758127,0.5828515,0.8898962,0.268768,0.30704468,0.31408352,,,0.26114506,0.2670753,,,0.27679318,0.28335452
0.579952,0.5822077,0.891663,0.27049667,0.30945534,0.311711,,,0.2819606,0.29405266,,,0.28713286,0.2964762
0.58681107,0.58223987,0.8897729,0.27927804,0.30753303,0.30296183,,,0.2647587,0.25866306,,,0.28346556,0.27711898
0.57646775,0.58115745,0.88965553,0.26796967,0.30849808,0.31318778,,,0.25763375,0.2580307,,,0.28370947,0.28210485
0.5797206,0.5759183,0.89031774,0.2653212,0.31439942,0.31059712,,,0.27496433,0.26052636,,,0.28908378,0.27941406
0.5804565,0.58085406,0.89258385,0.2687267,0.3117298,0.31212735,,,0.258915,0.24375397,,,0.2814064,0.272601
0.5826025,0.5758735,0.88971084,0.26876515,0.31383735,0.30710834,,,0.2817834,0.26134527,,,0.29086435,0.28314155
0.5729042,0.57940173,0.88797647,0.2643295,0.30857474,0.31507224,,,0.25230908,0.27533972,,,0.27602577,0.29208374
0.5843463,0.58992004,0.89186877,0.28239757,0.30194873,0.30752248,,,0.28972447,0.29775304,,,0.28939623,0.29481483
0.5872097,0.5851767,0.8904027,0.28198373,0.30522597,0.30319297,,,0.26871574,0.26743275,,,0.2847553,0.28401005
0.5791557,0.5724992,0.8876109,0.26404405,0.31511164,0.30845517,,,0.2780425,0.2705497,,,0.28653026,0.2840804
0.5807394,0.5815804,0.88961977,0.2727,0.30803937,0.3088804,,,0.24525672,0.26159632,,,0.27702552,0.27760464
0.578825,0.5778153,0.8891376,0.26750267,0.31132233,0.31031263,,,0.27914196,0.2803241,,,0.28980035,0.2919305
0.57852876,0.5769253,0.89003193,0.2654221,0.31310666,0.31150317,,,0.27779967,0.25579995,,,0.29070246,0.28670436
0.5823029,0.5788224,0.88821507,0.27291024,0.3093927,0.30591214,,,0.27456337,0.28788298,,,0.28771704,0.29117918
0.5765108,0.58509624,0.8908404,0.27076662,0.30574417,0.31432962,,,0.27567017,0.2672692,,,0.28726977,0.29111594
0.58521676,0.5816734,0.89051193,0.2763782,0.30883855,0.30529517,,,0.28015858,0.26901394,,,0.28505063,0.28464514
0.56928325,0.576954,0.88855827,0.257679,0.31160426,0.31927502,,,0.2702188,0.27634943,,,0.28208518,0.28976
0.5825088,0.5806194,0.88934827,0.27377987,0.30872893,0.30683953,,,0.25551885,0.26623046,,,0.2796262,0.28356355
0.5783333,0.57899773,0.8873356,0.2699954,0.30833793,0.30900234,,,0.24629772,0.26005214,,,0.27610385,0.2860182
0.5830137,0.5838393,0.88938355,0.2774694,0.30554432,0.3063699,,,0.27664018,0.2921483,,,0.28173602,0.28952366
0.5808805,0.5828841,0.88948804,0.27427655,0.30660397,0.30860752,,,0.26646805,0.28685665,,,0.28549016,0.28840262
0.57967496,0.579687,0.8913459,0.26801604,0.31165892,0.31167096,,,0.25515383,0.25441134,,,0.28054172,0.27873576
0.5849308,0.57942957,0.89068294,0.27367735,0.31125343,0.30575222,,,0.2992242,0.29026365,,,0.29371434,0.28990924
0.57079786,0.5799669,0.8883269,0.26243782,0.30836004,0.31752908,,,0.24221951,0.26058525,,,0.27224106,0.2851873
0.5778712,0.58342254,0.8908235,0.27047026,0.30740094,0.31295228,,,0.27792037,0.28424263,,,0.2905566,0.2944674
0.5794319,0.5834659,0.8905591,0.27233875,0.30709314,0.31112713,,,0.28657794,0.27365792,,,0.29132742,0.28334957
0.57853794,0.5877895,0.8903723,0.2759552,0.30258274,0.31183428,,,0.24628556,0.29042304,,,0.27150506,0.29703337
0.58078885,0.57827234,0.888293,0.27076817,0.3100207,0.30750418,,,0.27363658,0.26540905,,,0.2914737,0.27899528
0.585893,0.57395136,0.8881353,0.27170908,0.3141839,0.30224228,,,0.26782656,0.25771183,,,0.28668648,0.2779826
0.5811969,0.5798948,0.8898143,0.27127737,0.30991954,0.3086174,,,0.27925503,0.25602007,,,0.2831415,0.27939528
0.58492696,0.57740337,0.88871896,0.27361143,0.31131554,0.30379194,,,0.2658562,0.25493145,,,0.28812915,0.27208024
0.5716015,0.57927513,0.8887447,0.26213193,0.30946958,0.3171432,,,0.2757318,0.28004247,,,0.28501076,0.28362554
0.5845138,0.58455896,0.8893671,0.27970564,0.30480814,0.30485332,,,0.29040486,0.2763782,,,0.29125488,0.2850793
0.5790716,0.570135,0.8879621,0.26124454,0.31782705,0.30889046,,,0.25934267,0.253529,,,0.2837817,0.27463514
0.5805769,0.57425284,0.88978356,0.26504618,0.31553072,0.30920666,,,0.26837534,0.25815576,,,0.28589797,0.27817982
0.5837389,0.5769285,0.8892087,0.27145875,0.31228018,0.30546975,,,0.28893322,0.26617074,,,0.29790568,0.27941853
0.5891347,0.5820203,0.8914645,0.2796905,0.3094442,0.30232978,,,0.289917,0.2666661,,,0.29423416,0.28383946
0.5844228,0.57467985,0.8901559,0.26894677,0.31547606,0.30573308,,,0.27976716,0.2775913,,,0.28603613,0.2783323
0.58845663,0.58498037,0.8900307,0.28340632,0.3050503,0.30157405,,,0.29214066,0.27912843,,,0.2948271,0.2858653
0.5774405,0.57571614,0.8893569,0.26379973,0.31364077,0.3119164,,,0.2502058,0.2675979,,,0.27718592,0.2889331
0.58376014,0.5841956,0.8920845,0.27587128,0.30788887,0.30832434,,,0.26732224,0.2739135,,,0.28272492,0.2874211
0.5768786,0.5846627,0.8863793,0.27516192,0.3017167,0.30950075,,,0.25214857,0.28384405,,,0.27220756,0.29146284
0.58251595,0.59027123,0.8920884,0.28069878,0.30181718,0.30957246,,,0.27932358,0.30246818,,,0.27879125,0.29887366
0.58413017,0.57809174,0.8898507,0.27237123,0.31175894,0.3057205,,,0.26825315,0.2533806,,,0.28726447,0.27837455
0.57642096,0.58584607,0.89103824,0.27122873,0.30519223,0.31461734,,,0.28681207,0.2852078,,,0.28976828,0.29718864
0.58417225,0.57281375,0.889051,0.26793498,0.31623727,0.30487877,,,0.27754205,0.26653224,,,0.28510648,0.27577496
0.5825832,0.57908523,0.89157075,0.27009767,0.31248552,0.30898756,,,0.27965063,0.27818114,,,0.29067904,0.28311056
0.5853192,0.5773382,0.8883888,0.2742687,0.31105053,0.30306953,,,0.2633981,0.25038153,,,0.28149343,0.26852155
0.5812318,0.5811504,0.8907963,0.27158582,0.30964595,0.3095646,,,0.26968604,0.27818453,,,0.28544378,0.29107487
0.5840242,0.5864987,0.89181995,0.27870297,0.30532122,0.3077957,,,0.25755125,0.27751702,,,0.2791227,0.28250837
0.58121264,0.5853938,0.8884969,0.27810955,0.3031031,0.30728424,,,0.25717783,0.28236884,,,0.2756852,0.29551345
0.58224493,0.5735527,0.88856035,0.26723737,0.31500757,0.30631536,,,0.27523363,0.24198586,,,0.28811097,0.2718618
0.5741205,0.58455014,0.8909067,0.26776397,0.30635655,0.31678617,,,0.27115172,0.2563643,,,0.28232354,0.2886616
0.58484554,0.5802115,0.8899064,0.27515066,0.3096949,0.30506086,,,0.25559133,0.2502615,,,0.2831124,0.27810776
0.5718651,0.5800913,0.8868061,0.26515025,0.30671483,0.31494105,,,0.26775974,0.2804019,,,0.2792747,0.2870475
0.57650197,0.57423556,0.88875926,0.26197827,0.3145237,0.3122573,,,0.25068295,0.26323128,,,0.27815318,0.2785474
0.57473147,0.5866507,0.8900211,0.2713611,0.30337036,0.31528962,,,0.2656259,0.2607419,,,0.28110677,0.2903015
0.5861106,0.5750408,0.8903659,0.2707855,0.31532508,0.3042553,,,0.26572102,0.25424457,,,0.2851624,0.27006626
0.57782614,0.57554,0.8891417,0.2642244,0.31360173,0.3113156,,,0.26108444,0.27150702,,,0.28389078,0.28606683
0.5772931,0.5761434,0.88839364,0.26504278,0.31225032,0.3111006,,,0.24060762,0.27150083,,,0.27574748,0.28742504
0.5736178,0.58411074,0.8904669,0.26726162,0.3063562,0.3168491,,,0.24434274,0.25666732,,,0.27339172,0.2847069
0.57729256,0.58396065,0.8893941,0.2718591,0.30543345,0.31210154,,,0.2753237,0.2822579,,,0.28293288,0.2881642
0.5730829,0.5830312,0.8910617,0.26505238,0.30803055,0.3179788,,,0.2584502,0.27023524,,,0.27891046,0.2906416
0.5902238,0.58185667,0.891456,0.2806245,0.30959928,0.30123216,,,0.30215198,0.28014922,,,0.29986525,0.2843144
0.5887835,0.57373065,0.89228225,0.27023196,0.31855154,0.3034987,,,0.2662577,0.2632593,,,0.28576565,0.27528286
0.57932377,0.580032,0.8887765,0.27057928,0.3087445,0.3094527,,,0.27101922,0.26376742,,,0.28524458,0.28729582
0.5890923,0.57544196,0.88776267,0.27677166,0.31232065,0.2986703,,,0.2729844,0.28366172,,,0.29368722,0.2882644
0.573456,0.5808525,0.8877895,0.26651907,0.30693692,0.31433344,,,0.26092774,0.26371872,,,0.28020436,0.28349268
0.5787057,0.5789974,0.89023,0.26747316,0.31123257,0.3115242,,,0.26161444,0.28463185,,,0.2833153,0.29409415
0.5816198,0.57539487,0.8895885,0.26742613,0.31419367,0.30796874,,,0.27274817,0.24983901,,,0.29266995,0.2749781
0.5874162,0.58503795,0.8914476,0.28100652,0.30640966,0.30403143,,,0.30076653,0.2940395,,,0.29416597,0.29186845
0.5787064,0.5772402,0.88783866,0.26810795,0.31059843,0.30913228,,,0.24485183,0.2727049,,,0.2745514,0.28457785
0.5772173,0.57282484,0.8889086,0.26113343,0.31608385,0.3116914,,,0.26871407,0.2568664,,,0.28185105,0.27609307
0.5756849,0.5755762,0.88846016,0.26280093,0.31288397,0.31277525,,,0.2739045,0.26160634,,,0.29048955,0.28219038
0.5830258,0.57289934,0.8888098,0.26711535,0.31591046,0.305784,,,0.27457315,0.26207387,,,0.29234076,0.2765466
0.5738354,0.5780449,0.88993037,0.2619499,0.31188548,0.316095,,,0.23344624,0.25555348,,,0.2713852,0.2854101
0.57783127,0.5769193,0.8897839,0.26496667,0.3128646,0.31195265,,,0.26346344,0.26857346,,,0.28054357,0.28445035
0.5757704,0.579385,0.889448,0.26570743,0.31006294,0.31367755,,,0.2674862,0.26834822,,,0.285066,0.28754902
0.58091927,0.5775709,0.8884173,0.27007288,0.3108464,0.30749804,,,0.2771151,0.275876,,,0.2862543,0.29247844
0.5816824,0.58139986,0.8904935,0.27258873,0.30909365,0.30881113,,,0.26671773,0.26179785,,,0.28607583,0.28242248
0.57193637,0.5761276,0.88813376,0.25993013,0.31200624,0.31619745,,,0.24006915,0.254669,,,0.26863873,0.27723962
0.5807326,0.58003443,0.8906651,0.27010196,0.31063062,0.30993247,,,0.28058612,0.27969462,,,0.2906059,0.28987324
0.5828192,0.57453704,0.89004606,0.2673102,0.31550902,0.30722684,,,0.2676136,0.23062897,,,0.28758246,0.26693612
0.58091605,0.582106,0.8886697,0.2743523,0.30656374,0.30775368,,,0.27911323,0.26923007,,,0.2908579,0.2857527
0.58361053,0.5753132,0.891013,0.26791072,0.31569982,0.3074025,,,0.28540218,0.27148676,,,0.2900082,0.28249353
0.5838612,0.573539,0.88767105,0.26972908,0.3141321,0.30380994,,,0.25825095,0.2650348,,,0.28246778,0.27856445
0.5756867,0.5822059,0.8895731,0.2683195,0.3073672,0.3138864,,,0.26810545,0.26438713,,,0.28357834,0.28501874
0.58152795,0.5893314,0.89194095,0.2789184,0.30260956,0.310413,,,0.26076937,0.2827748,,,0.28091592,0.29201555
0.58287287,0.58116657,0.8905515,0.27348787,0.309385,0.3076787,,,0.24868596,0.25102413,,,0.2803042,0.2799273
0.5842223,0.58418834,0.89080185,0.2776088,0.3066135,0.30657953,,,0.2609403,0.28545982,,,0.28322667,0.29477382
0.58911014,0.57598513,0.88890815,0.27618718,0.31292295,0.29979795,,,0.28240848,0.2650239,,,0.29490447,0.2842517
0.58863956,0.5813829,0.8913988,0.2786237,0.31001586,0.30275917,,,0.29329878,0.27735317,,,0.29714411,0.28047132
0.58267236,0.58014286,0.88952166,0.27329355,0.3093788,0.3068493,,,0.24835223,0.26464665,,,0.27623713,0.2798975
0.5890227,0.57899415,0.8913088,0.27670813,0.31231457,0.30228603,,,0.28230983,0.25483912,,,0.29221892,0.27660805
0.5793846,0.5806039,0.88917696,0.27081156,0.30857307,0.30979234,,,0.26938003,0.3046106,,,0.2783928,0.29577166
0.5797881,0.57868755,0.8895505,0.26892513,0.31086296,0.30976242,,,0.260041,0.25815123,,,0.28444594,0.28494984
0.56902313,0.57755363,0.8892491,0.25732768,0.31169546,0.32022595,,,0.24631125,0.26109177,,,0.274482,0.28589237
0.5835264,0.58337843,0.8907576,0.2761472,0.3073792,0.30723125,,,0.26795024,0.26301718,,,0.28141224,0.28491145
0.5821953,0.5727805,0.8886156,0.26636016,0.31583512,0.30642033,,,0.28371805,0.2627275,,,0.29380465,0.28171718
0.58324623,0.5831177,0.88984823,0.27651572,0.3067305,0.306602,,,0.28323692,0.2642889,,,0.29421437,0.2825393
0.581341,0.57476443,0.88942146,0.26668406,0.31465697,0.30808038,,,0.26263422,0.27656245,,,0.28286552,0.28537697
0.5774344,0.5816281,0.89006525,0.26899725,0.30843717,0.31263083,,,0.25794226,0.28628212,,,0.28059483,0.2948714
0.58075035,0.584475,0.8918358,0.27338946,0.3073609,0.31108552,,,0.27293634,0.29735404,,,0.2875445,0.29669923
0.5841498,0.5831511,0.8916691,0.27563184,0.30851793,0.30751926,,,0.27636898,0.28597915,,,0.2882095,0.29476643
0.58417225,0.58586967,0.8917514,0.2782905,0.30588174,0.30757916,,,0.27890837,0.2820089,,,0.28847766,0.29363555
0.58388954,0.57572794,0.8902521,0.2693653,0.31452423,0.30636263,,,0.2645455,0.27852136,,,0.28552842,0.28564692
0.56968015,0.58076215,0.88958037,0.260862,0.30881816,0.31990016,,,0.25788456,0.26750273,,,0.2766695,0.28555167
0.5878184,0.5796662,0.88969517,0.27778935,0.31002903,0.30187684,,,0.27047092,0.28320438,,,0.28735787,0.28160995
0.5812067,0.5906412,0.892989,0.27885884,0.30234784,0.31178236,,,0.28311348,0.2622028,,,0.2868513,0.28687447
0.5878769,0.5838468,0.89126635,0.28045738,0.30741954,0.30338943,,,0.2688725,0.2631948,,,0.2875476,0.28196108
0.575988,0.594491,0.88989484,0.28058422,0.29540378,0.3139068,,,0.25321102,0.29337347,,,0.27200794,0.30244666
0.58687675,0.5838186,0.8888468,0.2818485,0.30502826,0.30197012,,,0.26891863,0.25532502,,,0.2863608,0.27696204
0.5728431,0.5786114,0.88715494,0.2642995,0.30854356,0.31431186,,,0.25826168,0.26465768,,,0.2804805,0.27994674
0.57474947,0.58401394,0.8888253,0.2699381,0.30481136,0.31407583,,,0.24307007,0.26188064,,,0.2717142,0.2850414
0.5878149,0.5825282,0.8896731,0.28067005,0.30714488,0.30185813,,,0.27409583,0.27417898,,,0.287068,0.28633803
0.5743574,0.5806414,0.8882782,0.2667206,0.3076368,0.3139208,,,0.2499342,0.27433205,,,0.27871966,0.2925464
0.5698383,0.57601434,0.88729024,0.25856233,0.31127596,0.317452,,,0.24194878,0.23992974,,,0.2723034,0.27250707
0.5778858,0.57825553,0.88823915,0.26790214,0.30998367,0.3103534,,,0.2687837,0.26873934,,,0.28484035,0.28137606
0.5794008,0.58266926,0.8905141,0.27155596,0.30784482,0.3111133,,,0.26694888,0.26849955,,,0.281659,0.28504986
0.57854414,0.57879424,0.88990057,0.26743782,0.31110632,0.31135643,,,0.25218052,0.2705847,,,0.2764358,0.28710157
0.586158,0.580378,0.88973,0.276806,0.30935198,0.303572,,,0.27080995,0.24879664,,,0.2902876,0.2724284
0.57139945,0.5824672,0.8895903,0.26427633,0.30712312,0.31819087,,,0.24574852,0.2500186,,,0.27318394,0.2830863
0.5805913,0.57923174,0.88779366,0.2720294,0.30856192,0.30720234,,,0.2645331,0.269363,,,0.2825836,0.28350413
0.57510203,0.5799872,0.88979036,0.2652989,0.30980313,0.31468832,,,0.24138308,0.28046632,,,0.26915473,0.29288834
0.57682383,0.57793486,0.8879551,0.26680356,0.31002027,0.3111313,,,0.24395704,0.24808317,,,0.27527428,0.2756698
0.5864557,0.5741143,0.889624,0.27094603,0.31550968,0.3031683,,,0.262057,0.2670557,,,0.29122883,0.27883226
0.5798466,0.5898844,0.89135504,0.27837598,0.30147064,0.31150842,,,0.26502085,0.26842588,,,0.28552175,0.28621334
0.5873375,0.5762346,0.88986427,0.2737078,0.3136297,0.30252677,,,0.30935198,0.29223418,,,0.3005687,0.28944457
0.58411086,0.58352447,0.89106315,0.27657217,0.3075387,0.3069523,,,0.27213746,0.2651552,,,0.28124392,0.28699982
0.57799405,0.58183,0.8906944,0.26912975,0.3088643,0.31270027,,,0.289131,0.2819159,,,0.28484124,0.28851968
0.58463824,0.5803411,0.88961405,0.2753653,0.30927294,0.3049758,,,0.28793436,0.27724987,,,0.29480493,0.2868865
0.5762923,0.5828234,0.8904822,0.26863348,0.3076588,0.3141899,,,0.26278955,0.27876383,,,0.2760452,0.28785503
0.57532465,0.57322514,0.8902954,0.2582544,0.31707025,0.31497073,,,0.258318,0.2687229,,,0.28440952,0.28730285
0.58272046,0.5812677,0.8915641,0.27242404,0.31029642,0.30884367,,,0.27365005,0.29204005,,,0.28308016,0.28787774
0.5762118,0.5748811,0.88888025,0.26221263,0.31399918,0.31266844,,,0.2724164,0.27021146,,,0.2923652,0.28670466
0.5798288,0.5830442,0.88982546,0.27304757,0.30678123,0.3099966,,,0.27269322,0.2866376,,,0.28075373,0.28810358
0.5867106,0.57429045,0.891233,0.26976794,0.31694263,0.3045225,,,0.2908219,0.28150535,,,0.29739362,0.28600097
0.57818913,0.5788448,0.88739896,0.26963496,0.30855417,0.30920982,,,0.27054948,0.2686016,,,0.280486,0.284747
0.58703804,0.5723346,0.88919777,0.2701748,0.31686324,0.3021598,,,0.28241456,0.27670926,,,0.29745543,0.28743088
0.58021986,0.58638525,0.88940024,0.27720487,0.303015,0.30918038,,,0.28425354,0.28832918,,,0.28706658,0.29319453
0.57929134,0.5768509,0.88955706,0.26658517,0.31270617,0.31026572,,,0.27454442,0.25680524,,,0.28645426,0.27607435
0.5809697,0.57896113,0.8919669,0.26796395,0.31300575,0.3109972,,,0.27168256,0.27084208,,,0.2911526,0.28797948
0.5871894,0.5760014,0.88917536,0.2740155,0.3131739,0.30198592,,,0.27133268,0.27471012,,,0.28955686,0.28601938
0.58277595,0.5855794,0.89172566,0.2766297,0.30614626,0.3089497,,,0.27849317,0.26556104,,,0.2889905,0.28608668
0.5782447,0.5798591,0.8899435,0.26816022,0.31008446,0.31169885,,,0.25066173,0.295125,,,0.27791506,0.2956218
0.5832487,0.5766908,0.89075017,0.26918936,0.31405932,0.30750144,,,0.26457947,0.2508008,,,0.28818828,0.27527118
0.5810286,0.57850355,0.8904415,0.2690906,0.311938,0.30941296,,,0.27576393,0.25484353,,,0.28950906,0.2749552
0.579085,0.5817901,0.8889969,0.27187818,0.3072068,0.3099119,,,0.27678323,0.27116805,,,0.28267258,0.2875846
0.5806016,0.5779159,0.8908982,0.26761925,0.31298232,0.31029665,,,0.2677065,0.27173048,,,0.2798019,0.28876793
0.5788541,0.5781338,0.88886344,0.26812446,0.31072962,0.31000936,,,0.2652759,0.2641545,,,0.28294593,0.2830081
0.5855212,0.57931936,0.89142144,0.27341914,0.31210208,0.30590022,,,0.2956614,0.2828349,,,0.2889707,0.2813493
0.5833243,0.5854842,0.89002764,0.27878082,0.3045435,0.3067034,,,0.26645935,0.25811142,,,0.28295827,0.28238046
0.5814073,0.5798923,0.88910145,0.27219814,0.30920917,0.30769414,,,0.26683158,0.26942688,,,0.2828586,0.2850126
0.5886795,0.5852437,0.8918873,0.28203595,0.30664355,0.30320776,,,0.2876222,0.28380567,,,0.29025692,0.2849205
0.58224696,0.5786979,0.8894813,0.27146363,0.31078333,0.3072343,,,0.27249205,0.2733099,,,0.28885067,0.28771913
0.5702112,0.585605,0.88850194,0.26731426,0.30289692,0.31829077,,,0.25587142,0.26548868,,,0.27533066,0.28505993
0.5911144,0.5813435,0.8921873,0.28027064,0.31084377,0.30107284,,,0.2851171,0.2695819,,,0.29402286,0.28388107
0.5844238,0.5803381,0.88871115,0.27605075,0.30837303,0.30428737,,,0.2332794,0.24963862,,,0.26712704,0.27246612
0.5770458,0.5840876,0.8909633,0.2701701,0.3068757,0.31391752,,,0.2677955,0.2703421,,,0.283041,0.28420365
0.5874573,0.5836406,0.89060915,0.28048873,0.30696857,0.30315185,,,0.27801883,0.2657305,,,0.28888857,0.27830017
0.57347643,0.58139896,0.88969594,0.26517946,0.30829698,0.3162195,,,0.26854783,0.25764138,,,0.2816357,0.28315443
0.5824517,0.57850266,0.89122754,0.2697268,0.3127249,0.30877584,,,0.2695735,0.28672755,,,0.28559363,0.29070067
0.59477913,0.5816341,0.8922132,0.28420007,0.31057906,0.29743403,,,0.28128576,0.27910018,,,0.29191977,0.28496218
0.5839698,0.5921713,0.8922658,0.28387523,0.30009454,0.30829608,,,0.29244524,0.28640634,,,0.28838557,0.2922517
0.5874572,0.5820898,0.89167434,0.27787262,0.30958456,0.30421716,,,0.29039842,0.27420574,,,0.29155564,0.2800082
0.5785433,0.58612573,0.8904028,0.27426624,0.30427706,0.3118595,,,0.27779984,0.29515982,,,0.2851401,0.29453826
0.5831884,0.58683693,0.89283764,0.2771877,0.3060007,0.30964923,,,0.29192048,0.2954296,,,0.2889921,0.29129243
0.58000994,0.57537687,0.89109105,0.26429576,0.31571418,0.3110811,,,0.29161918,0.27397418,,,0.29283386,0.2834711
0.5857445,0.5790227,0.8901142,0.27465308,0.31109142,0.30436963,,,0.27668244,0.27107108,,,0.28948307,0.28448123
0.57420933,0.5773537,0.88881683,0.2627462,0.31146312,0.3146075,,,0.24827957,0.2709188,,,0.27820164,0.29121393
0.5796029,0.5824918,0.8893949,0.27269983,0.30690306,0.30979198,,,0.27022147,0.28119934,,,0.28007913,0.28569615
0.57989085,0.58474624,0.89148986,0.27314723,0.30674362,0.31159902,,,0.257995,0.28013688,,,0.27188122,0.2897129
0.5824374,0.5891394,0.890643,0.28093374,0.30150366,0.30820566,,,0.27451915,0.24635315,,,0.27704597,0.27804422
0.5857384,0.57824683,0.8906164,0.27336884,0.31236959,0.304878,,,0.29402858,0.27252477,,,0.29534972,0.27789098
0.57417893,0.5775907,0.88824266,0.26352698,0.31065196,0.31406373,,,0.28714746,0.26537114,,,0.289446,0.28141803
0.57755625,0.57513916,0.89013624,0.26255918,0.31499708,0.31258,,,0.28307086,0.2721367,,,0.2954548,0.28875846
0.5719377,0.58004034,0.8887378,0.26324022,0.30869746,0.31680012,,,0.26165843,0.25405526,,,0.2738244,0.28074628
0.5830245,0.57785153,0.89024425,0.2706318,0.3123927,0.30721974,,,0.28335285,0.27041537,,,0.29273313,0.28409135
0.5839492,0.5829537,0.8896679,0.27723497,0.30671424,0.30571872,,,0.27272838,0.25987595,,,0.28692365,0.28022736
0.5845647,0.5730008,0.8885904,0.26897508,0.3155896,0.3040257,,,0.2783469,0.2612592,,,0.29274303,0.27905583
0.58792996,0.58061135,0.890666,0.2778753,0.31005466,0.30273604,,,0.2805097,0.26707566,,,0.29111886,0.28218985
0.5839032,0.58551455,0.88930666,0.28011107,0.30379212,0.30540347,,,0.28847182,0.29464382,,,0.29117793,0.29322237
0.58620346,0.58384216,0.8894793,0.28056633,0.30563712,0.30327582,,,0.27315468,0.28361362,,,0.2818733,0.28967172
0.58269596,0.58471036,0.8899078,0.27749854,0.30519742,0.30721182,,,0.27896768,0.26701665,,,0.28745157,0.28435004
0.5724597,0.5766982,0.88935673,0.25980115,0.31265855,0.31689703,,,0.2584805,0.24885577,,,0.27926093,0.27938354
0.57769036,0.5801502,0.88975054,0.26808995,0.3096004,0.31206024,,,0.26248425,0.28140467,,,0.2843845,0.29133487
0.5777744,0.5890655,0.88991076,0.27692908,0.30084532,0.3121364,,,0.26597226,0.29644018,,,0.2802502,0.29617238
0.5693557,0.57764214,0.8868766,0.26012135,0.30923438,0.3175208,,,0.25158542,0.2648008,,,0.27292424,0.2846362
0.58199644,0.5796788,0.89007705,0.27159816,0.31039828,0.3080806,,,0.2814237,0.27560997,,,0.29087543,0.28304607
0.57842577,0.580832,0.8900956,0.26916218,0.3092636,0.31166983,,,0.25621718,0.25981522,,,0.27806485,0.28088564
0.57509106,0.5884795,0.8892818,0.27428883,0.30080223,0.3141907,,,0.26012987,0.27097416,,,0.2757696,0.29187
0.57937956,0.58325934,0.88765955,0.27497935,0.3044002,0.30828,,,0.27692997,0.28419077,,,0.27950948,0.2924409
0.58254576,0.5779679,0.89194757,0.26856607,0.3139797,0.3094018,,,0.301957,0.27963108,,,0.30145347,0.28581947
0.5897542,0.58049417,0.8928374,0.27741098,0.31234324,0.30308318,,,0.26205003,0.28226638,,,0.28103626,0.28501427
0.5823499,0.5822849,0.8909228,0.27371204,0.30863786,0.3085729,,,0.26045883,0.2675994,,,0.28026128,0.27995813
0.5875852,0.58462137,0.89123034,0.2809763,0.30660892,0.30364507,,,0.28353804,0.27518076,,,0.2895673,0.2821139
0.58009505,0.582882,0.88969046,0.27328652,0.30680853,0.30959547,,,0.26163656,0.25710016,,,0.27849472,0.28183
0.57933384,0.5802453,0.8878466,0.27173257,0.30760127,0.30851275,,,0.25938648,0.27290905,,,0.28295666,0.28660035
0.5789803,0.57835877,0.8884522,0.26888692,0.3100934,0.30947185,,,0.28306085,0.2575881,,,0.2897938,0.2795751
0.58414924,0.5888808,0.89227134,0.28075868,0.30339056,0.3081221,,,0.26623875,0.27527934,,,0.28198916,0.28605467
0.5821912,0.5794734,0.8887284,0.27293622,0.309255,0.30653715,,,0.25392312,0.26712328,,,0.2791947,0.28396982
0.5856043,0.57285213,0.89122653,0.2672299,0.3183744,0.30562222,,,0.282637,0.25960058,,,0.2938041,0.27896827
0.5772085,0.5748967,0.88888264,0.26322258,0.31398594,0.31167412,,,0.2669509,0.2614588,,,0.2874307,0.2808326
0.57418895,0.5724683,0.8883668,0.2582904,0.31589854,0.31417787,,,0.25679672,0.26348913,,,0.27822697,0.28745288
0.5825549,0.5806439,0.88951063,0.27368808,0.3088668,0.3069558,,,0.28007853,0.28059274,,,0.28717434,0.29092115
0.5786693,0.57842565,0.89171296,0.265382,0.31328732,0.31304365,,,0.24747658,0.27199888,,,0.27477413,0.28357053
0.58818066,0.5800182,0.8891149,0.2790839,0.30909675,0.3009343,,,0.2591095,0.25569224,,,0.27815574,0.27204382
0.57665646,0.57961667,0.8900354,0.26623774,0.31041873,0.31337893,,,0.252492,0.2633623,,,0.28096455,0.2826146
0.57770884,0.5818912,0.888293,0.271307,0.30640185,0.3105842,,,0.27616322,0.27354282,,,0.28683227,0.2906853
0.56635356,0.57401085,0.88454485,0.25581956,0.310534,0.3181913,,,0.23167735,0.23417807,,,0.2679124,0.27392352
0.5832777,0.57636476,0.890887,0.26875544,0.31452227,0.30760932,,,0.260356,0.26628196,,,0.28324997,0.28309536
0.5861721,0.5782924,0.89291227,0.2715522,0.3146199,0.30674022,,,0.2835279,0.2702908,,,0.28876942,0.28199196
0.5792592,0.58077735,0.8894974,0.27053916,0.30872005,0.31023818,,,0.25913697,0.27455193,,,0.2847188,0.2861299
0.58117795,0.586905,0.8905506,0.27753234,0.3036456,0.30937266,,,0.26110142,0.27532881,,,0.2751215,0.28356034
0.5748642,0.57735944,0.88836557,0.26385802,0.3110062,0.31350142,,,0.2629059,0.2774086,,,0.28325802,0.2873426
0.5777172,0.58246624,0.89117837,0.26900506,0.30871212,0.31346118,,,0.28242242,0.2793004,,,0.2905349,0.29107863
0.5804868,0.5723808,0.8878766,0.264991,0.3154958,0.3073898,,,0.2583362,0.26267338,,,0.28662676,0.2792276
0.58192927,0.581008,0.887146,0.2757913,0.30613798,0.30521673,,,0.25528795,0.29247493,,,0.2814473,0.2905959
0.58512807,0.5788996,0.88872343,0.27530426,0.3098238,0.30359536,,,0.27044183,0.2700742,,,0.28458798,0.2814973
0.5761726,0.5846746,0.89295506,0.26789212,0.30828047,0.31678247,,,0.27916676,0.290946,,,0.2868914,0.2936263
0.5859505,0.587782,0.89174336,0.28198916,0.30396134,0.30579287,,,0.2807805,0.281959,,,0.29236948,0.28411353
0.5787803,0.58606887,0.89222187,0.2726273,0.306153,0.31344157,,,0.27539182,0.27987367,,,0.2868479,0.29316694
0.5833969,0.5799968,0.88917977,0.27421397,0.30918294,0.30578285,,,0.258884,0.26370335,,,0.2776664,0.2781185
0.58089054,0.5840693,0.8902659,0.27469403,0.3061965,0.3093753,,,0.266653,0.28130782,,,0.28443682,0.29121202
0.57574844,0.57606137,0.8872704,0.26453942,0.31120902,0.31152195,,,0.26822895,0.28109938,,,0.28512263,0.2864133
0.58189726,0.57693887,0.8912537,0.26758242,0.31431484,0.30935645,,,0.2708292,0.2602964,,,0.28929526,0.279114
0.5838681,0.5817182,0.89096045,0.27462578,0.3092423,0.30709243,,,0.29285848,0.2923118,,,0.29341877,0.29453838
0.584959,0.5785793,0.8882736,0.27526462,0.30969435,0.3033147,,,0.27115256,0.25137085,,,0.2885868,0.2698527
0.5820025,0.57521737,0.8907505,0.26646936,0.31553316,0.308748,,,0.2711218,0.27925915,,,0.2857883,0.28423995
0.57467365,0.5697122,0.8861015,0.25828433,0.31638932,0.3114279,,,0.2643569,0.23102331,,,0.28182542,0.2663772
0.58425796,0.5831244,0.88929754,0.2780848,0.30617315,0.30503958,,,0.26816118,0.2716521,,,0.28491735,0.27911252
0.58473194,0.5885649,0.8937127,0.2795841,0.30514783,0.30898076,,,0.27927876,0.29563951,,,0.2893523,0.299461
0.5779618,0.58153284,0.8903757,0.26911896,0.30884284,0.31241387,,,0.27764326,0.26172268,,,0.28422922,0.27892882
0.58108383,0.5810056,0.8903296,0.27175975,0.3093241,0.30924582,,,0.27236074,0.25514698,,,0.28739488,0.28242904
0.579133,0.5919676,0.8914353,0.2796653,0.29946768,0.3123023,,,0.26948482,0.30219162,,,0.28319806,0.30242366
0.586914,0.5886386,0.8918069,0.2837457,0.3031683,0.3048929,,,0.25462776,0.29136282,,,0.274382,0.29022396
0.58802426,0.585503,0.8910556,0.28247166,0.3055526,0.30303133,,,0.28271002,0.28222632,,,0.29059315,0.2883904
0.58412224,0.5782657,0.8899168,0.2724712,0.31165105,0.30579454,,,0.26610792,0.24976748,,,0.28127378,0.27008975
0.5866735,0.58613634,0.8913979,0.28141195,0.30526155,0.3047244,,,0.29143053,0.2692153,,,0.29612523,0.2856868
0.57742953,0.58518165,0.88864976,0.27396148,0.30346805,0.31122017,,,0.25885105,0.26057357,,,0.28124088,0.28265256
0.5783204,0.5794512,0.88943547,0.26833612,0.30998427,0.3111151,,,0.26911056,0.2700438,,,0.28677034,0.28723025
0.5753843,0.58770514,0.8892334,0.2738561,0.30152822,0.31384903,,,0.27965975,0.28447437,,,0.28349823,0.29512274
0.59297884,0.5771433,0.8922654,0.27785677,0.31512207,0.29928654,,,0.27747667,0.26538283,,,0.2924496,0.2713232
0.58711326,0.5771619,0.89115584,0.27311933,0.31399393,0.30404258,,,0.28705567,0.28717685,,,0.29338765,0.28626442
0.5853652,0.5752004,0.8916235,0.26894212,0.31642306,0.30625826,,,0.27360553,0.2630911,,,0.28682917,0.28077054
0.58324134,0.5791901,0.8892404,0.2731911,0.31005025,0.30599898,,,0.27768856,0.2632414,,,0.2910049,0.2791733
0.5741725,0.5801133,0.8880403,0.26624548,0.307927,0.3138678,,,0.2622826,0.2824788,,,0.28448188,0.2940281
0.582849,0.5735463,0.8869432,0.2694521,0.31339693,0.3040942,,,0.2718854,0.25027156,,,0.29097635,0.27392334
0.58790743,0.5854136,0.8910329,0.28228813,0.3056193,0.30312544,,,0.28656304,0.2692504,,,0.2930476,0.28284562
0.5818026,0.5805037,0.8908138,0.27149248,0.31031013,0.30901122,,,0.27503836,0.26906186,,,0.28592616,0.28427958
0.5792669,0.5843823,0.88946503,0.27418417,0.30508274,0.31019813,,,0.27914435,0.28569704,,,0.28565103,0.2891283
0.5801621,0.57845235,0.8876927,0.2709217,0.3092404,0.30753064,,,0.26908267,0.25843787,,,0.2858057,0.28118074
0.58225554,0.5746677,0.8891765,0.2677468,0.31450874,0.3069209,,,0.26105094,0.2918499,,,0.283266,0.29207754
0.5840777,0.5709032,0.8891479,0.26583302,0.3182447,0.30507016,,,0.2583598,0.25576836,,,0.27840972,0.27509248
0.5741421,0.5820227,0.89121854,0.26494634,0.30919576,0.31707639,,,0.26214707,0.26644266,,,0.2856586,0.29090446
0.5767449,0.58184576,0.89072263,0.26786804,0.30887687,0.31397772,,,0.27653658,0.27978766,,,0.2921893,0.29509073
0.5722078,0.5812787,0.89069086,0.26279563,0.30941218,0.31848305,,,0.28842974,0.28075165,,,0.28761733,0.29292637
0.5855809,0.57677615,0.89071524,0.27164185,0.31393903,0.3051343,,,0.26849455,0.25831956,,,0.29216272,0.28154433
0.5844091,0.5796367,0.8887594,0.27528644,0.30912268,0.30435026,,,0.26541054,0.2759229,,,0.28379846,0.28531235
0.57844293,0.5861325,0.8928061,0.27176934,0.3066736,0.31436318,,,0.2619878,0.2521479,,,0.2855643,0.28229243
0.5810807,0.5839359,0.8912834,0.27373326,0.30734742,0.31020266,,,0.27640873,0.27721155,,,0.28808087,0.28572428
0.58170533,0.585139,0.89127666,0.2755677,0.30613762,0.30957127,,,0.269538,0.2622339,,,0.28416336,0.28220117
0.5853167,0.57781154,0.8895924,0.27353585,0.31178087,0.3042757,,,0.2537232,0.27156812,,,0.28143096,0.2826162
0.5852165,0.57771313,0.8896483,0.27328134,0.3119352,0.3044318,,,0.26344657,0.27809292,,,0.28618205,0.28562915
0.5801645,0.5780306,0.8889554,0.2692396,0.3109249,0.30879098,,,0.27773976,0.2490719,,,0.28894383,0.27811354
0.5838372,0.5823882,0.88879704,0.2774284,0.30640882,0.30495983,,,0.28512448,0.27760947,,,0.29030997,0.2814952
0.5794851,0.57859325,0.8911489,0.2669295,0.3125556,0.31166375,,,0.2740559,0.2789427,,,0.2898897,0.29414296
0.5787055,0.5700561,0.88856524,0.26019627,0.31850922,0.3098598,,,0.2613495,0.2516328,,,0.28659028,0.2788946
0.5829269,0.57704806,0.89076394,0.2692111,0.31371582,0.30783695,,,0.27831054,0.27311355,,,0.290865,0.28804183
0.58069754,0.57518363,0.8894685,0.26641268,0.31428486,0.30877095,,,0.25502926,0.25024593,,,0.2752598,0.27040583
0.5794275,0.5815495,0.8893418,0.27163523,0.30779225,0.3099143,,,0.27014476,0.2693727,,,0.28235757,0.2861219
0.5873076,0.58092916,0.89121276,0.27702397,0.3102836,0.3039052,,,0.26746148,0.2645675,,,0.28462136,0.2766149
0.5947386,0.5808168,0.89083755,0.28471792,0.3100207,0.2960989,,,0.28694242,0.26687896,,,0.28638178,0.27511984
0.58632773,0.5628638,0.888137,0.26105464,0.3252731,0.3018092,,,0.25281054,0.2658975,,,0.28446853,0.27135104
0.5769217,0.58205795,0.8893247,0.26965493,0.30726677,0.31240302,,,0.25829226,0.270472,,,0.2707796,0.2846284
0.58062077,0.5718523,0.88852966,0.26394343,0.31667733,0.3079089,,,0.27509445,0.2700662,,,0.29032147,0.2821436
0.57954425,0.5739501,0.8884101,0.26508427,0.31445998,0.30886585,,,0.26198006,0.24247962,,,0.2866218,0.27360225
0.577683,0.57634443,0.8900537,0.26397377,0.3137092,0.31237066,,,0.2854269,0.2648483,,,0.29466665,0.28215694
0.58751625,0.5896114,0.89370847,0.28341913,0.30409712,0.30619228,,,0.28651363,0.28117222,,,0.28636634,0.2868427
0.5737757,0.57818913,0.88924927,0.26271564,0.31106007,0.3154735,,,0.26278478,0.25306183,,,0.2793516,0.27930915
0.5819451,0.5815098,0.8893473,0.2741077,0.30783743,0.30740213,,,0.25600964,0.25483423,,,0.27481967,0.27274936
0.5888288,0.57732993,0.8893837,0.276775,0.3120538,0.30055493,,,0.26933426,0.27326047,,,0.28652996,0.2826165
0.5803102,0.5810019,0.8896333,0.2716788,0.30863142,0.30932307,,,0.2483018,0.26903754,,,0.28124183,0.28674722
0.58386993,0.57968223,0.8911236,0.27242857,0.31144136,0.30725366,,,0.2593525,0.27453822,,,0.28494042,0.28610456
0.5796267,0.5807923,0.8884917,0.2719273,0.30769938,0.308865,,,0.27490956,0.26002955,,,0.2872665,0.2838226
0.5734234,0.5873829,0.89063275,0.27017355,0.30324984,0.31720936,,,0.2647761,0.27848583,,,0.2805369,0.29160917
0.57786834,0.5801081,0.88835275,0.26962364,0.3082447,0.31048447,,,0.26426035,0.27933687,,,0.28027636,0.28921664
0.5778617,0.5859251,0.89208746,0.27169943,0.3061623,0.31422567,,,0.27115965,0.28613818,,,0.28302366,0.29293543
0.5830984,0.5886868,0.8934408,0.27834445,0.30475396,0.31034237,,,0.27021563,0.29682237,,,0.2812183,0.29712665
0.5976368,0.57609963,0.894446,0.27929044,0.31834638,0.2968092,,,0.30611593,0.27852654,,,0.3024143,0.2815469
0.5799812,0.5767977,0.8901183,0.26666063,0.31332058,0.3101371,,,0.25488418,0.25819278,,,0.27967656,0.27984816
0.5797364,0.5840921,0.8903383,0.2734902,0.30624622,0.3106019,,,0.24922252,0.28579938,,,0.27865952,0.29230374
0.582038,0.57854766,0.88684434,0.2737413,0.30829668,0.30480635,,,0.24685538,0.26309472,,,0.279899,0.2777065
0.5787578,0.5977868,0.8900714,0.28647327,0.29228455,0.3113135,,,0.25632137,0.28630757,,,0.2740531,0.29726028
0.5854478,0.58333266,0.89094347,0.27783698,0.3076108,0.30549568,,,0.28083855,0.28716683,,,0.28394085,0.2866125
0.58299834,0.5848284,0.88795066,0.279876,0.30312234,0.30495238,,,0.28444803,0.25987703,,,0.28710908,0.28090137
0.5902569,0.5817993,0.8923273,0.2797289,0.31052804,0.30207044,,,0.28137952,0.2773074,,,0.29328752,0.28659493
0.58555686,0.5763579,0.8892948,0.27262002,0.31293684,0.30373788,,,0.27843076,0.2775002,,,0.288413,0.2840652
0.5748783,0.58280873,0.8888266,0.26886034,0.30601794,0.3139484,,,0.25899196,0.26108462,,,0.27238923,0.28151196
0.5793991,0.58043027,0.89065295,0.26917642,0.3102227,0.31125385,,,0.27158427,0.27439088,,,0.28324604,0.2861762
0.5908474,0.5817797,0.8925889,0.28003818,0.3108092,0.30174154,,,0.28872204,0.28641248,,,0.29828906,0.28665507
0.58445716,0.57772756,0.89067954,0.27150518,0.31295198,0.30622238,,,0.28022343,0.28531057,,,0.29456335,0.2903784
0.5786482,0.58260685,0.889447,0.27180815,0.30684006,0.3107987,,,0.24603987,0.28168958,,,0.2732033,0.28484714
0.5836909,0.58625543,0.8909824,0.27896392,0.30472696,0.3072915,,,0.28923607,0.2842654,,,0.29187602,0.29226875
0.57998383,0.571157,0.88750386,0.26363695,0.31634688,0.30752003,,,0.27586353,0.27068537,,,0.2868523,0.282049
0.5758022,0.57919025,0.88821065,0.2667818,0.3090204,0.31240845,,,0.2789057,0.2567246,,,0.28448492,0.28357434
0.579718,0.5862298,0.89179486,0.27415293,0.30556506,0.31207687,,,0.26767433,0.26939797,,,0.27733624,0.28462523
0.57378507,0.5742326,0.88841164,0.259606,0.31417906,0.31462657,,,0.27572608,0.25952053,,,0.28863996,0.27990288
0.5847521,0.57332635,0.8908139,0.26726454,0.31748754,0.3060618,,,0.26519167,0.2743364,,,0.2874574,0.2887535
0.582366,0.57285,0.88883173,0.26638424,0.31598175,0.30646574,,,0.27356726,0.2774076,,,0.28717119,0.28773493
0.5921125,0.5735572,0.88924944,0.27642024,0.31569225,0.29713696,,,0.28680253,0.26843154,,,0.29168057,0.27232736
0.5833843,0.58483565,0.8913106,0.27690935,0.30647492,0.3079263,,,0.29047662,0.27265745,,,0.29395032,0.28700536
0.581982,0.5857401,0.89046973,0.27725238,0.30472964,0.3084877,,,0.27298528,0.2879513,,,0.2842126,0.29340327
0.5774355,0.572253,0.89045066,0.25923783,0.31819767,0.31301516,,,0.2570073,0.24735916,,,0.2768085,0.27473485
0.5828285,0.5765579,0.8903874,0.26899898,0.31382954,0.3075589,,,0.25083357,0.25640184,,,0.27940786,0.27941662
0.5911127,0.5789328,0.8920637,0.27798182,0.31313086,0.300951,,,0.30022407,0.28275186,,,0.30201745,0.28310806
0.5844617,0.5762129,0.8894767,0.27119786,0.31326383,0.30501503,,,0.27820843,0.2391243,,,0.29160947,0.27095336
0.5793947,0.57791287,0.89017266,0.26713496,0.31225973,0.3107779,,,0.28324246,0.27201688,,,0.29077482,0.28140008
0.57574904,0.5742989,0.88982016,0.26022786,0.31552118,0.31407106,,,0.25368786,0.27252293,,,0.27991557,0.28906095
0.5807444,0.57935756,0.8898594,0.2702425,0.31050187,0.30911505,,,0.2710635,0.27403164,,,0.2872367,0.28484035
0.57710755,0.5833014,0.8905174,0.26989156,0.307216,0.31340986,,,0.24904716,0.2831416,,,0.27570856,0.29339796
0.58045113,0.5770008,0.8906543,0.26679754,0.3136536,0.31020325,,,0.24459171,0.25390762,,,0.2731908,0.2794491
0.5903373,0.5852878,0.89179504,0.28383005,0.30650723,0.30145776,,,0.27820843,0.29363537,,,0.2883951,0.2926557
0.5840336,0.56876165,0.88857114,0.26422417,0.31980944,0.30453748,,,0.26800853,0.26762587,,,0.29348445,0.2812531
0.572196,0.5757998,0.8884644,0.25953144,0.31266457,0.31626838,,,0.25334215,0.24939907,,,0.27686852,0.2802797
0.5860758,0.5803567,0.8932575,0.273175,0.31290078,0.30718172,,,0.2928856,0.30250967,,,0.2984146,0.29745334
0.58895403,0.5790074,0.8923687,0.27559268,0.31336135,0.3034147,,,0.27464718,0.28745985,,,0.28387427,0.28726733
0.5760938,0.58368737,0.8874221,0.27235913,0.30373466,0.31132823,,,0.2624789,0.2511242,,,0.28406906,0.28173357
0.58013725,0.5812157,0.88968503,0.27166784,0.3084694,0.30954784,,,0.2668057,0.27028674,,,0.2819084,0.28233582
0.5778822,0.58086246,0.8882258,0.27051878,0.3073634,0.31034368,,,0.2672323,0.27169693,,,0.28323662,0.28345215
0.5871324,0.5848355,0.89120024,0.28076774,0.30636466,0.3040678,,,0.29089093,0.28770554,,,0.29550117,0.29043168
0.584428,0.583467,0.89059055,0.27730453,0.30712348,0.30616248,,,0.27777547,0.2803403,,,0.29241496,0.2870369
0.5857221,0.5804374,0.8870235,0.279136,0.3065861,0.30130142,,,0.2586401,0.26898533,,,0.28492486,0.28004992
0.5811651,0.5834352,0.88839334,0.2762069,0.30495816,0.30722827,,,0.27427477,0.28798908,,,0.2823456,0.28978342
0.5824841,0.5795088,0.8893148,0.27267814,0.309806,0.30683064,,,0.27236217,0.28560627,,,0.28572458,0.2939862
0.5745033,0.57499796,0.8876514,0.26184994,0.31265336,0.31314802,,,0.24227476,0.2448039,,,0.2755407,0.27621555
0.5825995,0.5862586,0.8906839,0.27817416,0.30442536,0.30808443,,,0.2811572,0.27277672,,,0.2837661,0.28760117
0.5811851,0.5803573,0.8903052,0.2712372,0.3099479,0.30912012,,,0.25756687,0.26434618,,,0.2804445,0.28666097
0.5819593,0.58596486,0.8905945,0.27732968,0.30462962,0.30863518,,,0.27493757,0.28065693,,,0.28361636,0.29090106
0.5862438,0.58486533,0.8884101,0.2826991,0.3035447,0.30216622,,,0.28692412,0.26640332,,,0.29072797,0.27827626
0.5781853,0.5809976,0.88919514,0.26998776,0.30819756,0.31100982,,,0.24172008,0.26733518,,,0.27311814,0.28634518
0.57863694,0.5816586,0.89209443,0.26820105,0.3104359,0.31345755,,,0.27440214,0.28346992,,,0.28516912,0.29579628
0.58244866,0.5785258,0.8919276,0.2690469,0.31340176,0.30947888,,,0.28156227,0.26430267,,,0.28959322,0.28556627
0.58229446,0.57833374,0.8884031,0.27222508,0.31006938,0.30610865,,,0.26699728,0.28420544,,,0.28872448,0.2917025
0.5717187,0.5764922,0.8888353,0.25937557,0.31234312,0.31711662,,,0.24192059,0.27498174,,,0.27074188,0.28782278
0.58753324,0.58154726,0.8910754,0.27800512,0.3095281,0.30354214,,,0.2743982,0.27885443,,,0.28851253,0.2884512
0.5849035,0.5876732,0.89321035,0.2793663,0.30553716,0.30830687,,,0.28863043,0.28439748,,,0.29154402,0.29086393
0.5746863,0.591133,0.88971686,0.27610242,0.29858387,0.31503057,,,0.25523162,0.26968545,,,0.27240282,0.2904517
0.58762884,0.5776154,0.8886254,0.27661884,0.31101,0.30099654,,,0.26350105,0.26169544,,,0.2825479,0.27829117
0.58556974,0.57251847,0.8905216,0.26756662,0.31800312,0.30495185,,,0.27632707,0.26415747,,,0.29525006,0.2742663
0.5794557,0.5780248,0.89038384,0.26709664,0.31235904,0.31092817,,,0.26598525,0.2780487,,,0.28089064,0.2852363
0.58168334,0.580402,0.88895965,0.27312565,0.3085577,0.30727637,,,0.29472774,0.26040637,,,0.29605705,0.2794513
0.5852601,0.58773184,0.89192706,0.28106493,0.30419517,0.3066669,,,0.27492762,0.28286672,,,0.28418803,0.2906763
0.5857861,0.5821111,0.8891758,0.27872145,0.30706465,0.30338967,,,0.26517636,0.26845878,,,0.2843812,0.28378963
0.57437074,0.5908873,0.8901786,0.27507943,0.2992913,0.31580788,,,0.27087474,0.2890321,,,0.27562958,0.2951706
0.5830394,0.5817369,0.8898729,0.27490342,0.308136,0.3068335,,,0.2687847,0.27412766,,,0.28373057,0.28725487
0.5809902,0.5896051,0.8921241,0.27847117,0.30251902,0.31113392,,,0.27834797,0.29487348,,,0.28311342,0.2952785
0.5796962,0.5830597,0.890224,0.272532,0.3071642,0.31052774,,,0.2372474,0.2589311,,,0.26597995,0.27833593
0.5873921,0.58493996,0.8930437,0.27928835,0.30810374,0.3056516,,,0.27674246,0.2755918,,,0.29052377,0.28311086
0.5824554,0.5776715,0.89004403,0.2700829,0.3123725,0.30758864,,,0.26621723,0.2612353,,,0.28463566,0.2788388
0.5772294,0.5685333,0.88784295,0.25791973,0.31930965,0.31061357,,,0.2611006,0.2676981,,,0.2867589,0.2829337
0.5811189,0.58648854,0.89056885,0.27703857,0.3040803,0.30944997,,,0.30002898,0.27774197,,,0.28964114,0.28616
0.57839763,0.5747754,0.8893914,0.26378155,0.31461608,0.31099385,,,0.2758298,0.265719,,,0.28943658,0.28380668
0.5845675,0.579049,0.8892542,0.2743622,0.31020528,0.30468678,,,0.2729817,0.24986398,,,0.28841364,0.27603966
0.5819148,0.5813786,0.88900983,0.27428353,0.30763125,0.30709505,,,0.27500653,0.29241592,,,0.29037154,0.29925466
0.5781895,0.5850595,0.8900586,0.27319044,0.30499905,0.31186908,,,0.2765689,0.28436488,,,0.28269786,0.2863207
0.58624136,0.57948136,0.8915429,0.27417982,0.31206155,0.30530155,,,0.2528103,0.2516396,,,0.2784285,0.27789575
0.5809089,0.58349246,0.89102644,0.27337486,0.30753404,0.3101176,,,0.26085687,0.27725363,,,0.27958435,0.2876624
0.57509106,0.57898915,0.88852394,0.26555622,0.30953485,0.31343293,,,0.2671569,0.25065815,,,0.28017157,0.2744636
0.58197623,0.5746888,0.889169,0.2674961,0.31448013,0.30719268,,,0.2829718,0.26402438,,,0.28991383,0.2777573
0.5875182,0.5743703,0.89184225,0.27004635,0.31747186,0.30432397,,,0.27064162,0.26441807,,,0.2915917,0.28540212
0.576288,0.5778983,0.88711923,0.26706702,0.30922097,0.3108313,,,0.29216444,0.29610312,,,0.29214084,0.28929693
0.5789715,0.58274174,0.89077944,0.2709338,0.3080377,0.31180793,,,0.27587503,0.26085013,,,0.28475952,0.2810704
0.58474964,0.58463305,0.8906958,0.27868688,0.30606276,0.30594617,,,0.27240586,0.27974647,,,0.29287994,0.28649306
0.58781195,0.58393943,0.89131397,0.2804374,0.30737454,0.30350202,,,0.2883696,0.28213507,,,0.2953959,0.28396028
0.58449215,0.5810597,0.88983047,0.27572143,0.30877072,0.30533826,,,0.2873063,0.2761094,,,0.29475677,0.29161876
0.58071285,0.5785248,0.8898044,0.2694332,0.31127965,0.30909163,,,0.27284217,0.26557267,,,0.28616542,0.27810907
0.5790522,0.58294845,0.8892718,0.27272886,0.30632335,0.3102196,,,0.2707129,0.24323559,,,0.2850228,0.27208334
0.5901003,0.58642787,0.8926429,0.2838853,0.306215,0.30254257,,,0.2901042,0.27603954,,,0.2902881,0.28749853
0.5745754,0.5853543,0.8885512,0.27137858,0.30319685,0.31397575,,,0.25071597,0.26197577,,,0.27997148,0.29120338
0.5899886,0.5825858,0.89127654,0.28129786,0.30869073,0.30128795,,,0.29623705,0.2551846,,,0.29547882,0.27357334
0.57735825,0.5796107,0.8903253,0.26664364,0.3107146,0.31296706,,,0.2766245,0.2688427,,,0.28302705,0.2807774
0.58508855,0.58152753,0.8904216,0.27619445,0.3088941,0.30533308,,,0.2645173,0.2642668,,,0.28315127,0.2835263
0.5764425,0.58262134,0.88952947,0.26953435,0.30690813,0.313087,,,0.27015173,0.2639212,,,0.2844817,0.2864297
0.58442956,0.58076847,0.88976353,0.27543455,0.308995,0.3053339,,,0.27168202,0.2707333,,,0.28642774,0.28276563
0.58051205,0.5767565,0.8894222,0.26784635,0.3126657,0.30891013,,,0.26621962,0.2757278,,,0.28457862,0.28591853
0.58226484,0.578586,0.8901905,0.27066028,0.31160456,0.3079257,,,0.2833599,0.2777635,,,0.29163712,0.28110647
0.58684325,0.5809598,0.8915274,0.27627563,0.31056762,0.30468416,,,0.30058497,0.2726125,,,0.30222332,0.28333908
0.5798911,0.5883937,0.8891064,0.27917838,0.3007127,0.3092153,,,0.2675416,0.25692165,,,0.27893656,0.28006524
0.5825707,0.57661045,0.88850296,0.27067816,0.3118925,0.30593228,,,0.28457332,0.27800035,,,0.2923212,0.2839079
0.5871056,0.5740183,0.8892725,0.27185136,0.3152542,0.30216694,,,0.3033167,0.26011002,,,0.29943013,0.28098714
0.5884919,0.5788413,0.8910378,0.27629542,0.3121965,0.3025459,,,0.28697717,0.27376062,,,0.295528,0.2856909
0.5818413,0.57877624,0.8890488,0.27156878,0.3102725,0.30720747,,,0.26694244,0.27091503,,,0.2825085,0.27664
0.5784705,0.5780571,0.8898499,0.26667774,0.3117928,0.31137937,,,0.2593873,0.2665416,,,0.28022254,0.27902824
0.5802057,0.58407515,0.88920444,0.27507645,0.30512923,0.3089987,,,0.26309717,0.28113842,,,0.28087246,0.29074454
0.5774505,0.5786417,0.88676167,0.2693305,0.30812,0.3093112,,,0.25799954,0.24456203,,,0.2791605,0.2744168
0.58196604,0.57751316,0.88959676,0.26988238,0.31208366,0.30763078,,,0.25508553,0.27076972,,,0.27569705,0.27723724
0.5861556,0.5793228,0.89067996,0.2747985,0.31135708,0.3045243,,,0.2820214,0.273529,,,0.2905442,0.28355896
0.58502024,0.57996416,0.88862866,0.2763558,0.30866444,0.30360836,,,0.27606755,0.26066053,,,0.29058325,0.27928853
0.58104086,0.5783645,0.88774246,0.2716629,0.30937797,0.3067016,,,0.26198643,0.2651611,,,0.281017,0.2810982
0.58026326,0.57599676,0.8887025,0.2675575,0.31270576,0.30843925,,,0.27784842,0.26589173,,,0.290137,0.28382915
0.5875099,0.5772575,0.8897549,0.2750125,0.31249738,0.30224502,,,0.28905642,0.29315132,,,0.2955677,0.28637856
0.57718384,0.58924854,0.88984865,0.27658373,0.3006001,0.3126648,,,0.26638937,0.2643487,,,0.27667153,0.28830278
0.5783119,0.57929546,0.89020234,0.26740497,0.31090695,0.31189048,,,0.2629009,0.26965934,,,0.28077626,0.28476924
0.57704556,0.58160377,0.89063627,0.26801306,0.3090325,0.3135907,,,0.2759319,0.2633791,,,0.2828365,0.28774607
0.57876337,0.57494384,0.8907732,0.2629341,0.31582928,0.31200975,,,0.27429026,0.25421172,,,0.28640425,0.27341628
0.57845366,0.5795677,0.89207405,0.26594728,0.31250638,0.3136204,,,0.26218516,0.26083386,,,0.28174925,0.27886885
0.5782274,0.5843828,0.8864155,0.2761947,0.3020327,0.30818808,,,0.2676503,0.26971406,,,0.27526802,0.28329992
0.5798258,0.585026,0.89014757,0.27470434,0.30512148,0.3103217,,,0.26947016,0.26279438,,,0.28299057,0.28749406
0.5849912,0.5809159,0.8912904,0.27461672,0.3103745,0.3062992,,,0.28376484,0.2778659,,,0.28839022,0.28524572
0.57380676,0.5680489,0.89032716,0.25152856,0.3222782,0.31652033,,,0.25850928,0.2793331,,,0.28296554,0.2860188
0.5786076,0.5922867,0.8920167,0.27887768,0.29972994,0.31340903,,,0.27278996,0.2764911,,,0.27920467,0.28758842
0.5779195,0.58086073,0.8914088,0.26737142,0.31054807,0.31348932,,,0.28896433,0.29255378,,,0.29392493,0.29645747
0.58270764,0.57904255,0.8888439,0.2729063,0.30980134,0.30613625,,,0.2525959,0.26164657,,,0.27753705,0.2857104
0.5834757,0.5844414,0.89131904,0.2765981,0.3068776,0.30784333,,,0.29268938,0.27488577,,,0.2923875,0.28600615
0.580863,0.5835103,0.890842,0.27353126,0.30733174,0.30997902,,,0.25223106,0.2795866,,,0.27501804,0.28918684
0.58059597,0.57534146,0.8885373,0.26740015,0.31319582,0.30794132,,,0.27243632,0.2658823,,,0.287538,0.2800191
0.5779648,0.5816393,0.89150393,0.26810014,0.30986464,0.31353915,,,0.27590078,0.27334893,,,0.29163945,0.2878282
0.5835012,0.5776826,0.8914582,0.26972562,0.3137756,0.307957,,,0.26408666,0.2762413,,,0.2863497,0.28863215
0.5791189,0.5795384,0.8901283,0.268529,0.3105899,0.3110094,,,0.27414382,0.26590234,,,0.2894532,0.28386414
0.58753395,0.57645124,0.8901553,0.27382994,0.313704,0.3026213,,,0.26898634,0.26691532,,,0.29047823,0.27967352
0.58642864,0.57863927,0.8894048,0.27566314,0.3107655,0.30297613,,,0.28444856,0.268418,,,0.287529,0.28138804
0.5837568,0.5785466,0.88859904,0.2737044,0.3100524,0.30484217,,,0.2781886,0.25387186,,,0.28756785,0.28043914
0.56993294,0.580186,0.88659406,0.2635249,0.30640805,0.31666112,,,0.25232697,0.27390987,,,0.2766201,0.29217684
0.5811708,0.5786425,0.88773006,0.27208322,0.30908757,0.30655926,,,0.28339094,0.26288843,,,0.29112244,0.2798003
0.5889588,0.5804502,0.89077675,0.27863228,0.31032652,0.3018179,,,0.2869835,0.2600248,,,0.2918421,0.28162438
0.57048166,0.57667506,0.8871949,0.25996184,0.3105198,0.3167132,,,0.24529964,0.25386602,,,0.27101272,0.2788896
0.58333766,0.58174396,0.88962835,0.27545327,0.3078844,0.3062907,,,0.27588582,0.24552792,,,0.28965384,0.27481222
0.5837143,0.5901423,0.8896417,0.2842149,0.2994994,0.3059274,,,0.27445763,0.29308504,,,0.2810958,0.29398793
0.57876027,0.57592523,0.88739645,0.26728904,0.31147122,0.3086362,,,0.26408732,0.2599892,,,0.28310394,0.27909762
0.58551145,0.5789755,0.890363,0.2741239,0.31138754,0.3048516,,,0.27624476,0.25988007,,,0.2883141,0.27758473
0.5890684,0.58544004,0.89141685,0.2830916,0.3059768,0.30234843,,,0.28234756,0.2846347,,,0.28767025,0.284128
0.5805097,0.57921576,0.88942283,0.2703026,0.31020713,0.30891317,,,0.26762003,0.27753854,,,0.28135186,0.2891385
0.58340716,0.58614814,0.8918839,0.2776714,0.30573577,0.30847675,,,0.27612972,0.27583873,,,0.2833495,0.28399336
0.57983196,0.57952476,0.89044386,0.26891285,0.3109191,0.3106119,,,0.26830757,0.2703904,,,0.28373557,0.28240806
0.56741464,0.57119,0.8870247,0.25157994,0.3158347,0.31961006,,,0.2504223,0.26750785,,,0.27445453,0.28732687
0.5811425,0.5744918,0.89042735,0.26520693,0.31593555,0.30928487,,,0.27497983,0.25819927,,,0.28930098,0.27919656
0.5764125,0.5836464,0.8903951,0.26966387,0.30674863,0.31398255,,,0.2602988,0.25998074,,,0.28285438,0.2873695
0.5877235,0.5809579,0.89133555,0.27734584,0.31037766,0.30361205,,,0.2662527,0.2621671,,,0.28460872,0.27965063
0.57408476,0.5718946,0.88708586,0.25889355,0.3151912,0.31300104,,,0.24311227,0.24617243,,,0.27834058,0.2715788
0.5805204,0.5780014,0.89152896,0.2669928,0.31352758,0.31100857,,,0.26193678,0.27779657,,,0.28135437,0.28658044
0.5786347,0.5817407,0.8893521,0.27102327,0.3076114,0.3107174,,,0.27065897,0.2535749,,,0.28441375,0.2819708
0.57323563,0.57770777,0.88854396,0.26239944,0.3108362,0.31530833,,,0.2465201,0.2640357,,,0.2744944,0.2830863
0.5865395,0.58326465,0.88779557,0.28200853,0.30453098,0.30125612,,,0.28170437,0.27159405,,,0.28700948,0.2804581
0.57873523,0.58232784,0.8894355,0.27162755,0.3071077,0.3107003,,,0.27484095,0.27237266,,,0.28432512,0.28591466
0.58785945,0.5852258,0.8903557,0.2827295,0.30512995,0.3024963,,,0.27517784,0.29478157,,,0.283499,0.29295206
0.57410276,0.58421636,0.89023995,0.26807916,0.3060236,0.3161372,,,0.2579894,0.26876837,,,0.2795164,0.28672254
0.5869832,0.58709747,0.89297056,0.28111005,0.30587316,0.30598742,,,0.28982836,0.2981249,,,0.28878522,0.28715593
0.57903516,0.5721679,0.88736343,0.2638396,0.31519556,0.30832827,,,0.27093202,0.25794846,,,0.28251737,0.27718443
0.58871204,0.58233374,0.8894458,0.2816,0.30711204,0.30073375,,,0.27077043,0.27858496,,,0.2851882,0.28538036
0.58107525,0.579764,0.8892885,0.27155083,0.30952442,0.30821317,,,0.28082752,0.26691246,,,0.28513992,0.28186834
0.5908119,0.572739,0.8907502,0.27280062,0.31801128,0.29993838,,,0.2632165,0.2630676,,,0.28463602,0.275272
0.5845337,0.5768861,0.8881138,0.27330607,0.31122762,0.30358005,,,0.25811648,0.23458391,,,0.28065336,0.26656324
0.58217955,0.5810038,0.8888421,0.27434123,0.30783832,0.30666256,,,0.2789961,0.29093295,,,0.28891236,0.29273683
0.5898148,0.5771482,0.88974416,0.27721882,0.31259596,0.29992938,,,0.273225,0.2758835,,,0.2899571,0.28291023
0.5788851,0.5810249,0.88970584,0.27020413,0.30868095,0.31082076,,,0.27027565,0.2770993,,,0.28691947,0.2884854
0.58525306,0.58570355,0.8896512,0.28130543,0.30394763,0.30439812,,,0.26915884,0.25842792,,,0.279693,0.27861834
0.5851221,0.59010035,0.89143294,0.28378946,0.30133265,0.3063109,,,0.27432173,0.28987014,,,0.28438056,0.2925263
0.5780953,0.5816463,0.8886236,0.27111804,0.30697727,0.31052828,,,0.28087348,0.2636066,,,0.28849262,0.28717732
0.5781076,0.5780647,0.88897073,0.26720154,0.31090605,0.31086314,,,0.2634403,0.25765246,,,0.27854908,0.2818389
0.58760697,0.5772948,0.88977563,0.2751261,0.31248087,0.30216873,,,0.27792978,0.2665224,,,0.28908962,0.27742463
0.5703261,0.57548696,0.8902503,0.25556266,0.31476343,0.3199243,,,0.25989497,0.25861734,,,0.282229,0.284541
0.5768335,0.58655524,0.88853765,0.27485108,0.3019824,0.31170416,,,0.2654947,0.26664996,,,0.27691567,0.28254884
0.57270074,0.58711934,0.8895938,0.2702263,0.30247444,0.31689304,,,0.23036748,0.26748562,,,0.26410276,0.2875058
0.57646453,0.5779427,0.89143294,0.26297432,0.3134902,0.3149684,,,0.26658493,0.27524406,,,0.2862876,0.287938
0.583536,0.5785736,0.8899653,0.27214432,0.3113917,0.30642927,,,0.2743162,0.2655447,,,0.2865504,0.27887768
0.58394945,0.57997227,0.8900309,0.2738908,0.31005865,0.30608147,,,0.26010144,0.26324058,,,0.28219092,0.28024542
0.5840388,0.58190787,0.8899348,0.27601194,0.30802685,0.30589592,,,0.2699061,0.2916342,,,0.28366286,0.29330188
0.58369195,0.5745984,0.8917588,0.2665316,0.31716037,0.3080668,,,0.28014046,0.28117794,,,0.29210228,0.29015398
0.5887147,0.5889392,0.89211226,0.28554165,0.30317307,0.30339754,,,0.27980947,0.30255896,,,0.28544647,0.29357427
0.58613396,0.58347166,0.89230824,0.27729738,0.30883658,0.30617428,,,0.29246575,0.27320087,,,0.29423493,0.2783674
0.5784972,0.58542514,0.8916659,0.27225643,0.30624074,0.3131687,,,0.27543157,0.2866667,,,0.28697258,0.2912349
0.58019185,0.5889543,0.8917289,0.2774173,0.30277455,0.31153703,,,0.28054237,0.28061438,,,0.2854175,0.29021996
0.58288544,0.5800288,0.89102656,0.27188772,0.31099772,0.30814105,,,0.28323787,0.24826497,,,0.29222345,0.27924287
0.58179533,0.5876366,0.8912801,0.2781518,0.30364352,0.30948478,,,0.2636813,0.28185672,,,0.28199053,0.29405028
0.58471906,0.58137447,0.8910395,0.2750541,0.30966496,0.30632037,,,0.30162156,0.28121978,,,0.292073,0.28732848
0.58660626,0.57755816,0.890155,0.2740094,0.31259686,0.30354875,,,0.2728163,0.27262264,,,0.29194814,0.2853552
0.58579254,0.58565664,0.8922474,0.2792018,0.30659074,0.30645484,,,0.29629177,0.27796727,,,0.28956127,0.28640825
0.5813552,0.5806448,0.89147854,0.2705214,0.3108338,0.31012338,,,0.27895486,0.28195363,,,0.2844131,0.28812563
0.58563626,0.5804441,0.89073426,0.2753461,0.31029016,0.305098,,,0.27243465,0.2594123,,,0.2836225,0.28065127
0.5818101,0.5806669,0.88928854,0.27318847,0.30862164,0.30747843,,,0.27017862,0.29157114,,,0.28907073,0.29338884
0.5862249,0.5808797,0.8916173,0.2754873,0.3107376,0.30539238,,,0.2903695,0.28377777,,,0.29233897,0.287619
0.5821929,0.5750558,0.8893885,0.26786023,0.31433266,0.30719554,,,0.2621321,0.2706321,,,0.28168565,0.2818191
0.5879313,0.57597554,0.89029396,0.27361286,0.31431842,0.30236268,,,0.26594967,0.26225632,,,0.28776217,0.2776366
0.5746223,0.58398736,0.88762987,0.27097976,0.3036425,0.3130076,,,0.2572195,0.27796918,,,0.27848303,0.29155433
0.58491135,0.57783824,0.8898975,0.272852,0.31205934,0.30498624,,,0.2856456,0.26613808,,,0.29369527,0.2820685
0.5900976,0.57986665,0.89078474,0.27917957,0.31091803,0.30068707,,,0.28574258,0.25908375,,,0.2946744,0.27813286
0.57696444,0.5805166,0.8883984,0.26908255,0.3078819,0.31143403,,,0.26686728,0.26867878,,,0.28272265,0.28490716
0.5786438,0.5783243,0.8890816,0.26788652,0.31075728,0.3104378,,,0.2659381,0.27338398,,,0.28207815,0.28178877
0.579443,0.575071,0.88836753,0.26614642,0.31329656,0.30892456,,,0.26326674,0.26879674,,,0.2807756,0.2825675
0.5814065,0.5743497,0.88909173,0.2666645,0.31474197,0.3076852,,,0.27875882,0.24986863,,,0.29292727,0.27909255
0.5810381,0.57995874,0.88976336,0.27123356,0.30980456,0.30872518,,,0.2807184,0.28285587,,,0.281995,0.28580225
0.5775708,0.57395613,0.8874852,0.26404172,0.31352907,0.3099144,,,0.2629251,0.28372353,,,0.28628147,0.29139674
0.58769673,0.5845376,0.8880449,0.2841894,0.30350733,0.30034822,,,0.2736836,0.30149585,,,0.2854374,0.29725492
0.59045637,0.583284,0.89110994,0.28263044,0.30782592,0.30065358,,,0.26583445,0.2824425,,,0.28228968,0.29142237
0.5857158,0.5778959,0.8890865,0.27452517,0.3111906,0.3033707,,,0.27814806,0.28314394,,,0.2951517,0.29171497
0.58556396,0.5828294,0.8909479,0.2774455,0.30811846,0.30538392,,,0.27429628,0.2687022,,,0.28589338,0.28327113
0.5740349,0.5839439,0.88862747,0.2693513,0.30468363,0.3145926,,,0.2629664,0.27359962,,,0.2826246,0.2891304
0.57715416,0.57755816,0.89008844,0.26462388,0.31253028,0.31293428,,,0.27129424,0.271286,,,0.28396827,0.28702384
0.5845561,0.57999027,0.8922908,0.2722556,0.3123005,0.30773467,,,0.2962724,0.26833212,,,0.293635,0.28101796
0.5783235,0.5820017,0.8884461,0.27187908,0.3064444,0.3101226,,,0.24943715,0.2684914,,,0.2768314,0.2848084
0.5834439,0.5822909,0.89020956,0.2755252,0.30791867,0.30676568,,,0.28018594,0.28459853,,,0.2873975,0.28875017
0.5878433,0.58145744,0.89078933,0.27851146,0.30933183,0.30294597,,,0.2879486,0.27685833,,,0.2904958,0.28634614
0.57538146,0.585762,0.8908904,0.27025312,0.30512834,0.3155089,,,0.26386148,0.29017764,,,0.28378904,0.29601347
0.5790978,0.5799267,0.8898104,0.2692141,0.3098837,0.31071264,,,0.27422768,0.28727782,,,0.29008758,0.2923321
0.5786991,0.58425885,0.89039177,0.27256614,0.30613297,0.3116927,,,0.2820288,0.28790104,,,0.28683847,0.29330653
0.5789311,0.5764626,0.8907045,0.2646892,0.3142419,0.31177342,,,0.25498068,0.27186334,,,0.28079176,0.28048515
0.5866655,0.58333766,0.8882298,0.2817734,0.30489212,0.30156428,,,0.30492538,0.26712823,,,0.29926175,0.28073013
0.5797366,0.5898015,0.8909127,0.2786253,0.30111128,0.31117618,,,0.27045095,0.28749257,,,0.28056407,0.2916531
0.5862759,0.57957816,0.8892282,0.27662575,0.30965012,0.3029524,,,0.26660478,0.27502382,,,0.28772974,0.28504974
0.5845593,0.5862618,0.88959605,0.28122514,0.30333418,0.30503666,,,0.29603142,0.29187173,,,0.2953441,0.29230648
0.5870853,0.57517886,0.89192307,0.27034104,0.31674427,0.30483782,,,0.2799005,0.27119225,,,0.28986025,0.2765565
0.5857414,0.5783638,0.88864803,0.27545714,0.31028426,0.30290663,,,0.27392823,0.24925125,,,0.28823882,0.27087873
0.5757463,0.58579135,0.8901144,0.27142322,0.30432308,0.31436813,,,0.2705062,0.27872497,,,0.27729928,0.2883094
0.57360816,0.5880597,0.89087343,0.2707944,0.30281377,0.31726533,,,0.257559,0.27584273,,,0.2753982,0.29095316
0.5830828,0.58444387,0.8920437,0.275483,0.30759978,0.30896086,,,0.27926165,0.27962154,,,0.2849201,0.28786564
0.5789995,0.5845233,0.89060354,0.2729193,0.30608022,0.31160402,,,0.27868128,0.28103465,,,0.2905259,0.29212493
0.5880611,0.57391393,0.8884763,0.2734987,0.31456238,0.30041522,,,0.28631955,0.2865858,,,0.29186505,0.27994162
0.5796834,0.58173144,0.8897894,0.27162546,0.30805796,0.31010598,,,0.2615167,0.26894534,,,0.2821859,0.28391033
0.58096075,0.588133,0.8912617,0.27783203,0.30312872,0.31030095,,,0.28874063,0.2764784,,,0.2872563,0.28810632
0.5826994,0.5803267,0.8896788,0.27334732,0.3093521,0.30697936,,,0.27656424,0.25804937,,,0.2867093,0.2739119
0.5851188,0.5749594,0.8900077,0.2700705,0.31504828,0.3048889,,,0.26875794,0.26090312,,,0.2868929,0.2747473
0.5762316,0.58092356,0.8895306,0.26762456,0.30860704,0.313299,,,0.26723254,0.27054155,,,0.28409845,0.28336263
0.5868184,0.5753357,0.8905986,0.27155548,0.3152629,0.3037802,,,0.27329683,0.26245522,,,0.28785068,0.28104603
0.5804879,0.5759157,0.89205647,0.26434708,0.31614083,0.31156862,,,0.2744239,0.28258318,,,0.28688467,0.28748482
0.5816379,0.5796145,0.89121264,0.27003986,0.31159806,0.30957466,,,0.2772528,0.2687558,,,0.29126292,0.28247434
0.5752434,0.5844592,0.88939583,0.2703067,0.3049367,0.31415248,,,0.2692606,0.28497112,,,0.28424847,0.29498804
0.5828748,0.58352524,0.8908158,0.27558416,0.3072906,0.30794108,,,0.2674718,0.25971448,,,0.28003722,0.28196388
0.57850516,0.5870899,0.89198303,0.27361202,0.30489314,0.31347787,,,0.2678231,0.28619397,,,0.28669417,0.29510307
0.5859144,0.581295,0.8917624,0.275447,0.31046736,0.305848,,,0.27082014,0.2612207,,,0.289639,0.28088105
0.57959914,0.57860243,0.8885766,0.26962495,0.3099742,0.30897748,,,0.25384277,0.26947945,,,0.276231,0.2809115
0.5804491,0.5812962,0.8891756,0.27256972,0.3078794,0.3087265,,,0.2579893,0.26666737,,,0.27838075,0.2802984
0.57615936,0.5779795,0.8868117,0.26732713,0.30883223,0.31065238,,,0.26039284,0.27764624,,,0.27964735,0.28482682
0.5861006,0.5775332,0.8907834,0.2728504,0.31325018,0.3046828,,,0.2739445,0.2683969,,,0.29038012,0.2765941
0.58232397,0.5777234,0.88801754,0.27202976,0.3102942,0.30569363,,,0.2617553,0.27685535,,,0.28332424,0.2852853
0.5936527,0.58282614,0.89332175,0.2831571,0.31049562,0.29966903,,,0.2745011,0.27147144,,,0.28988177,0.28417093
0.58625233,0.5766667,0.8904766,0.27244246,0.31380987,0.30422425,,,0.29453605,0.2784533,,,0.29869872,0.28391135
0.5865555,0.5821888,0.8925675,0.2761768,0.31037867,0.30601197,,,0.30140477,0.28413743,,,0.29591554,0.2885753
0.58371055,0.59000707,0.89112294,0.28259468,0.30111587,0.3074124,,,0.259955,0.28247154,,,0.27688557,0.28802735
0.57845974,0.59006655,0.8890243,0.27950197,0.29895777,0.31056458,,,0.24943048,0.2893628,,,0.27582484,0.29047358
0.59407437,0.5832579,0.8920671,0.2852652,0.30880916,0.2979927,,,0.30238074,0.2897882,,,0.2920454,0.2867304
0.581501,0.5854337,0.89046097,0.27647376,0.30502725,0.30895996,,,0.26324648,0.25831044,,,0.27891773,0.2772767
0.5759809,0.57783407,0.89087355,0.26294148,0.31303942,0.3148926,,,0.2685371,0.2605462,,,0.28982258,0.2834493
0.57475424,0.58303463,0.89063346,0.2671554,0.30759883,0.31587923,,,0.25582206,0.2675385,,,0.2837705,0.288733
0.57519674,0.578276,0.8888569,0.26461577,0.31058097,0.3136602,,,0.24513412,0.2724799,,,0.27132457,0.28727698
0.5855744,0.5857677,0.891836,0.27950615,0.30606824,0.30626154,,,0.2739663,0.29207915,,,0.28777713,0.28579867
0.5818224,0.5803329,0.89050865,0.27164662,0.31017578,0.30868626,,,0.27309656,0.29083902,,,0.2877969,0.29161525
0.5915121,0.58599246,0.8905979,0.28690666,0.30460542,0.2990858,,,0.30252272,0.25452328,,,0.2953505,0.2753296
0.5681772,0.5780864,0.8889979,0.2572657,0.31091154,0.3208207,,,0.25764954,0.25874394,,,0.28109407,0.28321624
0.57720846,0.58368385,0.8899875,0.27090472,0.30630374,0.31277913,,,0.26291192,0.2766875,,,0.27686942,0.28873146
0.5764402,0.5814568,0.89033765,0.26755935,0.30888087,0.31389743,,,0.2762398,0.2706309,,,0.29536653,0.29008394
0.57594013,0.5824902,0.8908744,0.26755595,0.30838418,0.31493425,,,0.27704108,0.27061015,,,0.2878353,0.28636295
0.5764381,0.5837081,0.8910655,0.26908076,0.30735737,0.31462735,,,0.27522355,0.27346885,,,0.2809695,0.28585267
0.5850098,0.57466686,0.8888109,0.2708658,0.31414402,0.30380106,,,0.26613843,0.25512886,,,0.28985757,0.2784425
0.576612,0.5814227,0.88939476,0.26863992,0.30797207,0.31278276,,,0.26992714,0.25479627,,,0.2829839,0.28031522
0.5794933,0.58209777,0.890062,0.27152908,0.3079642,0.3105687,,,0.27435505,0.26885808,,,0.28192627,0.28334445
0.5837326,0.57974374,0.8901364,0.27333993,0.31039268,0.30640382,,,0.27515727,0.25994796,,,0.2901314,0.28014815
0.5845125,0.578544,0.8904653,0.27259117,0.3119213,0.30595285,,,0.27902162,0.27144313,,,0.29452062,0.27925873
0.57136774,0.57664394,0.88848233,0.25952935,0.3118384,0.3171146,,,0.26562548,0.24891782,,,0.28022796,0.27883893
0.5798954,0.57482064,0.8880443,0.26667172,0.31322366,0.30814892,,,0.2561155,0.26081008,,,0.282467,0.28264505
0.5802716,0.58073604,0.890392,0.27061564,0.30965596,0.3101204,,,0.28154308,0.27067614,,,0.29205596,0.28382683
0.5870379,0.5737922,0.8902145,0.27061564,0.31642228,0.30317658,,,0.28691882,0.27181274,,,0.29383284,0.27808315
0.5741576,0.57911944,0.88644665,0.26683038,0.3073272,0.31228906,,,0.2804494,0.24305636,,,0.29125452,0.2725739
0.5777885,0.58380413,0.8885597,0.2730329,0.30475557,0.31077123,,,0.28544438,0.2587399,,,0.2839464,0.28156567
0.5769197,0.57632995,0.8887986,0.26445103,0.31246865,0.31187892,,,0.25053668,0.264535,,,0.28172743,0.2835347
0.58177507,0.5763078,0.8895834,0.26849943,0.31327564,0.30780834,,,0.2897402,0.26857382,,,0.29638255,0.28312045
0.5812738,0.5828053,0.8925304,0.2715487,0.3097251,0.3112566,,,0.27033466,0.27211744,,,0.28688872,0.28534478
0.5820292,0.57594895,0.889307,0.26867115,0.31335807,0.3072778,,,0.28883284,0.27835864,,,0.287736,0.28188664
0.57770777,0.5794567,0.8889955,0.26816893,0.30953884,0.31128776,,,0.23873895,0.25571442,,,0.2707014,0.2782114
0.57687795,0.58207536,0.8895663,0.269387,0.30749094,0.31268835,,,0.25920874,0.2662397,,,0.2814268,0.28467864
0.57810056,0.5805938,0.88889354,0.26980084,0.30829972,0.31079298,,,0.26316196,0.28023952,,,0.28480756,0.28550613
0.581897,0.57995594,0.8905623,0.27129066,0.31060636,0.30866528,,,0.27310103,0.2591027,,,0.2878697,0.2801153
0.5804888,0.58551,0.8919377,0.27406114,0.30642766,0.31144887,,,0.2627703,0.2894119,,,0.28223622,0.29860264
0.57862616,0.58617216,0.88790584,0.27689242,0.30173373,0.30927974,,,0.26686645,0.276529,,,0.27777976,0.2859391
0.5834352,0.5830622,0.8923622,0.27413517,0.3093,0.308927,,,0.2790209,0.27959377,,,0.29053777,0.29174274
0.577399,0.58760583,0.89156204,0.2734428,0.3039562,0.31416303,,,0.24955261,0.29177558,,,0.27501333,0.29310507
0.58406687,0.58569694,0.8905823,0.27918148,0.3048854,0.30651546,,,0.28019345,0.29333013,,,0.2924326,0.29369462
0.57993114,0.5926261,0.8904217,0.28213555,0.2977956,0.31049055,,,0.2813841,0.29187047,,,0.28168988,0.28892714
0.58773446,0.58515525,0.8940138,0.2788759,0.30885857,0.30627936,,,0.28796268,0.27142775,,,0.29661578,0.28913128
0.5818138,0.58289695,0.8900455,0.27466524,0.30714858,0.3082317,,,0.28052223,0.27337223,,,0.2869857,0.2867266
0.58329356,0.5813569,0.88972217,0.27492827,0.3083653,0.3064286,,,0.24924576,0.24728078,,,0.27201402,0.27369726
0.57687557,0.5815942,0.8907534,0.2677164,0.30915916,0.31387782,,,0.26111436,0.28194666,,,0.278646,0.29510027
0.58274007,0.58119595,0.88780475,0.27613127,0.3066088,0.30506468,,,0.2930693,0.27736354,,,0.29197466,0.2878526
0.59188163,0.57716954,0.8909017,0.2781495,0.31373215,0.29902005,,,0.26832873,0.27528453,,,0.28694385,0.27836263
0.5766565,0.58350694,0.8900084,0.270155,0.3065015,0.31335193,,,0.28823483,0.2793222,,,0.29011214,0.2842111
0.5872604,0.5824381,0.89185375,0.27784473,0.3094157,0.30459338,,,0.29289472,0.2794386,,,0.29141742,0.285461
0.58583534,0.5816276,0.890098,0.27736497,0.30847037,0.30426264,,,0.2592147,0.25903898,,,0.280383,0.27928275
0.59168625,0.5762148,0.89333475,0.2745663,0.31711996,0.3016485,,,0.28234214,0.29560888,,,0.29782885,0.2901997
0.5813705,0.5749041,0.88941026,0.2668643,0.31450617,0.30803978,,,0.26509804,0.2357136,,,0.28167194,0.27108538
0.5759316,0.58274657,0.88938975,0.26928842,0.3066432,0.31345814,,,0.2786184,0.2917443,,,0.28379518,0.2937973
0.58098,0.5832988,0.89067304,0.2736057,0.3073743,0.3096931,,,0.2703185,0.2749952,,,0.28466076,0.2851112
0.581775,0.57852304,0.89109236,0.26920575,0.31256926,0.3093173,,,0.29088622,0.27474564,,,0.29422438,0.28704417
0.5798192,0.5718057,0.88966113,0.26196378,0.31785542,0.30984193,,,0.28949416,0.25974405,,,0.29281557,0.27435023
0.5839128,0.5889015,0.8906915,0.28212285,0.30178994,0.30677867,,,0.26762718,0.27313006,,,0.280567,0.29062158
0.5859183,0.58555746,0.89231396,0.2791618,0.3067565,0.30639565,,,0.2995624,0.30065382,,,0.29814416,0.29686004
0.5847336,0.5762732,0.8878501,0.2731567,0.3115769,0.3031165,,,0.2705084,0.26836377,,,0.2852149,0.27916545
0.5834571,0.58227015,0.88904893,0.27667832,0.3067788,0.30559182,,,0.26130795,0.29944885,,,0.28074402,0.29119825
0.57894313,0.57442045,0.890185,0.2631786,0.31576455,0.31124187,,,0.27587312,0.29207057,,,0.2911302,0.295767
0.582426,0.5865301,0.8887383,0.28021777,0.30220824,0.30631232,,,0.27190018,0.2710395,,,0.28554738,0.28317505
0.58561707,0.5806502,0.89088655,0.27538073,0.31023633,0.30526948,,,0.27239966,0.28670222,,,0.28361255,0.2902406
0.5839621,0.5761099,0.890384,0.26968795,0.31427413,0.30642194,,,0.279819,0.25073045,,,0.28729665,0.2738505
0.5741477,0.58133936,0.8895044,0.2659827,0.308165,0.31535667,,,0.24917084,0.2633347,,,0.27903175,0.28585482
0.5838249,0.5831717,0.8920493,0.2749473,0.3088776,0.30822444,,,0.2778082,0.27740496,,,0.28845257,0.2865126
0.5827455,0.57650113,0.88874805,0.27049863,0.31224686,0.3060025,,,0.27717578,0.24933356,,,0.28745306,0.2741071
0.58087206,0.58641976,0.8910247,0.27626717,0.3046049,0.3101526,,,0.25995606,0.28044897,,,0.27669585,0.2924735
0.58720046,0.587463,0.8920342,0.28262937,0.3045711,0.30483365,,,0.28398222,0.29871708,,,0.28928524,0.29385865
0.5793067,0.58339775,0.89110744,0.27159703,0.3077097,0.31180072,,,0.2732358,0.2826659,,,0.28860563,0.29421437
0.5800313,0.5832306,0.8896603,0.2736016,0.30642968,0.30962902,,,0.2810821,0.27246326,,,0.2830609,0.27893233
0.5798424,0.58122224,0.8901443,0.27092034,0.30892205,0.3103019,,,0.2801894,0.27058393,,,0.29304206,0.29005563
0.5799874,0.5853548,0.8891751,0.2761671,0.3038203,0.3091877,,,0.26506072,0.2893327,,,0.2802862,0.29162025
0.58969545,0.5792636,0.89105105,0.2779081,0.31178737,0.30135554,,,0.2818998,0.26131397,,,0.28968263,0.2725283
0.57952094,0.57325536,0.88751256,0.26526368,0.31425726,0.30799168,,,0.27281606,0.2852335,,,0.2875954,0.28470182
0.58137184,0.56821465,0.8882965,0.26128995,0.3200819,0.3069247,,,0.25681746,0.25570583,,,0.27969325,0.27452672
0.5778219,0.5769861,0.8867318,0.26807624,0.30974567,0.30890983,,,0.2679047,0.26597327,,,0.2814899,0.28159547
0.58258665,0.5790652,0.8912553,0.27039653,0.31219012,0.30866867,,,0.27546054,0.26281327,,,0.2869323,0.28159142
0.5831434,0.5828885,0.88892853,0.2771033,0.3060401,0.30578518,,,0.27129292,0.27818036,,,0.28656733,0.28389454
0.5794852,0.5815685,0.8900534,0.27100027,0.3084849,0.3105682,,,0.26840687,0.28293592,,,0.28455675,0.29369664
0.57993996,0.5721843,0.88827807,0.26384622,0.31609374,0.3083381,,,0.28146642,0.2380026,,,0.29428214,0.26530308
0.5775354,0.5814077,0.88796604,0.27097714,0.30655825,0.3104306,,,0.27140927,0.27941102,,,0.28761762,0.28957105
0.5832408,0.5812566,0.8917193,0.2727781,0.3104627,0.30847853,,,0.28979158,0.2767325,,,0.2925514,0.28662348
0.57133746,0.585295,0.8903886,0.26624382,0.30509365,0.3190512,,,0.25467068,0.28124905,,,0.27407712,0.29392797
0.58129144,0.5819409,0.89134246,0.27188987,0.30940157,0.31005102,,,0.28305668,0.2798155,,,0.28578168,0.285937
0.5781207,0.5815275,0.8879351,0.27171308,0.30640763,0.3098144,,,0.26491958,0.27618456,,,0.2861637,0.2911207
0.5831743,0.5773162,0.8890468,0.27144372,0.31173056,0.3058725,,,0.2806511,0.25499082,,,0.29332316,0.27907062
0.5731348,0.57825035,0.88857484,0.26281023,0.31032455,0.31544012,,,0.26534992,0.26250464,,,0.27955574,0.28220463
0.57756466,0.5786512,0.88895184,0.26726407,0.3103006,0.31138712,,,0.2609728,0.2653628,,,0.281029,0.2846533
0.57297283,0.5829748,0.88855,0.2673977,0.30557513,0.3155771,,,0.24671137,0.26560307,,,0.27182978,0.28081775
0.58532387,0.59325004,0.89093447,0.28763938,0.2976845,0.30561066,,,0.27957416,0.29118025,,,0.27992314,0.29294276
0.579834,0.5646803,0.88626707,0.25824726,0.32158673,0.30643302,,,0.26551735,0.2412293,,,0.28839463,0.27114594
0.5688647,0.57991385,0.8884911,0.26028746,0.30857724,0.3196264,,,0.2592492,0.2584772,,,0.28189266,0.2869526
0.58286464,0.592243,0.8926865,0.28242123,0.3004434,0.30982178,,,0.26242197,0.3122561,,,0.27826875,0.30272424
0.57791567,0.5849683,0.8897438,0.2731402,0.30477548,0.31182814,,,0.2823525,0.2810648,,,0.2862826,0.28798664
0.57742536,0.58365977,0.8894559,0.2716292,0.30579615,0.31203055,,,0.26720387,0.2715304,,,0.28407186,0.28885835
0.582597,0.5762348,0.8916191,0.26721275,0.31538427,0.30902207,,,0.2875427,0.26675767,,,0.29815322,0.28576952
0.57969236,0.5796953,0.89049685,0.26889074,0.31080163,0.31080455,,,0.2721061,0.28731245,,,0.28484333,0.2880335
0.5801995,0.5808654,0.8914997,0.26956517,0.31063432,0.31130022,,,0.29674923,0.2649824,,,0.29052395,0.28270364
0.5745807,0.58176106,0.8893401,0.2670017,0.30757904,0.31475937,,,0.26858574,0.25556028,,,0.28075743,0.27730638
0.5801462,0.5887724,0.8925973,0.2763213,0.3038249,0.31245112,,,0.28008002,0.2806065,,,0.28518564,0.29357386
0.57827526,0.58101916,0.890412,0.2688824,0.30939287,0.31213677,,,0.2737462,0.2786758,,,0.28294867,0.28930098
0.58442044,0.57718766,0.89047086,0.27113724,0.3132832,0.30605042,,,0.29367673,0.26081795,,,0.29117346,0.27838844
0.58308935,0.5730519,0.89064425,0.26549703,0.31759232,0.3075549,,,0.2794944,0.25150657,,,0.2928654,0.2715739
0.5939052,0.5839524,0.89287096,0.28498667,0.30891854,0.29896575,,,0.30119967,0.27340353,,,0.30008107,0.27876705
0.58866507,0.577357,0.89018476,0.2758373,0.31282777,0.3015197,,,0.28242242,0.26598257,,,0.2950871,0.27738583
0.5806569,0.5825771,0.88941157,0.27382243,0.30683446,0.30875468,,,0.25388438,0.27572405,,,0.2733596,0.28795147
0.58408165,0.58635795,0.89231735,0.27812225,0.3059594,0.3082357,,,0.29301655,0.28570372,,,0.29007548,0.29326683
0.58981663,0.5809244,0.89136,0.2793811,0.31043553,0.3015433,,,0.29067016,0.25862688,,,0.29863256,0.27679485
0.5810584,0.58206946,0.8906741,0.27245378,0.3086046,0.30961567,,,0.28383046,0.25712103,,,0.28584862,0.27793837
0.5802225,0.5779457,0.89046204,0.26770616,0.31251633,0.31023955,,,0.29202807,0.26486045,,,0.29312694,0.2832042
0.5852261,0.58501065,0.8900136,0.28022325,0.30500287,0.3047874,,,0.27511317,0.2694173,,,0.2880456,0.2845112
0.58085674,0.5825939,0.8917522,0.27169853,0.3091582,0.31089538,,,0.26851743,0.2549473,,,0.28752023,0.2807467
0.5683119,0.5823053,0.8885261,0.26209116,0.30622077,0.32021415,,,0.2592488,0.26887625,,,0.27998024,0.28856134
0.5892246,0.58252954,0.8906161,0.281138,0.30808657,0.30139154,,,0.27776337,0.28010803,,,0.28764433,0.28771305
0.5780257,0.58499306,0.8918247,0.27119398,0.30683172,0.31379908,,,0.24879462,0.26362222,,,0.27508485,0.2862475
0.5746832,0.5875513,0.8897451,0.27248943,0.30219376,0.31506187,,,0.2794125,0.2578796,,,0.28243494,0.28507197
0.5800395,0.58090895,0.8929514,0.2679971,0.31204242,0.31291187,,,0.27479714,0.2691446,,,0.2930138,0.28605956
0.5869856,0.5742743,0.89197147,0.26928842,0.31769717,0.30498588,,,0.2771002,0.26822805,,,0.2914639,0.28205228
0.57759297,0.5747118,0.88879067,0.2635141,0.31407887,0.3111977,,,0.27088284,0.26983446,,,0.28271347,0.2822799
0.576704,0.58170354,0.8892969,0.26911068,0.30759335,0.31259286,,,0.26046818,0.25578392,,,0.27977264,0.2832191
0.58423436,0.5794647,0.89215475,0.27154428,0.31269008,0.3079204,,,0.27604842,0.2774498,,,0.2917266,0.29051375
0.5841818,0.5839737,0.8900459,0.27810955,0.30607224,0.30586416,,,0.27531725,0.28307784,,,0.28701508,0.29098725
0.58106756,0.58126974,0.8909858,0.27135152,0.30971605,0.30991822,,,0.27498657,0.25614297,,,0.28420424,0.27494866
0.57256365,0.5661143,0.8872553,0.25142264,0.321141,0.31469166,,,0.25566435,0.25375545,,,0.2838012,0.27936095
0.5810523,0.5824375,0.8894343,0.27405554,0.30699676,0.30838197,,,0.27420205,0.27048337,,,0.28150874,0.28032947
0.5730776,0.5849091,0.88844395,0.2695427,0.30353492,0.3153664,,,0.2627054,0.26959455,,,0.27819443,0.28893727
0.58163565,0.58529913,0.8898926,0.27704215,0.3045935,0.30825698,,,0.27113742,0.28524715,,,0.28583854,0.29066908
0.58694005,0.57971764,0.8894701,0.2771876,0.30975246,0.30253005,,,0.2727716,0.2871312,,,0.2821529,0.28780067
0.58412397,0.5822428,0.8899973,0.2763695,0.30775446,0.30587327,,,0.27745724,0.26963973,,,0.28540444,0.28280145
0.57383865,0.5774099,0.88783306,0.26341552,0.31042314,0.3139944,,,0.2583043,0.273628,,,0.28111434,0.28629237
0.5861356,0.577782,0.8881014,0.27581614,0.31031948,0.30196583,,,0.25938356,0.25009048,,,0.28425986,0.2740615
0.5803911,0.5787109,0.8899976,0.26910436,0.31128675,0.30960655,,,0.2643522,0.27067804,,,0.28414232,0.2797656
0.5853886,0.5760006,0.8904792,0.2709099,0.3144787,0.30509067,,,0.28275335,0.2834165,,,0.29218698,0.2859758
0.5773101,0.56947136,0.88733256,0.2594489,0.3178612,0.31002247,,,0.2720347,0.25425845,,,0.2874589,0.27618998
0.58601564,0.58717287,0.89176255,0.2814259,0.30458975,0.30574697,,,0.29185045,0.28210515,,,0.28725636,0.28682733
0.5809624,0.582729,0.88927585,0.27441555,0.30654687,0.30831343,,,0.26494002,0.25651807,,,0.28471386,0.27623045
0.5727885,0.5750792,0.8880335,0.25983417,0.3129543,0.31524503,,,0.24129254,0.25634754,,,0.27524185,0.28481942
0.58550924,0.57978463,0.8902969,0.27499706,0.31051219,0.30478758,,,0.30656052,0.28465873,,,0.29813254,0.2854026
0.5826452,0.5878548,0.8903301,0.28016996,0.3024752,0.30768484,,,0.2566144,0.2561419,,,0.27595907,0.28121227
0.58238095,0.5747683,0.8884051,0.26874423,0.31363672,0.30602407,,,0.26867205,0.25571448,,,0.2811368,0.27743578
0.5812249,0.57621765,0.8887662,0.26867634,0.31254858,0.3075413,,,0.2818581,0.25579733,,,0.2914238,0.28208768
0.57499695,0.58805084,0.8882573,0.27479047,0.30020648,0.31326038,,,0.2695477,0.2648952,,,0.2805277,0.28211397
0.5804732,0.5786335,0.8916724,0.26743436,0.31303883,0.31119913,,,0.26560426,0.26143372,,,0.28448844,0.2868889
0.58654743,0.5839851,0.89398676,0.2765457,0.31000173,0.3074394,,,0.27359653,0.28408688,,,0.28828818,0.2893132
0.59322655,0.575763,0.8930894,0.27590013,0.31732643,0.29986286,,,0.29397172,0.25803918,,,0.2994581,0.26943302
0.5816335,0.5743742,0.8878578,0.26814997,0.31348354,0.30622423,,,0.26535034,0.26076603,,,0.28738922,0.27645308
0.5838505,0.58973765,0.8918475,0.28174067,0.30210984,0.307997,,,0.26277494,0.3015043,,,0.2828164,0.29768276
0.57721454,0.5804247,0.8871309,0.27050835,0.3067062,0.30991638,,,0.26014745,0.2637759,,,0.28064758,0.27943152
0.57673705,0.5785115,0.8888167,0.2664318,0.31030524,0.31207967,,,0.25983322,0.25984395,,,0.2830001,0.28705174
0.58357525,0.5810567,0.8896745,0.27495748,0.30861777,0.30609924,,,0.27095836,0.28218794,,,0.2843349,0.28653765
0.58889484,0.58039427,0.89145136,0.27783775,0.3110571,0.3025565,,,0.28702575,0.27501088,,,0.2934897,0.28047693
0.58139074,0.58263075,0.8898983,0.2741232,0.30726755,0.30850756,,,0.27616376,0.2668665,,,0.2842952,0.28163743
0.58351916,0.58274853,0.8920748,0.2741928,0.30932635,0.30855572,,,0.2961821,0.2728985,,,0.29835248,0.283148
0.58305514,0.58009017,0.8907422,0.27240312,0.31065202,0.30768704,,,0.28163677,0.2711059,,,0.28885543,0.2809385
0.5788002,0.5839273,0.8890259,0.27370155,0.30509865,0.31022573,,,0.26087034,0.27405483,,,0.27593088,0.28543627
0.5875174,0.5801066,0.88933897,0.27828503,0.30923235,0.3018216,,,0.27325022,0.2761826,,,0.28934115,0.28777963
0.58310574,0.58872116,0.89247787,0.27934897,0.30375677,0.3093722,,,0.2793939,0.28778118,,,0.28920197,0.2922926
0.58070016,0.581645,0.89124805,0.27109712,0.30960304,0.3105479,,,0.29742151,0.2881416,,,0.29213327,0.2905165
0.57812,0.5844623,0.89157635,0.27100593,0.30711406,0.31345636,,,0.24362165,0.27412653,,,0.2765726,0.287735
0.58103323,0.58590454,0.8913404,0.27559745,0.30543578,0.3103071,,,0.2760015,0.2832173,,,0.28848332,0.294927
0.58412784,0.5813199,0.89163476,0.27381295,0.3103149,0.30750698,,,0.28379655,0.2660998,,,0.28741252,0.27872795
0.5918715,0.57069784,0.8891615,0.27340776,0.31846374,0.2972901,,,0.2771501,0.26460147,,,0.29220635,0.27789056
0.5808201,0.57467294,0.89155054,0.26394248,0.3168776,0.31073046,,,0.27350986,0.26585543,,,0.28971815,0.28423202
0.5820272,0.5773467,0.8890297,0.2703442,0.311683,0.30700248,,,0.26841193,0.2682917,,,0.284321,0.28571743
0.5718597,0.5718572,0.88967204,0.2540449,0.31781483,0.31781232,,,0.24868202,0.25036573,,,0.2802567,0.27915072
0.5821456,0.58012354,0.89056015,0.27170897,0.3104366,0.30841458,,,0.26451403,0.27675474,,,0.28013575,0.2854694
0.57669497,0.57248294,0.88933957,0.25983834,0.31685662,0.3126446,,,0.28345817,0.2680949,,,0.2922507,0.2820562
0.5807539,0.579908,0.88790524,0.2727567,0.30799723,0.30715132,,,0.2906704,0.2689402,,,0.29176128,0.28136218
0.58256054,0.57841146,0.88895524,0.27201676,0.31054378,0.3063947,,,0.27790755,0.26500416,,,0.28993803,0.28510886
0.5846338,0.57881796,0.8901372,0.2733146,0.31131923,0.30550337,,,0.28113973,0.2617715,,,0.29308766,0.27859604
0.5814144,0.57866204,0.886754,0.2733224,0.308092,0.30533963,,,0.2676347,0.24560201,,,0.28346765,0.27202713
0.58324444,0.5801924,0.89121926,0.27221763,0.3110268,0.30797476,,,0.28711957,0.25906318,,,0.2905122,0.2795378
0.5827241,0.5877116,0.8911878,0.27924788,0.3034762,0.3084637,,,0.27954477,0.28282934,,,0.28172475,0.2844839
0.5852345,0.57525235,0.8900369,0.27045006,0.31478447,0.3048023,,,0.28176856,0.2711112,,,0.28801644,0.28265756
0.58385956,0.58355975,0.890229,0.27719033,0.30666924,0.30636942,,,0.27215946,0.28297037,,,0.2851866,0.28548867
0.588817,0.5838872,0.89238614,0.28031808,0.30849892,0.30356914,,,0.26278132,0.2886303,,,0.2809273,0.29395616
0.5843396,0.5896438,0.8908323,0.28315103,0.3011886,0.30649275,,,0.27559245,0.27779168,,,0.28567052,0.2912736
0.5719491,0.5792823,0.88771355,0.26351786,0.30843127,0.31576443,,,0.25342768,0.25198352,,,0.27731478,0.2771961
0.5774348,0.5779083,0.8899136,0.26542944,0.31200534,0.31247884,,,0.2665311,0.26552147,,,0.2855175,0.27873653
0.57967734,0.576405,0.8921421,0.26394027,0.31573707,0.3124647,,,0.27307284,0.25616515,,,0.28887326,0.27740818
0.582224,0.58077145,0.88971424,0.27328122,0.3089428,0.30749023,,,0.26112694,0.2668658,,,0.2835139,0.28380138
0.5865816,0.59530306,0.893795,0.28808963,0.29849195,0.30721343,,,0.27493316,0.2862575,,,0.27927977,0.28409272
0.57473767,0.57800674,0.88846385,0.26428056,0.3104571,0.3137262,,,0.26803786,0.2687437,,,0.28809935,0.2837547
0.5793443,0.587322,0.89197165,0.27469462,0.30464965,0.31262738,,,0.26431656,0.26955974,,,0.27791715,0.27991045
0.58654994,0.5807947,0.8897125,0.27763206,0.30891788,0.30316263,,,0.27386773,0.26746768,,,0.28787267,0.28165972
0.5808979,0.5866498,0.8903975,0.2771502,0.3037477,0.30949956,,,0.27737623,0.2937808,,,0.28304136,0.2935176
0.58173484,0.58559704,0.8902426,0.27708936,0.30464548,0.30850768,,,0.28008533,0.25819016,,,0.2893408,0.2796989
0.57454795,0.5802988,0.8897025,0.26514417,0.30940378,0.3151546,,,0.27083528,0.2673928,,,0.28456992,0.28703552
0.5760804,0.5781542,0.8903714,0.26386327,0.31221712,0.31429094,,,0.29522103,0.2633891,,,0.2957244,0.2804944
0.576504,0.58113253,0.89076823,0.2668683,0.3096357,0.31426424,,,0.26910698,0.25464523,,,0.2806691,0.27678454
0.5762625,0.5790647,0.8885028,0.26682442,0.30943805,0.3122403,,,0.2711479,0.26344657,,,0.28371412,0.27871853
0.57832015,0.5778761,0.8887861,0.26741016,0.31091,0.31046593,,,0.2544136,0.27308393,,,0.27705163,0.2848488
0.57987475,0.58703697,0.89077705,0.27613467,0.30374008,0.3109023,,,0.27029657,0.28867704,,,0.28435653,0.29945928
0.5812411,0.57954025,0.88994104,0.27084035,0.31040072,0.3086999,,,0.25689244,0.27141982,,,0.2768333,0.28458673
0.5770541,0.5771755,0.88972217,0.26450747,0.3125466,0.31266803,,,0.28045523,0.2654007,,,0.29010773,0.27577305
0.5844895,0.57719487,0.88835454,0.27332985,0.31115967,0.30386502,,,0.27862895,0.2660309,,,0.2856676,0.280761
0.5798534,0.5750313,0.8899168,0.26496792,0.3148855,0.31006336,,,0.25021052,0.26044023,,,0.27883792,0.2812538
0.5848135,0.5795393,0.88931376,0.27503902,0.30977446,0.30450028,,,0.24081576,0.26011163,,,0.273418,0.2817009
0.5774269,0.5862699,0.88988936,0.2738074,0.3036195,0.3124625,,,0.27630013,0.2767508,,,0.28713936,0.28739834
0.58349407,0.5796751,0.8929032,0.27026594,0.31322813,0.30940914,,,0.28855407,0.29991508,,,0.29175764,0.29091132
0.5851521,0.582939,0.89033675,0.2777543,0.30739778,0.30518472,,,0.27407354,0.27660555,,,0.2836274,0.2862385
0.58491254,0.5837331,0.89002275,0.27862287,0.30628967,0.30511022,,,0.29940748,0.27995026,,,0.2952633,0.2811436
0.58572125,0.57939523,0.8903223,0.27479422,0.31092703,0.304601,,,0.26872128,0.262937,,,0.28469944,0.28061044
0.5789283,0.57876605,0.8883867,0.2693076,0.30962068,0.30945843,,,0.25747734,0.25677514,,,0.28008825,0.27808994
0.57849085,0.5786786,0.8908922,0.26627725,0.3122136,0.31240135,,,0.27296072,0.2837718,,,0.28381443,0.29016864
0.5755326,0.5785806,0.8896818,0.26443148,0.31110114,0.31414914,,,0.23072201,0.2474733,,,0.26831943,0.27492827
0.58582944,0.57666576,0.89117813,0.271317,0.31451243,0.30534875,,,0.28314942,0.27327085,,,0.29259717,0.28202158
0.5743032,0.5809549,0.88724977,0.2680084,0.3062948,0.3129465,,,0.2568844,0.25211167,,,0.28312063,0.27878273
0.5754939,0.57410705,0.88746285,0.26213813,0.31335574,0.31196892,,,0.26470357,0.26266003,,,0.28278685,0.28712064
0.5800836,0.57660186,0.89131427,0.2653712,0.3147124,0.31123066,,,0.29305166,0.26218128,,,0.29972982,0.27995938
0.58404386,0.5856924,0.89253277,0.2772035,0.30684036,0.3084889,,,0.2736981,0.29136384,,,0.28468043,0.29416347
0.57482064,0.5766463,0.88792646,0.2635405,0.31128013,0.31310582,,,0.26213044,0.2523933,,,0.27994013,0.27699602
0.58024305,0.5762931,0.8891405,0.26739562,0.31284744,0.3088975,,,0.28172213,0.26078385,,,0.28935325,0.27485442
0.5786048,0.5752015,0.8898954,0.26391095,0.31469387,0.31129056,,,0.26907676,0.27106297,,,0.28479356,0.2877841
0.5816419,0.58626825,0.89117295,0.27673715,0.30490476,0.3095311,,,0.26480108,0.26388884,,,0.27734947,0.28520477
0.5780637,0.5829923,0.8894915,0.27156454,0.30649918,0.31142777,,,0.26496154,0.2897442,,,0.27935636,0.2924239
0.5830302,0.57852244,0.888682,0.27287066,0.31015956,0.30565178,,,0.26428998,0.27237248,,,0.2864685,0.2881469
0.5828843,0.5803588,0.8908551,0.27238798,0.31049633,0.30797082,,,0.2767021,0.25972152,,,0.28740853,0.28468657
0.5789156,0.579828,0.8901164,0.26862723,0.31028837,0.3112008,,,0.2763723,0.28803283,,,0.29059333,0.29577994
0.58589435,0.58050066,0.8918755,0.27451944,0.3113749,0.30598122,,,0.27793944,0.26549,,,0.28923506,0.27943122
0.5807398,0.5778676,0.89071065,0.26789683,0.31284297,0.3099708,,,0.27717113,0.28640586,,,0.29151797,0.295609
0.5777391,0.5733042,0.8861203,0.26492298,0.31281614,0.3083812,,,0.26225424,0.25179178,,,0.28345913,0.27712572
0.5788204,0.57538885,0.8910897,0.26311958,0.31570083,0.31226927,,,0.2513715,0.26612532,,,0.27885985,0.28067243
0.57835424,0.5910857,0.8907952,0.27864474,0.2997095,0.31244093,,,0.2549811,0.29641354,,,0.2713325,0.29752982
0.5813741,0.5806796,0.89087147,0.27118224,0.31019187,0.30949736,,,0.25168663,0.26696616,,,0.2786935,0.2823758
0.58100843,0.58415323,0.88935465,0.27580696,0.30520147,0.30834627,,,0.2737651,0.27444142,,,0.27825952,0.2837528
0.5904728,0.57825077,0.8918552,0.2768684,0.3136044,0.30138236,,,0.30577713,0.26222265,,,0.3017801,0.28359413
0.5758369,0.5843797,0.8914789,0.26873767,0.30709922,0.315642,,,0.27473295,0.28004378,,,0.28584152,0.29412168
0.5813642,0.5761734,0.88882095,0.26871675,0.31264746,0.30745667,,,0.2891106,0.2656595,,,0.2937593,0.2799905
0.58690107,0.5786327,0.89010996,0.27542382,0.31147724,0.3032089,,,0.27833766,0.27588487,,,0.29094023,0.28247255
0.5842829,0.5811584,0.8878178,0.27762347,0.3066594,0.30353492,,,0.25885332,0.24929583,,,0.28215605,0.27672935
0.5910852,0.58091635,0.8916692,0.2803324,0.3107528,0.30058396,,,0.27118272,0.26896673,,,0.28835243,0.28164512
0.5835522,0.5802598,0.8893099,0.27450204,0.30905014,0.30575776,,,0.27948862,0.25698662,,,0.28683257,0.28261495
0.58265585,0.58224815,0.88844234,0.27646166,0.3061942,0.3057865,,,0.28234637,0.28592384,,,0.2897886,0.28826016
0.58902943,0.58122027,0.890325,0.2799247,0.30910474,0.30129558,,,0.25737625,0.25898892,,,0.27609032,0.27831918
0.58231485,0.58342946,0.89288855,0.27285576,0.3094591,0.3105737,,,0.26180828,0.2684223,,,0.27751112,0.28447855
0.57707906,0.57447326,0.8876168,0.2639355,0.31314355,0.31053776,,,0.25929952,0.2646557,,,0.2876274,0.28525013
0.5811771,0.581507,0.88958037,0.27310383,0.30807328,0.3084032,,,0.295664,0.26347554,,,0.29577076,0.27927345
0.57846844,0.57289374,0.88922054,0.26214164,0.3163268,0.3107521,,,0.26007992,0.24538255,,,0.28526825,0.2769124
0.573079,0.58300996,0.88812125,0.2679677,0.3051113,0.31504226,,,0.2500881,0.27217907,,,0.27157074,0.29050052
0.5831876,0.57702446,0.8908516,0.26936042,0.31382716,0.30766404,,,0.27454102,0.26502717,,,0.286273,0.28293777
0.57438624,0.5791944,0.8869421,0.26663858,0.30774766,0.31255585,,,0.2381326,0.2670647,,,0.26724368,0.2858212
0.5890242,0.5847156,0.88987446,0.28386533,0.30515885,0.30085027,,,0.27222705,0.2503314,,,0.28968817,0.27740288
0.5806522,0.5763757,0.8886139,0.26841408,0.3122381,0.30796164,,,0.2573042,0.27185535,,,0.28268468,0.28441966
0.5842406,0.58139944,0.89126927,0.27437085,0.30986977,0.3070286,,,0.2724768,0.26638168,,,0.2867638,0.2843203
0.5776967,0.57852757,0.8887356,0.26748866,0.31020802,0.3110389,,,0.26256943,0.25782275,,,0.2806036,0.27680677
0.5845221,0.58085,0.8900378,0.27533436,0.30918777,0.30551565,,,0.26934075,0.28395325,,,0.2833565,0.28688818
0.5802578,0.58717626,0.89189166,0.27554232,0.30471545,0.31163394,,,0.27498847,0.2783956,,,0.27972072,0.28726786
0.58135843,0.58031094,0.8892142,0.27245516,0.30890328,0.30785578,,,0.26825088,0.2622785,,,0.28381938,0.28299314
0.57450414,0.58106065,0.889113,0.26645178,0.30805236,0.31460887,,,0.2746185,0.27026033,,,0.28187764,0.28623432
0.58339506,0.57764196,0.88728845,0.27374852,0.30964655,0.30389345,,,0.26849425,0.27559835,,,0.28465343,0.2833063
0.5870578,0.58149517,0.8896034,0.27894962,0.3081082,0.30254555,,,0.27588576,0.27068537,,,0.284545,0.2830338
0.580258,0.5822282,0.890276,0.27221018,0.30804783,0.310018,,,0.27669823,0.28769213,,,0.28543943,0.2911185
0.58395296,0.58225274,0.8899605,0.27624512,0.30770785,0.30600762,,,0.27984136,0.2871666,,,0.28852457,0.29241168
0.58173877,0.58458066,0.89408576,0.2722336,0.30950516,0.31234705,,,0.2751078,0.27362794,,,0.28872055,0.29344147
0.57846665,0.5738137,0.8890512,0.26322913,0.31523752,0.31058455,,,0.26114768,0.25850224,,,0.2823689,0.27870435
0.5692395,0.5739641,0.88726455,0.25593907,0.31330043,0.31802505,,,0.25503355,0.23198926,,,0.2851655,0.27053028
0.57625663,0.5851983,0.8920935,0.26936144,0.3068952,0.31583685,,,0.2746563,0.28757405,,,0.28629804,0.29446977
0.5805646,0.5765915,0.8911724,0.2659837,0.31458092,0.3106078,,,0.26970565,0.2588178,,,0.29006916,0.27996218
0.5827079,0.581785,0.88930655,0.2751863,0.30752158,0.30659872,,,0.2749189,0.27653742,,,0.28621233,0.28722858
0.5794109,0.58591676,0.88766056,0.2776671,0.3017438,0.30824965,,,0.2603228,0.27387536,,,0.2734872,0.28947508
0.5740416,0.57665944,0.88728577,0.26341528,0.31062633,0.31324416,,,0.2659586,0.25396216,,,0.28159064,0.27565372
0.59002376,0.5797727,0.8898157,0.27998078,0.31004298,0.29979193,,,0.2698599,0.2725007,,,0.28534967,0.2836097
0.578506,0.58143353,0.8894541,0.2704854,0.3080206,0.31094813,,,0.28119934,0.2782495,,,0.288481,0.2884342
0.57738143,0.5733316,0.8890315,0.26168144,0.3157,0.31165016,,,0.25428313,0.25606638,,,0.27810115,0.2786522
0.5862729,0.58851,0.89107084,0.28371203,0.30256087,0.30479795,,,0.26831394,0.27723038,,,0.27841622,0.2855416
0.578959,0.58717436,0.89228624,0.27384716,0.30511183,0.3133272,,,0.2868936,0.27616423,,,0.28554225,0.2884966
0.57652336,0.58186877,0.88935006,0.26904213,0.30748123,0.31282663,,,0.25371188,0.25799417,,,0.28276098,0.2874362
0.5818358,0.5815327,0.8911974,0.27217108,0.30966473,0.30936164,,,0.26083314,0.27886093,,,0.27674645,0.28567034
0.57527965,0.5822451,0.88817483,0.26935,0.30592966,0.31289512,,,0.2658744,0.26033628,,,0.2803896,0.28349185
0.58832884,0.58012754,0.89138764,0.27706867,0.31126016,0.30305886,,,0.2689711,0.28700984,,,0.28941178,0.287876
0.5780809,0.5822989,0.8876877,0.27269208,0.3053888,0.3096068,,,0.2629798,0.25595582,,,0.28519398,0.27758098
0.58153534,0.5839746,0.89002913,0.2754808,0.30605453,0.3084938,,,0.27835995,0.30653626,,,0.28937584,0.29658377
0.5863342,0.574628,0.8899017,0.27106053,0.3152737,0.30356747,,,0.29603112,0.26561576,,,0.29465288,0.27914584
0.58309746,0.5815687,0.8903256,0.27434057,0.3087569,0.30722815,,,0.25365955,0.25419182,,,0.27611226,0.28000802
0.5823407,0.578769,0.88825077,0.27285892,0.3094818,0.3059101,,,0.2753867,0.26999873,,,0.2813812,0.27703047
0.5862818,0.5859986,0.89080954,0.28147078,0.304811,0.30452782,,,0.27616763,0.28221732,,,0.28935087,0.28618944
0.5770389,0.5794263,0.8876633,0.26880187,0.30823702,0.31062442,,,0.26749337,0.26844287,,,0.2852977,0.28642565
0.57353544,0.578182,0.88981634,0.26190108,0.31163436,0.3162809,,,0.24519664,0.26307702,,,0.27522588,0.2807483
0.5763886,0.5886244,0.89073247,0.2742806,0.302108,0.3143438,,,0.257313,0.26390892,,,0.27630925,0.28189862
0.58010083,0.57693946,0.8887509,0.26828945,0.3118114,0.30865002,,,0.24327189,0.25805885,,,0.27629507,0.28283566
0.5788417,0.5772487,0.8897173,0.2663731,0.3124686,0.3108756,,,0.27139002,0.26391953,,,0.2804808,0.28004152
0.58347887,0.5899715,0.8911583,0.28229207,0.3011868,0.3076794,,,0.26619726,0.2711578,,,0.27915585,0.2876262
0.5866331,0.57893527,0.8892635,0.27630484,0.31032825,0.30263042,,,0.2712788,0.2571125,,,0.28313613,0.2738219
0.5870178,0.5739756,0.88883734,0.272156,0.31486177,0.30181962,,,0.26059932,0.26094878,,,0.28401673,0.27562642
0.579936,0.57862544,0.8890636,0.26949787,0.31043816,0.30912757,,,0.2759049,0.28370088,,,0.28141665,0.28844315
0.58358747,0.585426,0.8925738,0.27643973,0.30714774,0.30898625,,,0.25301158,0.28461462,,,0.28098404,0.2923537
0.5781321,0.58394873,0.8898258,0.27225494,0.30587715,0.3116938,,,0.27420032,0.27786273,,,0.2839666,0.29170722
0.5754677,0.5741033,0.88669175,0.2628792,0.3125885,0.3112241,,,0.2697255,0.25752252,,,0.27985245,0.28185326
0.5825829,0.5763967,0.88918567,0.269794,0.3127889,0.30660272,,,0.27585638,0.2565704,,,0.28813702,0.28285182
0.58767605,0.58904856,0.8894177,0.28730696,0.30036908,0.3017416,,,0.29867446,0.30316216,,,0.29243177,0.2951693
0.5781284,0.57792544,0.8889486,0.26710516,0.31102324,0.31082028,,,0.25531214,0.27815676,,,0.27916127,0.29125458
0.58840674,0.5792421,0.88996315,0.27768564,0.3107211,0.30155647,,,0.27790016,0.26073426,,,0.28635848,0.2742803
0.58274496,0.5797199,0.8892761,0.27318877,0.3095562,0.30653113,,,0.26962852,0.23495382,,,0.2834295,0.27037364
0.58438694,0.5813246,0.890781,0.27493054,0.3094564,0.30639404,,,0.28212678,0.29403824,,,0.28809083,0.2892372
0.5794357,0.5826494,0.891628,0.27045703,0.30897868,0.31219238,,,0.27656662,0.28576928,,,0.2827229,0.28858906
0.5739729,0.5752572,0.8885024,0.26072758,0.3132453,0.3145296,,,0.26341707,0.26789367,,,0.28667355,0.28499627
0.5830438,0.579458,0.8901354,0.2723664,0.3106774,0.3070916,,,0.26213473,0.26346105,,,0.28279006,0.28034592
0.582409,0.5797378,0.8902492,0.2718976,0.3105114,0.30784017,,,0.2824818,0.2735551,,,0.2868235,0.28647757
0.5817518,0.5729897,0.8884746,0.26626694,0.31548488,0.30672276,,,0.27997452,0.27001417,,,0.28736025,0.27670425
0.58702767,0.58738697,0.8913882,0.28302646,0.3040012,0.3043605,,,0.28923512,0.29207683,,,0.2863354,0.29339015
0.5836704,0.58087623,0.8887516,0.27579498,0.3078754,0.30508125,,,0.2770359,0.2629279,,,0.28861958,0.28117895
0.5819852,0.5767131,0.88912255,0.26957577,0.3124094,0.3071373,,,0.25765878,0.26825035,,,0.28381693,0.28165364
0.5891824,0.5847125,0.88977724,0.28411764,0.30506474,0.30059487,,,0.26415843,0.27193528,,,0.28171617,0.2840808
0.58662057,0.5798694,0.8899359,0.27655405,0.31006652,0.30331534,,,0.28612983,0.26431608,,,0.30048776,0.2771139
0.5807879,0.58121425,0.8895054,0.2724967,0.3082912,0.30871755,,,0.281955,0.2872789,,,0.29131097,0.2903294
0.58238256,0.5855946,0.8929141,0.27506298,0.30731958,0.31053162,,,0.27983236,0.26664442,,,0.28945708,0.28395694
0.5787703,0.5792736,0.8914969,0.26654696,0.31222332,0.31272662,,,0.25594682,0.27582675,,,0.27940792,0.2896207
0.5799403,0.5766228,0.8897107,0.26685232,0.313088,0.30977046,,,0.28583628,0.25024062,,,0.29211873,0.27294195
0.5824094,0.58251786,0.8899413,0.27498597,0.3074234,0.3075319,,,0.26990563,0.27600694,,,0.27397645,0.28280085
0.58215195,0.5827633,0.8904369,0.27447844,0.3076735,0.30828488,,,0.27729756,0.26343662,,,0.2883461,0.28634506
0.58356416,0.58173656,0.8904289,0.27487183,0.30869234,0.30686474,,,0.28636944,0.2860452,,,0.29052913,0.29520005
0.58382416,0.5861313,0.8901778,0.2797777,0.30404645,0.30635357,,,0.28736854,0.29846263,,,0.28854233,0.28995198
0.56962585,0.5828432,0.89078903,0.26168,0.30794585,0.32116318,,,0.24425668,0.27583575,,,0.2772373,0.29260963
0.5780482,0.5746347,0.888457,0.2642259,0.31382233,0.31040877,,,0.25085533,0.24847889,,,0.28236586,0.27706355
0.58062786,0.5777626,0.8907906,0.26759994,0.31302792,0.31016266,,,0.2880448,0.25666302,,,0.29484457,0.27908796
0.57950306,0.5794754,0.88933116,0.2696473,0.30985576,0.3098281,,,0.29354173,0.27099556,,,0.2960037,0.28946227
0.57962185,0.57968163,0.8899289,0.26937455,0.3102473,0.3103071,,,0.24140686,0.25208604,,,0.2745635,0.27823758
0.581614,0.5885563,0.8930441,0.2771262,0.30448782,0.3114301,,,0.29199702,0.29784262,,,0.28475845,0.28834707
0.58192885,0.5826256,0.8909718,0.2735827,0.30834615,0.30904293,,,0.26889884,0.27256912,,,0.28659248,0.28720355
0.5780872,0.5743921,0.88765746,0.26482183,0.31326538,0.30957025,,,0.26836663,0.2629367,,,0.28560388,0.2817263
0.58514917,0.5771593,0.89014626,0.2721622,0.31298697,0.3049971,,,0.29335785,0.2879908,,,0.29643267,0.28795272
0.5755712,0.5798732,0.88865006,0.26679432,0.30877686,0.31307888,,,0.24367887,0.25495058,,,0.27439225,0.28298318
0.5702525,0.57487094,0.88767815,0.25744534,0.31280714,0.3174256,,,0.25430596,0.2712375,,,0.28342783,0.29400837
0.586947,0.58083105,0.89116096,0.27661705,0.31032997,0.304214,,,0.2772677,0.26590747,,,0.29239535,0.28156888
0.5754577,0.5835105,0.890999,0.2679692,0.3074885,0.31554133,,,0.27541858,0.27985412,,,0.28996515,0.2918542
0.5836786,0.5782577,0.89060676,0.27132952,0.31234908,0.30692816,,,0.2609285,0.2763245,,,0.28029984,0.28428
0.5791693,0.5827935,0.8895204,0.27244234,0.30672693,0.31035113,,,0.27395403,0.27252728,,,0.28608257,0.2882548
0.5868468,0.58528364,0.8914288,0.28070164,0.3061452,0.304582,,,0.275667,0.27560365,,,0.28920048,0.285545
0.5817971,0.57422864,0.8889207,0.26710504,0.31469208,0.3071236,,,0.25337398,0.27649426,,,0.28306705,0.28255314
0.58634883,0.57666934,0.89212537,0.27089286,0.31545597,0.30577648,,,0.28475505,0.28113425,,,0.2952615,0.28787422
0.57756245,0.58093464,0.88997954,0.26851755,0.3090449,0.3124171,,,0.2915011,0.25833017,,,0.29134738,0.27838957
0.57846177,0.5888579,0.8908294,0.27649027,0.3019715,0.31236762,,,0.2583092,0.2814412,,,0.28090692,0.2964412
0.5770675,0.5817938,0.8899523,0.26890898,0.30815852,0.3128848,,,0.2576689,0.28689647,,,0.27916092,0.2914223
0.57502496,0.5765559,0.88762313,0.26395768,0.31106728,0.31259823,,,0.26577425,0.24417144,,,0.281438,0.26965868
0.57729405,0.5864022,0.88915765,0.27453864,0.30275542,0.31186354,,,0.25538808,0.27238578,,,0.27590382,0.28860956
0.581008,0.570852,0.8877054,0.2641546,0.3168534,0.30669737,,,0.25004542,0.24487108,,,0.27300835,0.2687025
0.59574175,0.5793969,0.8934363,0.2817024,0.31403935,0.2976945,,,0.30109435,0.26638806,,,0.30498058,0.28058946
0.57414174,0.5808468,0.88747275,0.26751578,0.30662596,0.313331,,,0.2574184,0.24881923,,,0.28145903,0.27405906
0.5711249,0.58472633,0.8863471,0.26950413,0.30162078,0.3152222,,,0.24869746,0.27868557,,,0.27396995,0.29267424
0.5887264,0.5762153,0.89066154,0.27428025,0.31444615,0.30193508,,,0.29672015,0.27505022,,,0.30033028,0.2821561
0.5747405,0.5834404,0.8887391,0.26944184,0.3052987,0.31399858,,,0.26839554,0.28728354,,,0.28333545,0.29703748
0.5822227,0.5801605,0.8869383,0.27544492,0.30677778,0.30471557,,,0.2526359,0.24845529,,,0.2765993,0.2784781
0.57823145,0.57778937,0.8899071,0.26611376,0.3121177,0.3116756,,,0.26790714,0.27076608,,,0.28335905,0.28613526
0.5828934,0.58303976,0.89075226,0.27518088,0.3077125,0.30785888,,,0.27541786,0.2844556,,,0.28772175,0.28773284
0.5841643,0.593506,0.8926654,0.28500485,0.29915947,0.30850112,,,0.2777874,0.29029435,,,0.28849077,0.2944609
0.5839262,0.58828217,0.8908575,0.2813508,0.3025754,0.30693138,,,0.28127688,0.28180426,,,0.28569102,0.29354924
0.5866117,0.5823034,0.88988805,0.279027,0.3075847,0.30327642,,,0.25675583,0.27416527,,,0.27990615,0.2833503
0.5794606,0.5764911,0.8896932,0.26625854,0.31320208,0.31023258,,,0.2635283,0.26895857,,,0.2826891,0.2833624
0.5771879,0.58294654,0.8894255,0.27070892,0.30647898,0.31223762,,,0.25313765,0.29478377,,,0.27639186,0.29501724
0.5861248,0.5745685,0.88667876,0.27401453,0.31211025,0.30055398,,,0.28253573,0.24485874,,,0.29067373,0.2639212
0.58481956,0.58057404,0.89025646,0.27513713,0.30968243,0.3054369,,,0.26589376,0.2940197,,,0.2780643,0.2910061
0.57834315,0.57819104,0.8898674,0.26666677,0.31167638,0.31152427,,,0.25112575,0.25992197,,,0.2750212,0.28175688
0.5887301,0.58040905,0.88977116,0.27936798,0.3093621,0.30104107,,,0.27507406,0.26191133,,,0.28970206,0.2821139
0.5862298,0.58811224,0.89206535,0.2822767,0.3039531,0.30583555,,,0.28117573,0.28697228,,,0.29055935,0.29028893
0.58192956,0.57705915,0.8899343,0.2690544,0.31287515,0.30800474,,,0.27534866,0.26131535,,,0.29103583,0.28071076
0.58156693,0.5914317,0.8918901,0.28110856,0.30045837,0.31032312,,,0.28192782,0.28902882,,,0.28333652,0.29383963
0.58891225,0.5883671,0.8925907,0.28468865,0.3042236,0.30367845,,,0.27559632,0.29047394,,,0.2826231,0.28780985
0.57667387,0.58231574,0.8904551,0.26853454,0.30813932,0.3137812,,,0.26489908,0.27760726,,,0.2827484,0.2926752
0.5752483,0.5844046,0.8892986,0.27035433,0.30489397,0.31405026,,,0.26679605,0.26055372,,,0.27688664,0.27992654
0.57910705,0.57677704,0.8911419,0.26474214,0.3143649,0.3120349,,,0.26003033,0.275279,,,0.2836237,0.28623116
0.5849564,0.5809487,0.89029163,0.2756135,0.30934292,0.30533522,,,0.28232908,0.27297902,,,0.2917204,0.28779066
0.5865973,0.5798552,0.89040035,0.27605218,0.31054515,0.30380303,,,0.2849943,0.27142382,,,0.2863297,0.28502816
0.5826963,0.57991517,0.889565,0.2730465,0.30964983,0.30686867,,,0.30066907,0.2801522,,,0.2983182,0.28535062
0.57029665,0.582816,0.88881,0.26430267,0.30599397,0.31851333,,,0.25980526,0.27057958,,,0.2790507,0.2917511
0.5775827,0.58434016,0.89202857,0.26989436,0.30768836,0.3144458,,,0.27517277,0.26284963,,,0.28720218,0.28234452
0.57478607,0.58536553,0.88988274,0.27026886,0.3045172,0.31509668,,,0.2606628,0.26222932,,,0.28446752,0.28675193
0.581396,0.57733595,0.888696,0.27003592,0.31136006,0.30730003,,,0.27263165,0.28413635,,,0.29012024,0.28608024
0.5873963,0.5757396,0.89058685,0.27254915,0.31484717,0.30319047,,,0.26388693,0.26698112,,,0.28748155,0.2806508
0.5829984,0.57455313,0.889768,0.26778352,0.31521487,0.3067696,,,0.27610952,0.28371507,,,0.28634936,0.28683466
0.58102715,0.5791383,0.88928246,0.27088296,0.3101442,0.3082553,,,0.26156706,0.27175504,,,0.28551263,0.2884825
0.5823626,0.5726204,0.88725966,0.26772338,0.3146392,0.304897,,,0.25282937,0.2529965,,,0.278319,0.2736441
0.5794469,0.57951856,0.8883272,0.2706383,0.30880862,0.30888027,,,0.26589966,0.26856613,,,0.2856902,0.2857389
0.5790716,0.58109736,0.8916217,0.26854718,0.3105244,0.3125502,,,0.27470803,0.29103887,,,0.2877031,0.2947982
0.57597744,0.57856256,0.88861895,0.26592112,0.31005633,0.31264144,,,0.2688045,0.2607581,,,0.2818067,0.27943927
0.58360624,0.578562,0.8892941,0.27287418,0.31073207,0.30568784,,,0.25187647,0.26693255,,,0.28112084,0.2775569
0.5845271,0.57868046,0.89136916,0.27183837,0.3126887,0.3068421,,,0.27969044,0.26541585,,,0.28504217,0.2805587
0.5801353,0.57549226,0.8890743,0.26655316,0.31358212,0.3089391,,,0.27156293,0.27845752,,,0.28859377,0.28938252
0.57867116,0.57860094,0.88965076,0.26762134,0.31104982,0.3109796,,,0.2684443,0.27395678,,,0.28601086,0.2846594
0.57398725,0.5845399,0.8884605,0.27006662,0.30392063,0.31447327,,,0.2598048,0.26675057,,,0.27556282,0.28691936
0.58444345,0.5794078,0.89307904,0.27077222,0.31367123,0.3086356,,,0.28567928,0.28803086,,,0.29240638,0.29135257
0.5836364,0.5760989,0.889738,0.2699973,0.3136391,0.30610162,,,0.2530967,0.25244337,,,0.28230822,0.27769506
0.57447875,0.58081025,0.88897854,0.2663104,0.30816835,0.31449986,,,0.26304448,0.25638926,,,0.28370708,0.27939445
0.57793593,0.58323777,0.8923577,0.268816,0.30911994,0.31442177,,,0.26296985,0.25252795,,,0.28067988,0.27614897
0.5769588,0.58181083,0.88936526,0.26940435,0.30755442,0.31240648,,,0.2685898,0.28296506,,,0.2853647,0.29381484
0.58016694,0.5806244,0.88948524,0.27130616,0.30886078,0.30931824,,,0.28030014,0.2601816,,,0.2921049,0.28285378
0.58645344,0.57248414,0.89137995,0.26755762,0.31889582,0.3049265,,,0.2775244,0.27325708,,,0.2924953,0.2847489
0.5834857,0.57504666,0.89143145,0.26710093,0.3163848,0.30794573,,,0.26426393,0.26152402,,,0.28511995,0.27814758
0.5866801,0.58213425,0.8906248,0.2781896,0.3084905,0.30394465,,,0.3000883,0.26429778,,,0.29633254,0.28250045
0.5795789,0.5815811,0.89017713,0.27098286,0.30859601,0.31059825,,,0.27342367,0.2676403,,,0.2873602,0.2870502
0.5810827,0.5842619,0.8898097,0.27553487,0.30554783,0.30872703,,,0.28003705,0.27669698,,,0.289905,0.2903608
0.5836395,0.5790379,0.8912238,0.27145362,0.31218588,0.3075843,,,0.26710284,0.26389402,,,0.28183943,0.28633595
0.57689035,0.575891,0.88894504,0.26383632,0.31305403,0.3120547,,,0.25684327,0.26858187,,,0.27877778,0.28364187
0.58279276,0.5864123,0.8927077,0.27649736,0.3062954,0.30991495,,,0.28298962,0.27652282,,,0.28707534,0.2839622
0.5753517,0.5798904,0.88698095,0.26826113,0.30709058,0.31162924,,,0.2486909,0.27570713,,,0.2726056,0.2839188
0.5791035,0.58216155,0.8885983,0.2726668,0.30643672,0.30949473,,,0.24556088,0.24628294,,,0.27757394,0.27459317
0.5839201,0.5774834,0.89040214,0.2710014,0.31291872,0.30648202,,,0.27670157,0.26781684,,,0.29066807,0.27848125
0.58156776,0.5777203,0.8886063,0.27068174,0.31088603,0.30703855,,,0.2533837,0.2548464,,,0.2762922,0.277466
0.5746424,0.5747316,0.8840871,0.26528692,0.3093555,0.30944467,,,0.27804178,0.27097756,,,0.28919542,0.28261346
0.57937396,0.5861643,0.8906481,0.27489018,0.30448377,0.3112741,,,0.26023656,0.2902313,,,0.28016084,0.30007488
0.58389974,0.5850892,0.8903603,0.27862865,0.3052711,0.30646056,,,0.26037246,0.28369725,,,0.27907676,0.291062
0.5800822,0.58723044,0.892024,0.27528864,0.30479354,0.3119418,,,0.27999157,0.30744666,,,0.28784376,0.30386353
0.5792426,0.57943034,0.8897301,0.26894283,0.31029975,0.3104875,,,0.2681951,0.27000743,,,0.2902261,0.2851494
0.57900566,0.57895976,0.8902839,0.26768154,0.31132412,0.31127822,,,0.23408026,0.2763136,,,0.26906508,0.28801233
0.58884096,0.58574325,0.8925904,0.28199375,0.3068472,0.3037495,,,0.29294008,0.28396517,,,0.29386097,0.2863747
0.59073734,0.57543087,0.89323837,0.27292985,0.3178075,0.30250102,,,0.28835982,0.27151245,,,0.29558808,0.28213578
0.5823637,0.5802449,0.88976103,0.2728476,0.30951613,0.3073973,,,0.2723449,0.2815892,,,0.28472865,0.28478616
0.58361596,0.58476365,0.8905824,0.27779716,0.3058188,0.30696648,,,0.27014256,0.27785897,,,0.27559477,0.28711325
0.5811187,0.57856977,0.8900325,0.269656,0.3114627,0.30891377,,,0.25332773,0.27737385,,,0.27659023,0.28539246
0.5791205,0.5871221,0.8894317,0.27681088,0.30230963,0.3103112,,,0.2558353,0.25578725,,,0.2769391,0.28237873
0.57702494,0.58257544,0.8907357,0.2688647,0.30816025,0.31371075,,,0.26518077,0.2724827,,,0.2805485,0.29152375
0.5864713,0.57925546,0.8916742,0.27405256,0.31241876,0.3052029,,,0.26401335,0.26393402,,,0.2868092,0.28504264
0.58729476,0.5755273,0.89065486,0.27216715,0.3151276,0.30336016,,,0.29064876,0.25642544,,,0.29302436,0.27217424
0.57214314,0.5822171,0.8902167,0.2641436,0.30799955,0.3180735,,,0.25438464,0.26165068,,,0.27676445,0.28640085
0.58212364,0.58028114,0.8915535,0.27085125,0.31127238,0.30942988,,,0.25698644,0.27476764,,,0.2817858,0.28452754
0.57385164,0.5718782,0.88775134,0.25797844,0.3158732,0.31389976,,,0.234362,0.22615993,,,0.27675623,0.26877367
0.5792167,0.5774042,0.8882608,0.2683602,0.31085652,0.309044,,,0.2680601,0.25895184,,,0.2846182,0.27816534
0.5776512,0.5833429,0.89075357,0.2702405,0.30741072,0.31310242,,,0.25893176,0.27213287,,,0.2770024,0.29382002
0.5788071,0.58143926,0.88904417,0.2712022,0.3076049,0.31023705,,,0.2653848,0.28036326,,,0.280896,0.28893912
0.5840181,0.5809604,0.8905373,0.27444118,0.30957693,0.3065192,,,0.26004922,0.25861478,,,0.28063172,0.27697486
0.5825014,0.58389074,0.8891919,0.27720016,0.30530125,0.30669057,,,0.2592216,0.27526712,,,0.2784359,0.28307027
0.5843402,0.57638514,0.88966024,0.27106512,0.3132751,0.30532002,,,0.27184057,0.24472827,,,0.28931332,0.27254874
0.5793743,0.57872075,0.8885883,0.2695068,0.3098675,0.30921394,,,0.27931005,0.24897486,,,0.28750676,0.2742465
0.5709586,0.5805541,0.8870727,0.26444006,0.30651855,0.31611407,,,0.24816203,0.26354587,,,0.27157766,0.28513843
0.58439285,0.58569837,0.88883954,0.2812516,0.30314124,0.30444676,,,0.24678713,0.2764858,,,0.27415967,0.28400666
0.5881333,0.5818341,0.89147294,0.27849448,0.3096388,0.3033396,,,0.28628653,0.28176516,,,0.29035723,0.2852291
0.5833547,0.5851444,0.8899903,0.27850878,0.30484593,0.30663562,,,0.28227454,0.26472586,,,0.29038322,0.2860496
0.5787647,0.5704982,0.88795614,0.26130676,0.3174579,0.30919147,,,0.2700665,0.26601303,,,0.29095477,0.28111094
0.5821616,0.5798644,0.8935644,0.26846153,0.31370008,0.31140286,,,0.2900821,0.28000498,,,0.29827935,0.2933203
0.58054745,0.581872,0.8890281,0.27339137,0.3071561,0.30848062,,,0.2651819,0.2547894,,,0.28191262,0.28044897
0.58698297,0.5723377,0.89035755,0.26896304,0.31801993,0.30337465,,,0.2787028,0.26643318,,,0.29017693,0.28289872
0.5902953,0.57886463,0.8897307,0.2794292,0.31086612,0.29943544,,,0.27724183,0.2809484,,,0.2882955,0.2843812
0.5816541,0.58192205,0.88939506,0.27418107,0.307473,0.307741,,,0.28437674,0.28142232,,,0.2885731,0.28897238
0.58300227,0.5777329,0.8891132,0.27162194,0.31138033,0.30611098,,,0.2642572,0.2512313,,,0.28585714,0.2752449
0.58172345,0.58414125,0.8900989,0.27576578,0.30595767,0.30837548,,,0.25988066,0.2691061,,,0.28405112,0.2826963
0.57710576,0.57569575,0.8910872,0.26171434,0.31539142,0.3139814,,,0.2699324,0.2762993,,,0.28175044,0.28866047
0.5815451,0.5794823,0.8897885,0.27123892,0.3103062,0.3082434,,,0.27674747,0.26402348,,,0.28984082,0.28085214
0.58086634,0.5882018,0.8914045,0.2776636,0.30320275,0.31053823,,,0.2712589,0.2886834,,,0.27997524,0.28984648
0.57665265,0.57994425,0.8905293,0.26606762,0.31058502,0.31387663,,,0.26169258,0.26427668,,,0.27868044,0.28013283
0.58532524,0.5833296,0.8895481,0.2791068,0.30621845,0.30422282,,,0.27403003,0.26864362,,,0.29167312,0.28854215
0.57970417,0.5794185,0.88792574,0.27119696,0.3085072,0.30822152,,,0.2584511,0.25181228,,,0.27946174,0.27637535
0.5801482,0.5803155,0.8881588,0.2723049,0.30784333,0.30801058,,,0.27455658,0.26243758,,,0.28612053,0.2810939
0.5854754,0.5780009,0.89134,0.2721362,0.31333917,0.3058647,,,0.2947716,0.28027427,,,0.29606706,0.28470016
0.5743642,0.57786655,0.88985497,0.26237577,0.3119884,0.31549078,,,0.28214914,0.27452803,,,0.2924459,0.28669053
0.5866678,0.58512837,0.8918234,0.27997267,0.3066951,0.3051557,,,0.25607288,0.25775003,,,0.2859038,0.28092915
0.5823581,0.5730269,0.8882444,0.26714063,0.3152175,0.30588627,,,0.28008777,0.2505039,,,0.28704435,0.27212328
0.58341974,0.5786937,0.8920676,0.27004582,0.31337392,0.30864787,,,0.2841621,0.2558685,,,0.2929607,0.27677697
0.57970697,0.5784066,0.8888826,0.2692309,0.31047606,0.30917567,,,0.26184857,0.28051454,,,0.2825045,0.2837947
0.58586115,0.5815123,0.89300895,0.27436447,0.31149668,0.3071478,,,0.2843439,0.2882974,,,0.292014,0.29050094
0.59388167,0.59160936,0.8940158,0.2914753,0.30240637,0.30013406,,,0.2957679,0.29281402,,,0.29397088,0.29345375
0.5793688,0.5874427,0.8918303,0.27498114,0.3043877,0.31246156,,,0.28563154,0.2732532,,,0.28633648,0.2871567
0.58147717,0.58707213,0.8909265,0.27762282,0.30385435,0.30944932,,,0.2705068,0.28083295,,,0.27794033,0.28753388
0.5781143,0.578051,0.89069223,0.265473,0.31264126,0.31257796,,,0.27276546,0.26808804,,,0.28380907,0.28311825
0.58168864,0.57756317,0.8890032,0.2702486,0.31144005,0.30731457,,,0.26343095,0.25497597,,,0.283868,0.2761417
0.57941127,0.57121265,0.8896085,0.26101542,0.31839585,0.31019723,,,0.25319457,0.26006615,,,0.28104955,0.28383577
0.5849478,0.5820941,0.88966626,0.27737564,0.3075722,0.30471843,,,0.29467732,0.25966364,,,0.29449362,0.27983522
0.5841305,0.57824737,0.8912136,0.27116424,0.3129663,0.30708313,,,0.2875358,0.2762136,,,0.29228604,0.28937125
0.58129644,0.58191824,0.8908563,0.27235836,0.3089381,0.30955988,,,0.28137255,0.2666875,,,0.29431736,0.28445798
0.5907048,0.58322865,0.8890212,0.2849123,0.3057925,0.29831636,,,0.2780583,0.27027953,,,0.2884094,0.28171545
0.5811868,0.5870752,0.8895081,0.27875388,0.3024329,0.3083213,,,0.27937776,0.2719856,,,0.28264493,0.28962088
0.57535326,0.58027893,0.8896309,0.26600134,0.30935192,0.3142776,,,0.2491622,0.2678941,,,0.27675217,0.28306484
0.58799267,0.58433247,0.8917226,0.2806025,0.30739015,0.30372995,,,0.27816474,0.27249718,,,0.28888023,0.28699648
0.5838334,0.58597547,0.8925046,0.2773043,0.3065291,0.30867118,,,0.27974635,0.31165963,,,0.29001564,0.2978807
0.5799253,0.5845607,0.89060533,0.2738806,0.3060447,0.3106801,,,0.29013604,0.2719202,,,0.28821123,0.28698814
0.57985634,0.56957424,0.8877828,0.2616477,0.31820863,0.30792654,,,0.24577367,0.26304066,,,0.2764933,0.27843785
0.58531094,0.5886572,0.8914149,0.2825532,0.30275774,0.306104,,,0.29016495,0.28044015,,,0.28763807,0.2849657
0.5876906,0.57743084,0.8919362,0.27318525,0.31450534,0.3042456,,,0.29048878,0.27197218,,,0.29212755,0.27800113
0.5811174,0.58164126,0.8879781,0.2747805,0.30633688,0.30686074,,,0.28683692,0.26103175,,,0.29031157,0.28152603
0.5832932,0.5781375,0.8894179,0.27201283,0.31128037,0.3061247,,,0.26888818,0.26323062,,,0.28653318,0.28670442
0.5836036,0.5849614,0.8907992,0.2777658,0.3058378,0.3071956,,,0.27355325,0.2649868,,,0.2833314,0.2818315
0.58081204,0.5766547,0.8887773,0.26868933,0.3121227,0.30796534,,,0.27930635,0.2668038,,,0.28927916,0.28218567
0.5897852,0.57551557,0.8896738,0.27562702,0.3141582,0.29988855,,,0.28690898,0.26695728,,,0.2953027,0.2769727
0.5905959,0.5763503,0.8903238,0.27662235,0.31397355,0.29972792,,,0.27278554,0.2530163,,,0.28969783,0.2745009
0.5731628,0.5886196,0.8900506,0.2717318,0.301431,0.3168878,,,0.26205277,0.2793905,,,0.277628,0.29478323
0.5792117,0.58641654,0.8899969,0.2756313,0.3035804,0.31078523,,,0.29049265,0.2706682,,,0.29658484,0.29126006
0.5828235,0.58566797,0.8922714,0.27622008,0.30660343,0.30944788,,,0.26049334,0.28956044,,,0.2811315,0.2895205
0.58680695,0.5878799,0.8922802,0.2824067,0.30440027,0.3054732,,,0.27402323,0.28357732,,,0.2840395,0.28692985
0.58225393,0.5731646,0.8890964,0.26632214,0.3159318,0.30684245,,,0.28196526,0.26843023,,,0.2932589,0.28236544
0.5802853,0.5875051,0.8916464,0.27614403,0.30414128,0.31136107,,,0.284033,0.26901716,,,0.2841078,0.28450167
0.5798025,0.5769558,0.8902649,0.26649338,0.31330913,0.31046242,,,0.2835319,0.26729834,,,0.29315645,0.28640568
0.58375406,0.5776546,0.8896371,0.27177155,0.3119825,0.30588305,,,0.28958076,0.2681691,,,0.29569852,0.27872932
0.57728374,0.58169043,0.89140904,0.26756513,0.3097186,0.3141253,,,0.2764675,0.27903092,,,0.28821105,0.2910627
0.5749599,0.58178496,0.8891344,0.26761043,0.30734944,0.31417453,,,0.24195254,0.25764197,,,0.2718758,0.28097022
0.58085716,0.577661,0.8901561,0.268362,0.31249517,0.309299,,,0.290469,0.26513177,,,0.29553294,0.2827074
0.5863579,0.58904743,0.8911595,0.2842458,0.3021121,0.30480164,,,0.28164846,0.27650094,,,0.29031605,0.28644186
0.5796039,0.5862176,0.8902855,0.27553606,0.30406785,0.31068152,,,0.2748111,0.28648818,,,0.28250712,0.2912827
0.5821466,0.57404864,0.8891515,0.26704365,0.31510293,0.307005,,,0.2787767,0.26107937,,,0.29013133,0.2787915
0.5872892,0.5849905,0.88918966,0.28309005,0.30419916,0.30190045,,,0.2969088,0.2767318,,,0.29771566,0.28601682
0.5831221,0.5783336,0.89216536,0.26929027,0.3138318,0.30904335,,,0.26599717,0.2730546,,,0.28849858,0.28460395
0.5844979,0.57995486,0.8903943,0.27405852,0.3104394,0.30589634,,,0.28492463,0.26831466,,,0.29107982,0.2819656
0.58097994,0.583953,0.8892452,0.27568775,0.3052922,0.30826527,,,0.26933366,0.2755533,,,0.28080457,0.28960037
0.5882971,0.5823676,0.89196974,0.27869505,0.30960208,0.30367255,,,0.26941425,0.2889812,,,0.28366858,0.2862931
0.58959013,0.5818188,0.8907678,0.28064108,0.30894905,0.30117774,,,0.2874871,0.29227465,,,0.29517597,0.2958573
0.58223575,0.5838994,0.89009607,0.276039,0.30619675,0.30786037,,,0.2567187,0.26923543,,,0.28046536,0.28161055
0.5742127,0.5788468,0.88908535,0.26397413,0.31023854,0.31487268,,,0.26401907,0.26131165,,,0.2875129,0.2869541
0.5828116,0.5843909,0.888258,0.2789445,0.3038671,0.3054464,,,0.25963253,0.26568806,,,0.2798767,0.2831403
0.5892763,0.57362735,0.88972026,0.2731834,0.3160929,0.30044395,,,0.2873507,0.28030616,,,0.2997836,0.28734547
0.58066887,0.57936394,0.8886452,0.27138758,0.3092813,0.30797637,,,0.28171676,0.28033227,,,0.2866469,0.28450674
0.58040184,0.5791149,0.8905326,0.2689842,0.31141764,0.31013072,,,0.28428996,0.279414,,,0.29562074,0.29153782
0.5809866,0.5786391,0.88922644,0.27039933,0.3105873,0.30823976,,,0.2813456,0.26431745,,,0.29458433,0.2873357
0.5737162,0.5761243,0.8882149,0.2616257,0.31209052,0.3144986,,,0.26633573,0.25367635,,,0.28335124,0.27933878
0.5819534,0.58381367,0.8926794,0.27308768,0.30886573,0.310726,,,0.2667017,0.28403777,,,0.28203255,0.29145676
0.5833992,0.5792692,0.88964045,0.2730279,0.31037128,0.30624127,,,0.27847707,0.2568733,,,0.29218382,0.27714688
0.5854378,0.57798254,0.889995,0.27342534,0.31201243,0.3045572,,,0.27245432,0.2688675,,,0.28996134,0.28387934
0.57886875,0.5847932,0.8892187,0.27444327,0.30442548,0.31034994,,,0.26258934,0.2797336,,,0.28185308,0.29037184
0.57813835,0.5770544,0.8912307,0.26396203,0.31417632,0.31309235,,,0.2833829,0.27505141,,,0.28814644,0.28641552
0.58553064,0.57887006,0.8916956,0.27270508,0.31282556,0.30616498,,,0.27555698,0.24902111,,,0.28941596,0.27520603
0.58014035,0.5762781,0.8891158,0.26730263,0.31283772,0.30897546,,,0.25717646,0.274675,,,0.28124118,0.28739345
0.590052,0.58063024,0.888742,0.28194016,0.30811185,0.29869008,,,0.27708602,0.26765364,,,0.28868008,0.2774098
0.5820987,0.57354915,0.8901218,0.26552606,0.31657267,0.3080231,,,0.2631473,0.2662838,,,0.28878975,0.28182602
0.58191043,0.589216,0.88973445,0.28139192,0.3005185,0.30782408,,,0.27935237,0.29549766,,,0.283794,0.29205006
0.57100976,0.57761836,0.8884687,0.26015943,0.31085032,0.31745893,,,0.26580215,0.25484085,,,0.27995324,0.279442
0.58140856,0.58248645,0.8885252,0.27536982,0.30603874,0.30711663,,,0.26513016,0.27719134,,,0.2778194,0.28510046
0.5802816,0.57960975,0.8876542,0.27223718,0.30804443,0.30737257,,,0.26938784,0.2681052,,,0.28121257,0.28454667
0.57991415,0.5759895,0.88880074,0.26710284,0.31281132,0.30888665,,,0.26269668,0.24619669,,,0.28685135,0.27501404
0.5792661,0.57193893,0.8880176,0.26318747,0.3160786,0.30875146,,,0.26685017,0.25903237,,,0.2841121,0.2742707
0.58855504,0.58429635,0.8913962,0.2814551,0.30709994,0.30284125,,,0.28058094,0.27727908,,,0.29132527,0.2845453
0.5854116,0.5800411,0.891955,0.2734977,0.3119139,0.3065434,,,0.28862566,0.27477217,,,0.2989294,0.2847129
0.5849838,0.5692754,0.88853186,0.26572734,0.31925648,0.30354804,,,0.25032234,0.24998146,,,0.2802778,0.26605058
0.5747178,0.58652335,0.8913282,0.26991296,0.30480486,0.3166104,,,0.267834,0.28096658,,,0.28356695,0.2958148
0.57569695,0.5842833,0.8895538,0.2704265,0.30527043,0.31385678,,,0.27262366,0.27645838,,,0.28691578,0.29491466
0.58915174,0.57429725,0.8902915,0.27315754,0.3159942,0.3011397,,,0.2889281,0.26381958,,,0.2966559,0.27793878
0.5786556,0.589676,0.8923763,0.27595532,0.30270028,0.3137207,,,0.26950628,0.2888357,,,0.28213692,0.29498005
0.5729766,0.5862719,0.8891916,0.27005684,0.30291975,0.31621504,,,0.2409563,0.26128572,,,0.2699231,0.28726137
0.58539903,0.57785904,0.8895513,0.2737068,0.31169224,0.30415225,,,0.2792893,0.26897985,,,0.2913351,0.28141105
0.5820682,0.58677244,0.89214164,0.276699,0.3053692,0.31007344,,,0.28851873,0.2873547,,,0.2944427,0.29352266
0.5770199,0.58408594,0.89024925,0.27085662,0.30616325,0.31322932,,,0.28081834,0.28308445,,,0.2907554,0.2933396
0.58062536,0.58049333,0.8912295,0.26988924,0.31073612,0.3106041,,,0.30019546,0.2763059,,,0.293074,0.28394526
0.58214676,0.58791834,0.89259934,0.27746582,0.30468094,0.31045252,,,0.2803383,0.27461398,,,0.2871098,0.2890703
0.583113,0.5823617,0.8903324,0.27514225,0.30797076,0.30721945,,,0.28207135,0.26373726,,,0.2817077,0.2784744
0.58034897,0.5794419,0.8870533,0.27273756,0.3076114,0.30670434,,,0.2557714,0.2675851,,,0.27541488,0.2791512
0.57776725,0.57942754,0.88629097,0.2709039,0.30686337,0.30852365,,,0.26468128,0.26038188,,,0.28076053,0.28075826
0.58166766,0.5801848,0.89090645,0.27094603,0.31072164,0.3092388,,,0.27461284,0.28271312,,,0.28639835,0.29017818
0.5817985,0.5769289,0.89140266,0.26732475,0.31447375,0.30960417,,,0.27736288,0.271322,,,0.28915852,0.28969377
0.58449847,0.58272284,0.88901377,0.27820754,0.30629092,0.3045153,,,0.25759858,0.28564858,,,0.27904934,0.29175323
0.57863736,0.57715344,0.8889794,0.26681143,0.31182593,0.310342,,,0.27206647,0.25359732,,,0.2884881,0.28078002
0.5769577,0.57786065,0.8894002,0.2654181,0.3115396,0.31244254,,,0.27480108,0.26598704,,,0.28457832,0.28242838
0.57401246,0.5760875,0.8877077,0.26239228,0.31162018,0.3136952,,,0.25285244,0.27533537,,,0.2800846,0.28881162
0.58402216,0.57717943,0.8912081,0.26999348,0.31402868,0.30718595,,,0.26402354,0.27144843,,,0.2822404,0.2863112
0.58517694,0.57285285,0.88957053,0.26845926,0.31671768,0.3043936,,,0.2766828,0.25634325,,,0.29218704,0.27678615
0.57935786,0.57993233,0.8886464,0.27064377,0.3087141,0.30928856,,,0.254027,0.28250086,,,0.27883452,0.29321802
0.57994884,0.5865067,0.8892604,0.2771951,0.30275375,0.30931163,,,0.27841926,0.28034168,,,0.2863112,0.29059643
0.58957237,0.58088315,0.89129305,0.2791624,0.31040996,0.30172074,,,0.26498407,0.27228153,,,0.28428054,0.2816707
0.57972085,0.57421637,0.89018327,0.26375395,0.3159669,0.31046242,,,0.27573973,0.2642542,,,0.291196,0.28461552
0.5840289,0.56531775,0.8879849,0.26136172,0.32266718,0.30395603,,,0.27084267,0.28245407,,,0.2939695,0.28820056
0.5795418,0.5743863,0.88994366,0.26398438,0.31555742,0.31040192,,,0.26088572,0.265589,,,0.28536594,0.286214
0.57669115,0.5805936,0.891204,0.26608074,0.3106104,0.31451285,,,0.2727496,0.2730775,,,0.28706938,0.29217845
0.58671325,0.5726764,0.88890123,0.2704885,0.31622475,0.30218792,,,0.2878003,0.27857196,,,0.29030472,0.2796474
0.5890385,0.581195,0.89105153,0.27918196,0.30985653,0.30201304,,,0.2683949,0.25523347,,,0.2865206,0.27202284
0.5798172,0.5907496,0.89350855,0.27705824,0.30275893,0.31369138,,,0.30680078,0.3020224,,,0.29590428,0.2998249
0.58003426,0.5813785,0.89087987,0.27053285,0.3095014,0.31084567,,,0.25288892,0.27631235,,,0.27698034,0.28807056
0.5923331,0.581015,0.8905716,0.28277647,0.3095566,0.29823852,,,0.27180922,0.2657745,,,0.28632373,0.27971327
0.5906968,0.57808673,0.8905225,0.27826107,0.31243575,0.29982567,,,0.27856565,0.2732733,,,0.2897694,0.28445202
0.58524215,0.58024096,0.8883554,0.27712774,0.3081144,0.30311322,,,0.29827827,0.26599777,,,0.29307657,0.27737993
0.58011675,0.57953644,0.88962996,0.27002323,0.31009352,0.3095132,,,0.28759784,0.2729897,,,0.2920652,0.28546154
0.5759305,0.58178425,0.88944995,0.26826477,0.3076657,0.31351948,,,0.27372032,0.27101254,,,0.28053182,0.2848341
0.5854982,0.5750216,0.8906407,0.26987916,0.31561905,0.30514246,,,0.27778047,0.2688136,,,0.2894479,0.2825063
0.57551825,0.575467,0.8881203,0.26286495,0.3126533,0.31260204,,,0.26953107,0.26538527,,,0.2810766,0.28329176
0.5750189,0.58012295,0.8891261,0.2660157,0.30900317,0.31410724,,,0.25199324,0.24870926,,,0.27519846,0.2794615
0.586925,0.5806076,0.8912254,0.27630728,0.31061774,0.3043003,,,0.290604,0.26669955,,,0.2943232,0.27976197
0.5825372,0.5808153,0.8897999,0.2735526,0.30898458,0.30726272,,,0.27424198,0.27366662,,,0.28480136,0.2861967
0.5865705,0.5752591,0.8893506,0.272479,0.3140915,0.3027801,,,0.30273902,0.27045703,,,0.29997754,0.28121984
0.582019,0.5832034,0.8904646,0.2747578,0.30726117,0.30844557,,,0.27297968,0.27099508,,,0.27882046,0.2846462
0.57748157,0.57991135,0.8889169,0.26847607,0.3090055,0.31143528,,,0.25654495,0.26982707,,,0.2812279,0.2893635
0.5923542,0.5757797,0.89113075,0.2770031,0.31535107,0.29877657,,,0.28859407,0.2753423,,,0.3011598,0.28222942
0.583882,0.5861831,0.890149,0.27991605,0.30396593,0.30626702,,,0.288503,0.2788533,,,0.28706574,0.28797793
0.5850386,0.58139586,0.88959634,0.27683818,0.30820042,0.30455768,,,0.27708173,0.27679157,,,0.2878664,0.28712726
0.57956004,0.58814526,0.8907507,0.2769546,0.30260545,0.31119066,,,0.2500922,0.29338878,,,0.27805114,0.29904234
0.582772,0.57751966,0.8902579,0.27003378,0.31273824,0.30748588,,,0.2599572,0.2687561,,,0.2832126,0.28215116
0.5817323,0.58226734,0.8917512,0.27224833,0.30948395,0.31001902,,,0.28711474,0.2714153,,,0.28859347,0.28407413
0.57593673,0.5812298,0.8879241,0.2692424,0.30669433,0.3119874,,,0.25222802,0.2749076,,,0.28251308,0.28899843
0.5764544,0.5807358,0.8887024,0.2684878,0.3079666,0.312248,,,0.25709808,0.27605444,,,0.28250837,0.29029298
0.5871916,0.57090795,0.88993084,0.2681687,0.3190229,0.30273926,,,0.27093148,0.2546364,,,0.29559922,0.27136624
0.58613336,0.5777124,0.8900149,0.2738309,0.31230247,0.30388153,,,0.27447712,0.261831,,,0.28609347,0.27990848
0.57991046,0.5816741,0.88944876,0.27213585,0.3077746,0.30953825,,,0.27276576,0.28897476,,,0.28447264,0.29212213
0.57798034,0.57034034,0.8864864,0.26183426,0.31614608,0.30850607,,,0.2546382,0.24965596,,,0.27886152,0.27648807
0.57423735,0.58453685,0.8888705,0.26990366,0.3043337,0.3146332,,,0.2598939,0.26004744,,,0.2743107,0.2853353
0.58309495,0.58656025,0.89047956,0.27917564,0.30391932,0.3073846,,,0.27127343,0.27870125,,,0.2868349,0.2930606
0.57442355,0.5844138,0.89023894,0.26859838,0.30582517,0.31581545,,,0.2617374,0.28162903,,,0.28047293,0.29843873
0.58105505,0.5817157,0.89070284,0.2720679,0.30898714,0.3096478,,,0.25552922,0.29318082,,,0.27835488,0.28841782
0.5719646,0.57919884,0.88975644,0.26140702,0.3105576,0.31779182,,,0.2554381,0.26076376,,,0.27677017,0.28194577
0.58210504,0.5745615,0.8886731,0.2679934,0.31411165,0.3065681,,,0.26777256,0.24858624,,,0.28455448,0.2729013
0.5813786,0.57944405,0.8878154,0.2730072,0.30837137,0.30643684,,,0.27496755,0.2727102,,,0.2862473,0.2863837
0.58409995,0.5832726,0.8902994,0.2770731,0.30702686,0.3061995,,,0.27349454,0.26305366,,,0.28724498,0.2863838
0.57830775,0.5856546,0.8893472,0.27461517,0.30369258,0.31103945,,,0.26562,0.27946848,,,0.28324044,0.29015756
0.5744728,0.5793238,0.89033026,0.26346642,0.31100637,0.3158574,,,0.2521538,0.2750376,,,0.27927786,0.2903018
0.57790756,0.58364075,0.8903831,0.27116525,0.3067423,0.3124755,,,0.28148073,0.26007032,,,0.28800207,0.2828285
0.5864881,0.59196794,0.8921252,0.28633088,0.30015725,0.30563706,,,0.28845173,0.2962625,,,0.2877407,0.29467922
0.58000445,0.58292377,0.8871981,0.27573013,0.30427432,0.30719364,,,0.27019268,0.28191668,,,0.281801,0.289977
0.58534014,0.57623124,0.8875613,0.27401006,0.31133008,0.30222118,,,0.26476687,0.26958013,,,0.28685284,0.28329533
0.5752454,0.5868199,0.8910345,0.27103078,0.3042146,0.3157891,,,0.2642895,0.26420045,,,0.2742955,0.28598523
0.5812566,0.57494646,0.8886577,0.26754534,0.3137113,0.30740112,,,0.26869786,0.23821014,,,0.28933388,0.2740296
0.5780649,0.5741807,0.8863466,0.26589906,0.31216586,0.30828166,,,0.26494992,0.26040262,,,0.287026,0.27934003
0.5859853,0.5828682,0.89237547,0.27647805,0.30950725,0.30639017,,,0.28581607,0.28170598,,,0.29354388,0.28745103
0.5832429,0.58810955,0.8925068,0.2788456,0.30439728,0.30926394,,,0.28492826,0.288741,,,0.29085195,0.291493
0.5837983,0.5795444,0.88923705,0.27410567,0.30969262,0.30543876,,,0.27254128,0.2725339,,,0.28853017,0.28333586
0.5888888,0.5768117,0.88959324,0.2761072,0.31278163,0.30070448,,,0.27543676,0.2728535,,,0.28800285,0.28420478
0.583896,0.57100356,0.8878379,0.2670617,0.31683427,0.30394185,,,0.28273356,0.24981034,,,0.2855081,0.2721262
0.582255,0.5784613,0.89222896,0.26848733,0.31376767,0.30997396,,,0.28264016,0.2600987,,,0.29204583,0.28061432
0.57805467,0.57468426,0.886663,0.2660759,0.31197876,0.30860835,,,0.25560147,0.24085075,,,0.27793717,0.2714541
0.5841094,0.5808623,0.89018685,0.27478486,0.30932456,0.30607742,,,0.26332694,0.26619768,,,0.28030384,0.27876365
0.5753925,0.57812953,0.88898754,0.26453447,0.310858,0.31359506,,,0.2835725,0.28669226,,,0.2911806,0.29605657
0.5771836,0.5921663,0.8900919,0.279258,0.2979256,0.3129083,,,0.27234328,0.287485,,,0.28233552,0.29362446
0.5818291,0.5856317,0.89144754,0.27601326,0.30581582,0.30961847,,,0.2662745,0.28593516,,,0.2789836,0.29042172
0.5928999,0.57048965,0.8891952,0.27419436,0.31870556,0.2962953,,,0.29490155,0.26488733,,,0.3007605,0.2734015
0.57043386,0.58004487,0.88788456,0.26259416,0.3078397,0.3174507,,,0.2544726,0.25813806,,,0.2745298,0.28346765
0.58205354,0.58188355,0.8894063,0.27453077,0.30752277,0.30735278,,,0.2706414,0.27192718,,,0.27957433,0.28559798
0.5766474,0.5801324,0.8887591,0.2680207,0.3086267,0.31211174,,,0.26312298,0.26665103,,,0.28103697,0.28365356
0.5860125,0.5825899,0.88885593,0.27974653,0.30626595,0.3028434,,,0.2782247,0.27156538,,,0.2862053,0.28574264
0.57828873,0.58067864,0.88944197,0.2695254,0.30876333,0.31115323,,,0.26694387,0.27340567,,,0.28168505,0.28461522
0.5715631,0.5753514,0.8898374,0.2570771,0.31448603,0.31827432,,,0.26018798,0.2781403,,,0.28205997,0.28946662
0.57774794,0.5875921,0.88751847,0.2778216,0.29992634,0.30977052,,,0.2618056,0.29266495,,,0.27921885,0.2918235
0.58256763,0.57488066,0.88993406,0.26751423,0.3150534,0.30736643,,,0.2774095,0.2679037,,,0.292875,0.28440332
0.5903293,0.57735187,0.8892282,0.278453,0.3118763,0.29889888,,,0.2814588,0.27731258,,,0.29296738,0.2862363
0.58514225,0.5814686,0.8924841,0.2741267,0.31101555,0.30734187,,,0.28910297,0.2701373,,,0.29156417,0.2812426
0.5833645,0.58182067,0.8907848,0.2744004,0.30896407,0.30742025,,,0.2773825,0.28523237,,,0.29042363,0.29127264
0.58990383,0.5807538,0.8901891,0.28046852,0.3094353,0.30028528,,,0.27568692,0.2522894,,,0.28669626,0.27502662
0.578153,0.5852759,0.8926298,0.2707991,0.3073539,0.3144768,,,0.2620793,0.26965892,,,0.27928627,0.28827077
0.57648706,0.5761832,0.8900964,0.26257384,0.31391323,0.31360936,,,0.27573323,0.24714035,,,0.28534728,0.28075963
0.58273935,0.5814074,0.8896382,0.2745086,0.30823076,0.30689883,,,0.25497472,0.28141218,,,0.2764874,0.29253232
0.5841082,0.5789162,0.8881771,0.27484733,0.30926085,0.30406886,,,0.27728468,0.27649736,,,0.28066754,0.27831334
0.57934713,0.58478004,0.88954026,0.27458686,0.30476028,0.31019318,,,0.27264595,0.28960544,,,0.2810803,0.29627782
0.5785018,0.57864094,0.88996273,0.26718003,0.3113218,0.3114609,,,0.2567979,0.2803824,,,0.2850176,0.29290748
0.5826541,0.5781528,0.8903647,0.2704422,0.31221193,0.3077106,,,0.26179886,0.2697643,,,0.28058434,0.28089368
0.58034945,0.5817324,0.88751185,0.27457,0.30577946,0.3071624,,,0.26057708,0.26852018,,,0.2763335,0.2835425
0.57842666,0.57968533,0.89204305,0.266069,0.31235766,0.31361634,,,0.25082397,0.25403303,,,0.2779377,0.28285986
0.5772294,0.5809709,0.88863575,0.2695645,0.30766487,0.31140637,,,0.2643627,0.27395558,,,0.28281766,0.286847
0.5838039,0.58991253,0.891707,0.28200942,0.30179447,0.3079031,,,0.2657768,0.26321042,,,0.2814505,0.2868464
0.58402216,0.5802484,0.89133734,0.2729333,0.31108886,0.3073151,,,0.2850312,0.26307184,,,0.28852278,0.28259343
0.58130157,0.5753161,0.8872903,0.26932734,0.31197423,0.30598873,,,0.24956405,0.26402956,,,0.2810499,0.27884758
0.5777613,0.5817807,0.8908582,0.2686838,0.3090775,0.31309688,,,0.274341,0.28402728,,,0.2904945,0.2937233
0.5865576,0.57923746,0.89066595,0.27512914,0.3114285,0.30410832,,,0.28837228,0.27534962,,,0.2906183,0.2858382
0.58247006,0.5819169,0.8894399,0.2749471,0.30752295,0.30696982,,,0.2564566,0.27057076,,,0.28198236,0.28641784
0.58546877,0.5796833,0.89065045,0.27450162,0.31096715,0.30518168,,,0.28184146,0.28732914,,,0.29235506,0.29190814
0.5812209,0.58923864,0.8926531,0.2778064,0.30341452,0.31143224,,,0.2875697,0.29172307,,,0.28874773,0.29628313
0.5788997,0.58648145,0.89208615,0.27329504,0.30560464,0.3131864,,,0.27477401,0.2777896,,,0.28390414,0.2884255
0.5763304,0.57729703,0.8892976,0.2643298,0.31200063,0.31296724,,,0.27607566,0.27991402,,,0.28896838,0.28942233
0.5824305,0.5765127,0.8885808,0.27036238,0.3120681,0.30615032,,,0.281864,0.26677,,,0.2930236,0.2813431
0.5869186,0.58505535,0.8922225,0.27975142,0.30716717,0.30530393,,,0.28160995,0.28340828,,,0.29178882,0.2917251
0.5772884,0.5733297,0.8902385,0.26037955,0.31690884,0.31295013,,,0.24846894,0.27967685,,,0.27703625,0.28656763
0.59172904,0.5819938,0.8911317,0.28259116,0.30913788,0.29940265,,,0.2809927,0.27694434,,,0.2890268,0.28111959
0.5772843,0.57526684,0.8888203,0.26373088,0.3135534,0.31153595,,,0.28051102,0.25640488,,,0.29028964,0.28171855
0.5866951,0.5839094,0.89052445,0.28008002,0.30661505,0.30382937,,,0.27152616,0.2736919,,,0.28885424,0.28558105
0.58644253,0.5738095,0.88894826,0.27130383,0.3151387,0.30250567,,,0.26426226,0.26394558,,,0.2835778,0.27483255
0.5721638,0.58735996,0.8902969,0.26922685,0.30293697,0.31813312,,,0.26097298,0.27121633,,,0.27785194,0.29331464
0.59090495,0.58147883,0.89085823,0.28152555,0.3093794,0.29995328,,,0.26921123,0.26912248,,,0.28530288,0.28039187
0.58242035,0.58221066,0.89257133,0.27205968,0.31036067,0.31015098,,,0.2758174,0.26416522,,,0.2907992,0.28154498
0.577652,0.5837655,0.88924944,0.27216804,0.30548394,0.31159747,,,0.2874146,0.27198935,,,0.28938603,0.29028177
0.5780332,0.5814915,0.88965243,0.26987225,0.30816096,0.31161922,,,0.27094966,0.28345227,,,0.2853846,0.29081964
0.5815196,0.58953667,0.8880212,0.2830351,0.2984845,0.30650157,,,0.26695746,0.28349376,,,0.2788235,0.29162395
0.5843513,0.5782182,0.89104605,0.27152348,0.31282783,0.30669475,,,0.28607154,0.27646226,,,0.2965483,0.28563964
0.5838678,0.5783901,0.888868,0.27338994,0.31047785,0.3050002,,,0.26344156,0.24921638,,,0.28636765,0.27665538
0.58736753,0.5818608,0.8891504,0.28007793,0.3072896,0.30178285,,,0.2917049,0.28978032,,,0.29587102,0.28939825
0.5817754,0.57522106,0.88893354,0.26806295,0.31371248,0.3071581,,,0.27606267,0.27946585,,,0.29374927,0.28742194
0.5817827,0.585994,0.8898273,0.2779494,0.3038333,0.3080446,,,0.26153648,0.27438903,,,0.27973777,0.28783762
0.5822545,0.5848902,0.88946486,0.27767992,0.3045746,0.30721027,,,0.28461713,0.28367347,,,0.28528428,0.29364252
0.57820463,0.5843641,0.89068055,0.27188826,0.30631638,0.31247586,,,0.28693157,0.2714777,,,0.28915364,0.28535855
0.5805423,0.5861194,0.89205176,0.27460998,0.30593234,0.31150943,,,0.28871405,0.2826606,,,0.28925157,0.29099995
0.581317,0.57501453,0.8892395,0.26709205,0.31422496,0.30792248,,,0.2879911,0.27448022,,,0.29433894,0.28549576
0.5938437,0.5734483,0.8890092,0.27828282,0.31556088,0.29516548,,,0.27190417,0.26772457,,,0.29477865,0.27552408
0.5796597,0.5826658,0.88913655,0.27318895,0.30647075,0.30947685,,,0.24746835,0.25988513,,,0.27836365,0.2839632
0.5803573,0.5768094,0.8900404,0.26712632,0.313231,0.30968308,,,0.2637347,0.27197456,,,0.2851699,0.2849447
0.57928395,0.58307296,0.88968086,0.272676,0.30660796,0.31039697,,,0.28458583,0.2685678,,,0.28747725,0.28399664
0.57323253,0.5710056,0.8866948,0.25754333,0.3156892,0.31346226,,,0.24118531,0.26446855,,,0.27302074,0.28693217
0.5819324,0.5823351,0.89117754,0.27309,0.30884242,0.3092451,,,0.241499,0.25299048,,,0.27139175,0.2803082
0.57939017,0.5816692,0.889778,0.27128136,0.3081088,0.31038785,,,0.2716729,0.24984884,,,0.28692156,0.28433657
0.5799382,0.5796949,0.88897645,0.2706567,0.30928147,0.30903822,,,0.25392014,0.23827577,,,0.27386475,0.27287394
0.581745,0.5806457,0.89159566,0.27079505,0.31094998,0.30985063,,,0.25512213,0.2596534,,,0.2766819,0.28064907
0.5851426,0.5765518,0.88970715,0.27198726,0.31315535,0.30456454,,,0.26248306,0.26460797,,,0.2822373,0.27815837
0.5811852,0.58600545,0.89032686,0.2768638,0.3043214,0.30914164,,,0.25501615,0.26901114,,,0.2827357,0.28451872
0.5815939,0.5808945,0.889666,0.27282232,0.30877155,0.30807215,,,0.28162318,0.24697381,,,0.28704965,0.27420068
0.5797503,0.57797605,0.8905705,0.26715577,0.31259453,0.31082028,,,0.27256286,0.25957042,,,0.2853619,0.28185976
0.5772068,0.5799028,0.8898715,0.26723814,0.30996865,0.3126647,,,0.26567262,0.25521404,,,0.28480512,0.28298897
0.5753777,0.5831302,0.88964057,0.26886725,0.30651045,0.31426293,,,0.25831038,0.26755893,,,0.28034443,0.28772724
0.5816814,0.5783826,0.8916304,0.26843357,0.3132478,0.30994904,,,0.28246075,0.27278697,,,0.292589,0.28756505
0.5833962,0.5871207,0.88846123,0.28205574,0.30134046,0.30506498,,,0.2575928,0.27178115,,,0.27766985,0.2897979
0.5820055,0.58488953,0.8910439,0.27585113,0.30615437,0.3090384,,,0.25993317,0.2642522,,,0.28011292,0.28187823
0.5904298,0.5763777,0.8910796,0.2757278,0.31470197,0.30064988,,,0.27641428,0.25949705,,,0.28875053,0.27696574
0.58047605,0.5758941,0.8875932,0.26877695,0.3116991,0.30711716,,,0.2847535,0.2684219,,,0.2894128,0.28237653
0.59070545,0.5746267,0.8924768,0.27285528,0.31785017,0.3017714,,,0.27960652,0.254022,,,0.2936815,0.2769943
0.5728064,0.5691877,0.88765913,0.254335,0.31847143,0.3148527,,,0.25373727,0.24752825,,,0.2826963,0.28039056
0.5893862,0.57994235,0.89040244,0.27892613,0.3104601,0.3010162,,,0.30246073,0.29091388,,,0.2959059,0.28906465
0.59184194,0.58217156,0.89300925,0.28100425,0.3108377,0.3011673,,,0.2987337,0.28625524,,,0.29352248,0.2845909
0.5776621,0.5738325,0.886378,0.26511663,0.31254548,0.30871588,,,0.284622,0.23790377,,,0.29170167,0.26951838
0.5822667,0.57562315,0.8902009,0.26768893,0.31457776,0.30793422,,,0.25973356,0.24939114,,,0.2796057,0.2756458
0.5746298,0.5825211,0.88868487,0.268466,0.3061638,0.3140551,,,0.2726211,0.26127088,,,0.2846806,0.28577334
0.58479714,0.5892667,0.8908586,0.28320533,0.3015918,0.3060614,,,0.27557635,0.28534758,,,0.2829839,0.28817862
0.5802218,0.57901466,0.88814384,0.2710926,0.30912918,0.30792207,,,0.2558126,0.2562155,,,0.28059947,0.2810853
0.57308865,0.5808729,0.89031136,0.26365018,0.30943847,0.3172227,,,0.27580112,0.27481854,,,0.28502214,0.28958577
0.5887032,0.5781821,0.8898019,0.27708346,0.31161976,0.30109864,,,0.2765655,0.24743563,,,0.2856109,0.26689273
0.58347654,0.5777276,0.8879121,0.273292,0.31018454,0.3044356,,,0.27121156,0.26831162,,,0.2859828,0.2782889
0.58501667,0.57604,0.8887063,0.27235043,0.31266624,0.3036896,,,0.29189032,0.29669768,,,0.29668838,0.2951784
0.58033675,0.58594656,0.8911418,0.2751416,0.30519515,0.31080496,,,0.26841253,0.27377903,,,0.28342533,0.28961557
0.5786271,0.57669425,0.8905919,0.26472944,0.31389767,0.3119648,,,0.276331,0.2676894,,,0.2900762,0.2788058
0.5786439,0.577129,0.88830686,0.26746607,0.31117785,0.30966294,,,0.2782539,0.26760465,,,0.28620481,0.2844501
0.5781957,0.58066833,0.89045656,0.26840746,0.30978823,0.31226087,,,0.27266908,0.27625817,,,0.28236938,0.29191947
0.58682764,0.57713884,0.88997996,0.27398646,0.31284118,0.30315238,,,0.28050154,0.2666456,,,0.289558,0.28046668
0.58217394,0.581016,0.89083856,0.27235132,0.30982262,0.30866468,,,0.28376478,0.2793315,,,0.28838378,0.28495294
0.57789576,0.572976,0.8898035,0.26106822,0.31682754,0.31190777,,,0.26958,0.27122116,,,0.29089195,0.28214556
0.576352,0.5824497,0.89167076,0.2671309,0.3092211,0.31531876,,,0.27714735,0.2516362,,,0.291537,0.2803824
0.5825443,0.58294916,0.89096206,0.27453142,0.3080129,0.30841774,,,0.2774437,0.2865774,,,0.28482687,0.2915194
0.5835589,0.5840683,0.89159614,0.27603108,0.30752784,0.30803722,,,0.27771235,0.2798859,,,0.28735143,0.28540272
0.57718873,0.58697987,0.8887965,0.2753721,0.30181664,0.31160778,,,0.26947618,0.27210855,,,0.2795987,0.28732067
0.5797658,0.5815845,0.8910336,0.27031666,0.30944914,0.31126785,,,0.26481235,0.27176976,,,0.2808255,0.28839576
0.5788418,0.5880573,0.8906984,0.2762007,0.3026411,0.31185657,,,0.27303314,0.30186248,,,0.28141296,0.3040589
0.58410394,0.57904357,0.8902976,0.27284986,0.31125408,0.3061937,,,0.25821954,0.2681648,,,0.28559983,0.28399545
0.58274484,0.5764663,0.890965,0.26824617,0.31449866,0.30822015,,,0.25142723,0.27398342,,,0.27873152,0.28742003
0.57997096,0.58463395,0.89034915,0.27425575,0.3057152,0.3103782,,,0.2555493,0.27809083,,,0.27970088,0.29316622
0.58024424,0.5803404,0.8890137,0.27157098,0.30867326,0.3087694,,,0.2614842,0.26690567,,,0.2845909,0.2819007
0.58066654,0.577645,0.8877949,0.2705167,0.31014985,0.3071283,,,0.27251,0.27071923,,,0.2847181,0.28159207
0.580858,0.5791104,0.8910186,0.26894975,0.31190825,0.31016064,,,0.28021622,0.2743618,,,0.2867728,0.28929228
0.57538974,0.57568944,0.8891226,0.26195657,0.31343317,0.31373286,,,0.28598076,0.260746,,,0.2910716,0.28118122
0.5811094,0.58095956,0.8916531,0.27041584,0.31069356,0.31054372,,,0.27055597,0.27329612,,,0.2849148,0.2846359
0.5768367,0.5805068,0.88932824,0.26801527,0.30882144,0.31249154,,,0.26391506,0.26520193,,,0.2812736,0.2852049
0.5835984,0.5871141,0.89152825,0.27918422,0.30441415,0.30792987,,,0.2808751,0.26853108,,,0.29270917,0.28416187
0.5746144,0.581766,0.8903258,0.26605463,0.30855978,0.31571138,,,0.265431,0.2797268,,,0.28066385,0.2896905
0.5882442,0.5784722,0.8906899,0.27602643,0.31221777,0.30244577,,,0.26335013,0.2624901,,,0.286191,0.2767774
0.58070326,0.5812942,0.89042616,0.27157128,0.30913198,0.3097229,,,0.26804996,0.2636959,,,0.2806335,0.2826004
0.58624184,0.58207357,0.88946044,0.27885497,0.30738688,0.3032186,,,0.28192586,0.26884943,,,0.2903853,0.28118217
0.57832503,0.58441937,0.8881759,0.2745685,0.30375654,0.30985087,,,0.27056378,0.24941278,,,0.28191215,0.27664816
0.58294183,0.5822747,0.8893005,0.27591592,0.3070259,0.30635875,,,0.27280802,0.28181863,,,0.28510773,0.29024202
0.58988404,0.5831802,0.89261514,0.2804491,0.30943495,0.3027311,,,0.29402918,0.32079452,,,0.2957881,0.29919875
0.58507025,0.58398783,0.88916075,0.27989733,0.30517292,0.3040905,,,0.28650045,0.28951293,,,0.2920953,0.2892816
0.5861223,0.57832205,0.8889582,0.2754861,0.31063616,0.30283594,,,0.2760563,0.25904393,,,0.28816682,0.2792915
0.57741845,0.5839435,0.887812,0.2735499,0.30386853,0.31039357,,,0.27269083,0.26205337,,,0.28089863,0.28171194
0.58740234,0.5754214,0.8895855,0.27323818,0.31416416,0.3021832,,,0.28478682,0.27756065,,,0.2930529,0.28761297
0.57679075,0.57924914,0.89079815,0.2652418,0.31154895,0.31400734,,,0.2721665,0.28724396,,,0.28585213,0.29294795
0.57718223,0.57949954,0.888397,0.2682848,0.30889744,0.31121475,,,0.27312326,0.25309741,,,0.28681403,0.274288
0.58810496,0.5791117,0.89110726,0.2761094,0.31199557,0.3030023,,,0.2896884,0.2695923,,,0.29287958,0.2812373
0.58362424,0.5747138,0.88932437,0.2690137,0.31461054,0.30570012,,,0.27439612,0.24407792,,,0.28961104,0.2672413
0.58064914,0.5864157,0.88987696,0.27718794,0.3034612,0.30922776,,,0.2906767,0.2737434,,,0.2857573,0.28622425
0.582739,0.5802256,0.8896148,0.27334976,0.30938923,0.30687582,,,0.27503747,0.28133637,,,0.28303146,0.28752846
0.58252335,0.5855496,0.89215714,0.2759158,0.30660754,0.3096338,,,0.27450132,0.28100586,,,0.28673136,0.28921533
0.5773488,0.58342946,0.88857263,0.27220565,0.30514318,0.3112238,,,0.2516101,0.25225925,,,0.27524292,0.27471858
0.58350563,0.5754834,0.8901346,0.26885438,0.31465125,0.306629,,,0.26958734,0.2510636,,,0.28423822,0.27492523
0.5811243,0.5771107,0.89062786,0.2676072,0.3135171,0.3095035,,,0.26934284,0.2706774,,,0.28625172,0.28199005
0.5792208,0.5789184,0.890489,0.26765025,0.31157053,0.31126815,,,0.26284784,0.2598139,,,0.2859081,0.28470802
0.5893006,0.58392954,0.8893924,0.2838378,0.30546278,0.30009174,,,0.2542407,0.28344876,,,0.2799285,0.2848916
0.5861224,0.5841068,0.8898547,0.28037447,0.30574793,0.30373234,,,0.27117783,0.28239024,,,0.28361064,0.28958786
0.58572376,0.5842608,0.89080036,0.27918422,0.30653954,0.3050766,,,0.28185332,0.27108914,,,0.28808886,0.28333855
0.5824976,0.5803902,0.890125,0.27276284,0.30973476,0.30762738,,,0.26179343,0.26352578,,,0.28495353,0.2814589
0.59185505,0.58616304,0.89199674,0.28602135,0.3058337,0.3001417,,,0.3082528,0.27866012,,,0.29799098,0.28595144
0.5834513,0.58182526,0.89067185,0.27460468,0.3088466,0.30722058,,,0.2825315,0.26759815,,,0.2867961,0.27917075
0.5799285,0.58389693,0.89221084,0.27161467,0.30831385,0.31228226,,,0.26998633,0.28796226,,,0.28146058,0.29335707
0.5722554,0.5820286,0.8885067,0.2657773,0.30647808,0.31625134,,,0.2720427,0.2674505,,,0.28047055,0.28792042
0.5737637,0.5794603,0.8868307,0.2663933,0.30737042,0.31306702,,,0.25287455,0.2475282,,,0.27463967,0.28070855
0.5804053,0.58946836,0.89145744,0.27841628,0.30198902,0.31105208,,,0.28756493,0.30081564,,,0.28521347,0.2984451
0.5838546,0.5863558,0.88945895,0.2807514,0.3031032,0.3056044,,,0.28167152,0.27889287,,,0.28510243,0.28939855
0.58132905,0.5825076,0.8924181,0.27141863,0.30991042,0.31108898,,,0.2793401,0.27753222,,,0.28466845,0.28664404
0.5797526,0.56607664,0.8898623,0.2559669,0.32378572,0.31010973,,,0.26943505,0.26674914,,,0.2859137,0.2799908
0.5816101,0.5818344,0.89127994,0.27216458,0.3094455,0.3096698,,,0.2686373,0.2646312,,,0.28734082,0.28728783
0.5850406,0.5905827,0.89182603,0.28379738,0.30124325,0.30678535,,,0.28575647,0.29883182,,,0.28740245,0.29879898
0.57681024,0.5766202,0.8898766,0.26355386,0.31325638,0.31306636,,,0.2639202,0.24628454,,,0.28460592,0.27482754
0.57821554,0.581691,0.8912459,0.26866072,0.30955482,0.3130303,,,0.26449418,0.28836304,,,0.2790935,0.2922306
0.58817244,0.5777894,0.89223874,0.27372313,0.3144493,0.3040663,,,0.278957,0.25863922,,,0.2905324,0.2777986
0.5836776,0.5820011,0.8903453,0.27533346,0.30834413,0.30666763,,,0.27724028,0.2548418,,,0.29394233,0.28559542
0.5848808,0.58007336,0.89094526,0.27400893,0.3108719,0.30606443,,,0.3067034,0.28036386,,,0.3010764,0.29015934
0.5833324,0.57991415,0.8904697,0.27277696,0.31055546,0.3071372,,,0.27616668,0.2791977,,,0.2877913,0.28566265
0.5863746,0.5659269,0.88799465,0.2643069,0.32206768,0.30162,,,0.28252232,0.24728376,,,0.29407728,0.26625037
0.57274675,0.5771331,0.88947046,0.26040947,0.31233728,0.31672364,,,0.24572223,0.2559151,,,0.2766608,0.2852469
0.5841434,0.5731352,0.8892407,0.26803786,0.31610554,0.30509734,,,0.26171505,0.27859628,,,0.28417236,0.28463554
0.58910704,0.58129466,0.89192873,0.27847296,0.31063408,0.3028217,,,0.29148775,0.28067487,,,0.2961043,0.28895622
0.5830326,0.5862746,0.89123654,0.2780707,0.30496192,0.30820394,,,0.28887105,0.26537585,,,0.28790253,0.28550678
0.5853871,0.58406115,0.8911496,0.27829868,0.30708843,0.30576247,,,0.26763076,0.27429634,,,0.28309232,0.28148997
0.5822942,0.58769107,0.8886315,0.28135377,0.30094045,0.3063373,,,0.28273368,0.27449524,,,0.28330714,0.2902997
0.5808469,0.58217555,0.88795644,0.27506608,0.30578083,0.30710948,,,0.2808985,0.27422684,,,0.28352273,0.287403
0.5844023,0.58321893,0.8911383,0.27648294,0.30791938,0.306736,,,0.29102105,0.2752568,,,0.29112238,0.28450674
0.5792314,0.5735411,0.88815486,0.26461756,0.31461382,0.30892354,,,0.24886113,0.25743073,,,0.27828628,0.2802093
0.57594454,0.57563794,0.8883045,0.263278,0.31266654,0.31235993,,,0.2605716,0.26096404,,,0.27853483,0.27837038
0.58252656,0.580716,0.8907626,0.27247995,0.3100466,0.30823606,,,0.26961136,0.25837052,,,0.28082407,0.2751804
0.58896506,0.58351564,0.8903219,0.2821588,0.30680627,0.30135685,,,0.28206986,0.28931504,,,0.2872011,0.2880742
0.58391255,0.5818298,0.8915422,0.2742002,0.30971235,0.3076296,,,0.27376312,0.27554333,,,0.28547484,0.28472877
0.58285046,0.5789992,0.8906551,0.27119464,0.31165582,0.30780458,,,0.25259715,0.26380545,,,0.2805099,0.28002
0.58474916,0.5770376,0.89061177,0.27117503,0.31357414,0.30586255,,,0.2595318,0.2378946,,,0.28390533,0.27091593
0.5854055,0.58163553,0.8903447,0.27669638,0.30870914,0.30493915,,,0.2815994,0.27771276,,,0.29260844,0.28768057
0.57687104,0.5780195,0.8892616,0.26562893,0.3112421,0.31239057,,,0.27147776,0.27946448,,,0.28579038,0.2899782
0.5767741,0.58789253,0.8915167,0.27314997,0.30362415,0.31474257,,,0.28278154,0.28889966,,,0.28408116,0.29568022
0.58758366,0.57540643,0.8874248,0.27556527,0.3120184,0.29984117,,,0.27444142,0.25859797,,,0.2912187,0.27884364
0.58073235,0.5814909,0.89223295,0.26999027,0.31074208,0.3115006,,,0.27412468,0.26171595,,,0.29020905,0.2855479
0.5769637,0.5824065,0.8869803,0.2723899,0.30457383,0.31001663,,,0.2622273,0.27144945,,,0.2792241,0.28738505
0.581422,0.58857954,0.8907818,0.2792197,0.30220228,0.30935985,,,0.2715708,0.30300802,,,0.28080958,0.2953723
0.5744165,0.57862544,0.887167,0.26587498,0.30854154,0.31275046,,,0.2657864,0.26394707,,,0.28097326,0.28256834
0.592918,0.57137,0.891417,0.27287102,0.32004696,0.298499,,,0.28988844,0.26605344,,,0.3000751,0.27918565
0.5729492,0.5798361,0.8904099,0.2623754,0.31057376,0.31746066,,,0.2682078,0.28240824,,,0.28715962,0.29665458
0.57744753,0.56881046,0.88737255,0.25888544,0.3185621,0.30992502,,,0.25605226,0.25226778,,,0.28232884,0.27165657
0.58595634,0.5838134,0.8897439,0.28002584,0.3059305,0.3037876,,,0.27107352,0.27466846,,,0.28780162,0.2890277
0.58604175,0.58812106,0.8908077,0.28335518,0.30268657,0.30476588,,,0.25441444,0.25689268,,,0.2774263,0.2749852
0.58585346,0.5880768,0.89186126,0.2820689,0.30378455,0.30600786,,,0.2891299,0.2915328,,,0.29119074,0.29173416
0.5775758,0.58060014,0.88865244,0.2695235,0.3080523,0.31107664,,,0.25044626,0.2728063,,,0.2772168,0.2859854
0.5851027,0.5865576,0.8913077,0.2803526,0.30475008,0.30620503,,,0.28721678,0.2792471,,,0.2915681,0.2915905
0.5802351,0.58411705,0.8896904,0.27466178,0.30557334,0.30945528,,,0.26933235,0.276138,,,0.28173405,0.2890092
0.5870732,0.5866511,0.8931399,0.2805844,0.3064888,0.3060667,,,0.2867298,0.2868302,,,0.29260314,0.29246235
0.5830935,0.5817141,0.88877845,0.2760291,0.3070644,0.30568498,,,0.25990063,0.27671796,,,0.2807327,0.28684157
0.5895474,0.57267845,0.8878082,0.27441764,0.31512976,0.2982608,,,0.2663697,0.24242896,,,0.2882623,0.26815927
0.5830968,0.58618474,0.89330673,0.27597475,0.30712205,0.31021,,,0.28054,0.28606778,,,0.2850871,0.28965127
0.58196914,0.58444947,0.8887069,0.27771163,0.3042575,0.30673784,,,0.26345396,0.27057648,,,0.28198516,0.28399688
0.5836779,0.58219385,0.89010835,0.2757634,0.3079145,0.30643046,,,0.2664094,0.26631987,,,0.2842384,0.28145397
0.58085614,0.58134115,0.8895994,0.27259797,0.30825818,0.30874318,,,0.28445083,0.2722916,,,0.28841662,0.2884453
0.5806694,0.5800251,0.88955164,0.27114284,0.30952656,0.30888224,,,0.2782318,0.28924787,,,0.2844352,0.29024118
0.5795515,0.5772105,0.8905472,0.2662148,0.31333673,0.3109957,,,0.27822316,0.26699597,,,0.2876631,0.28600138
0.5805777,0.58194983,0.89055634,0.27197123,0.30860645,0.3099786,,,0.25638098,0.27325946,,,0.27970958,0.2865929
0.58276147,0.58541286,0.8894531,0.27872115,0.3040403,0.3066917,,,0.27780086,0.28904873,,,0.28086197,0.29013264
0.58527017,0.58122313,0.8910092,0.27548409,0.30978608,0.30573905,,,0.28245836,0.26961076,,,0.29581708,0.2846381
0.57476294,0.57941043,0.8882143,0.26595908,0.30880386,0.31345135,,,0.25147158,0.27001488,,,0.27565104,0.28688818
0.5817627,0.5742918,0.8895599,0.26649457,0.3152681,0.30779725,,,0.27167088,0.24213481,,,0.28351325,0.27501392
0.5827646,0.586822,0.8917958,0.27779084,0.30497378,0.30903113,,,0.26782233,0.2830423,,,0.28147405,0.28885812
0.57301414,0.58341444,0.8894507,0.26697785,0.3060363,0.3164366,,,0.2504453,0.25594682,,,0.27289855,0.28549057
0.5824255,0.57933646,0.8901383,0.27162367,0.3108018,0.3077128,,,0.2841062,0.28329188,,,0.29146528,0.28723586
0.58357024,0.5696731,0.88942087,0.26382244,0.3197478,0.30585068,,,0.2902599,0.26484007,,,0.29634017,0.27763706
0.59383947,0.5755309,0.8917082,0.27766222,0.31617725,0.29786867,,,0.28624362,0.2595204,,,0.29735762,0.27597177
0.5788609,0.5832412,0.89076304,0.27133906,0.30752182,0.31190217,,,0.26739526,0.28771698,,,0.2797506,0.29183382
0.5738987,0.5768965,0.89074385,0.26005137,0.3138473,0.31684512,,,0.26233745,0.26718056,,,0.28120023,0.2841131
0.5883225,0.5785038,0.88905853,0.27776772,0.3105548,0.30073607,,,0.28708255,0.2816524,,,0.2893265,0.28450984
0.57535875,0.57906663,0.8881161,0.26630926,0.3090495,0.31275737,,,0.25710094,0.256894,,,0.27777165,0.28237653
0.58420885,0.5722822,0.8884868,0.26800424,0.3162046,0.30427796,,,0.27710235,0.28377587,,,0.29265344,0.28840452
0.5847142,0.5839696,0.8923199,0.27636385,0.30835032,0.30760574,,,0.2573374,0.272708,,,0.27911437,0.28783703
0.57636935,0.58107984,0.8894935,0.26795572,0.30841362,0.31312412,,,0.27615649,0.28476894,,,0.28193843,0.2902143
0.5794544,0.57795745,0.8908794,0.26653242,0.312922,0.31142503,,,0.26757646,0.26055163,,,0.28247762,0.27663136
0.57793176,0.57915425,0.88895446,0.26813155,0.3098002,0.3110227,,,0.2554769,0.2688957,,,0.27929813,0.28467375
0.5822185,0.5801284,0.88871825,0.2736286,0.30858994,0.30649978,,,0.2656743,0.27323478,,,0.28510833,0.28203183
0.5907655,0.58473057,0.8926433,0.28285283,0.30791265,0.30187774,,,0.28246874,0.27245855,,,0.28756648,0.2814911
0.5883255,0.57866085,0.88787204,0.2791143,0.3092112,0.29954654,,,0.27355903,0.27182788,,,0.28944278,0.27804363
0.5783049,0.5784189,0.8880157,0.26870805,0.30959684,0.30971086,,,0.25231624,0.25838697,,,0.27895868,0.2799204
0.5769836,0.58202744,0.88973397,0.26927704,0.30770653,0.3127504,,,0.27890986,0.28386122,,,0.28477144,0.29380918
0.58479834,0.57625973,0.89092195,0.27013612,0.31466222,0.3061236,,,0.24815369,0.2623223,,,0.28319383,0.28131008
0.58263004,0.58033526,0.89113986,0.27182543,0.3108046,0.30850983,,,0.28046757,0.28038204,,,0.2844336,0.28606218
0.5885002,0.580618,0.8912959,0.27782226,0.31067795,0.30279577,,,0.2827648,0.27140933,,,0.29077578,0.27836573
0.59051645,0.5734287,0.88931715,0.27462804,0.3158884,0.29880065,,,0.27714545,0.26192915,,,0.29443228,0.28257513
0.58048576,0.5851427,0.89376175,0.27186668,0.30861908,0.313276,,,0.28034514,0.29540646,,,0.28567874,0.2984714
0.5802314,0.5792875,0.89231545,0.2672035,0.31302792,0.31208402,,,0.26625812,0.27302694,,,0.28430223,0.2868936
0.58607864,0.5866834,0.8912543,0.28150773,0.3045709,0.30517566,,,0.29007953,0.27642524,,,0.29353142,0.2875923
0.59019744,0.58270943,0.8911206,0.28178626,0.30841118,0.30092317,,,0.28585994,0.27858567,,,0.29634356,0.28286952
0.5793457,0.58300114,0.89034766,0.27199918,0.30734652,0.31100196,,,0.23818195,0.27063996,,,0.27047253,0.28759438
0.57673734,0.5787191,0.88852054,0.26693588,0.30980146,0.3117832,,,0.2768231,0.27541673,,,0.28449684,0.2891646
0.58124137,0.58115935,0.89128137,0.27111936,0.310122,0.31004,,,0.27341694,0.28901422,,,0.29097795,0.29535335
0.584671,0.5732435,0.88925475,0.26865977,0.31601125,0.30458373,,,0.2826017,0.27154368,,,0.29221618,0.2833994
0.57662785,0.5822319,0.89036685,0.26849288,0.30813497,0.313739,,,0.26057923,0.2788692,,,0.27787364,0.2895913
0.5890392,0.5790201,0.89088213,0.2771772,0.311862,0.30184287,,,0.2834329,0.2846018,,,0.2927727,0.28945154
0.5827498,0.5809402,0.8911558,0.2725342,0.3102156,0.308406,,,0.2673992,0.25617427,,,0.28562874,0.28179246
0.5830219,0.57652974,0.88962823,0.2699234,0.3130985,0.30660635,,,0.25609648,0.2559653,,,0.28152204,0.2803766
0.5803022,0.58321184,0.8906981,0.27281594,0.30748624,0.3103959,,,0.2749638,0.27094322,,,0.2844072,0.29101264
0.5815268,0.5861647,0.8898624,0.27782905,0.30369776,0.30833566,,,0.26867056,0.27432215,,,0.28386837,0.28497255
0.5854509,0.57922876,0.8898013,0.27487832,0.31057256,0.30435044,,,0.27460366,0.27851433,,,0.2889102,0.2854373
0.58224285,0.57699484,0.8902416,0.268996,0.31324685,0.30799884,,,0.2717129,0.27612185,,,0.28560835,0.28558367
0.5712842,0.57506883,0.8895381,0.2568149,0.31446928,0.31825393,,,0.25907367,0.26834035,,,0.28401077,0.28948027
0.587739,0.57604975,0.88901937,0.27476943,0.31296957,0.30128032,,,0.28013408,0.26842004,,,0.2858811,0.28082043
0.57872164,0.59079504,0.891306,0.2782107,0.30051094,0.31258434,,,0.2899664,0.30009568,,,0.28497487,0.2951846
0.5727351,0.5765805,0.8885375,0.26077807,0.311957,0.31580245,,,0.25955093,0.2425307,,,0.27837616,0.27886713
0.58166826,0.5792365,0.8904593,0.27044547,0.3112228,0.30879104,,,0.26555365,0.27776134,,,0.28392136,0.28740925
0.5718847,0.5810515,0.8879657,0.26497054,0.30691415,0.316081,,,0.24263173,0.26323342,,,0.26987374,0.28969926
0.5750184,0.5770874,0.8893909,0.26271492,0.31230348,0.31437248,,,0.26576614,0.24877936,,,0.28111523,0.27268642
0.57611823,0.58215964,0.88955545,0.26872241,0.30739582,0.31343722,,,0.26528728,0.280724,,,0.28014916,0.2893073
0.5795717,0.58037484,0.89272946,0.2672171,0.31235462,0.31315774,,,0.2810346,0.27106076,,,0.2910841,0.29031295
0.58240044,0.5810445,0.890083,0.27336198,0.30903846,0.3076825,,,0.29048204,0.2667219,,,0.29440254,0.28016776
0.5805687,0.57398075,0.89083976,0.2637096,0.31685907,0.31027114,,,0.2639833,0.24862778,,,0.2812096,0.27191806
0.5796231,0.5860572,0.8905655,0.27511477,0.30450833,0.3109424,,,0.2592398,0.3078087,,,0.27703243,0.30307168
0.58197093,0.5827396,0.8923938,0.2723167,0.30965424,0.3104229,,,0.27528852,0.27603465,,,0.28624874,0.28558785
0.5825286,0.57304424,0.8896332,0.2659397,0.31658888,0.30710453,,,0.25348783,0.25864828,,,0.28367805,0.27811903
0.57824814,0.57951117,0.88735765,0.27040166,0.3078465,0.3091095,,,0.26848435,0.2561916,,,0.28365308,0.28273296
0.58278406,0.58368325,0.8872028,0.2792645,0.30351955,0.30441874,,,0.26071894,0.27781224,,,0.28067946,0.2893101
0.5865195,0.57869345,0.8898921,0.27532077,0.3111987,0.30337268,,,0.2748074,0.2759956,,,0.29078788,0.29006034
0.5782457,0.5829599,0.8896896,0.2715159,0.3067298,0.31144398,,,0.27173525,0.27965432,,,0.28689486,0.29413408
0.57489717,0.58240354,0.888507,0.2687937,0.30610347,0.31360984,,,0.25835937,0.26185703,,,0.27911192,0.27713168
0.5868776,0.57938015,0.8905183,0.27573943,0.31113815,0.30364072,,,0.29375017,0.28454345,,,0.2970006,0.28858578
0.57966304,0.58774614,0.8913766,0.27603257,0.30363047,0.31171358,,,0.27490735,0.2666797,,,0.2883675,0.28465044
0.5834821,0.5805768,0.8862101,0.27784884,0.30563325,0.30272794,,,0.27538508,0.26230174,,,0.2833525,0.27848643
0.58936805,0.5779074,0.8881029,0.27917254,0.3101955,0.29873484,,,0.27667665,0.27170515,,,0.2836122,0.27440298
0.58334047,0.5780876,0.88821673,0.27321136,0.3101291,0.30487627,,,0.2827357,0.26539803,,,0.289456,0.27411497
0.5795574,0.5818155,0.890775,0.27059788,0.30895954,0.3112176,,,0.28359962,0.27838153,,,0.28913492,0.2867285
0.5818256,0.57150686,0.88774896,0.26558352,0.3162421,0.30592334,,,0.25036263,0.25559753,,,0.27916938,0.27297693
0.5793456,0.58190393,0.88877904,0.27247047,0.3068751,0.30943346,,,0.2653901,0.2580902,,,0.28157377,0.27773112
0.5810592,0.5790874,0.89039594,0.26975065,0.31130856,0.30933672,,,0.2713663,0.25075042,,,0.2885055,0.27899343
0.58236635,0.5889274,0.89305663,0.2782371,0.30412924,0.31069028,,,0.2806484,0.28926957,,,0.28642046,0.28960133
0.57783437,0.57579565,0.8892494,0.26438063,0.31345373,0.31141502,,,0.26403058,0.2733931,,,0.2893923,0.28745598
0.5817694,0.5784852,0.88690394,0.27335066,0.30841875,0.30513453,,,0.25886828,0.24732071,,,0.27992785,0.27587622
0.5880536,0.5830021,0.89177567,0.27928,0.30877358,0.30372208,,,0.291731,0.29319823,,,0.29736644,0.2919346
0.5761957,0.5801587,0.8865876,0.2697668,0.3064289,0.3103919,,,0.2753117,0.25867897,,,0.28267807,0.27791238
0.57126415,0.5892681,0.88845277,0.27207947,0.29918468,0.31718862,,,0.24235076,0.27710062,,,0.2712509,0.2909978
0.58063406,0.57774377,0.88842225,0.26995564,0.31067842,0.30778813,,,0.25974703,0.27513444,,,0.2836061,0.28847086
0.5839473,0.5801183,0.8907015,0.27336413,0.31058317,0.30675417,,,0.28264463,0.29112834,,,0.28828317,0.29044062
0.5816703,0.5789336,0.8914368,0.26916707,0.31250322,0.30976653,,,0.2730732,0.2804203,,,0.28741312,0.28983897
0.583276,0.5823643,0.8907907,0.27484965,0.30842632,0.30751467,,,0.27105665,0.28616524,,,0.2868529,0.29106098
0.58449316,0.580114,0.8901494,0.27445775,0.3100354,0.30565625,,,0.2791465,0.27767938,,,0.29074508,0.2841168
0.5741705,0.58141387,0.8892276,0.2663567,0.30781376,0.31505716,,,0.27625215,0.2854728,,,0.28483403,0.28915828
0.5885157,0.57821226,0.89012164,0.27660638,0.31190932,0.30160588,,,0.25616413,0.26667625,,,0.28411663,0.27907223
0.57778764,0.58092076,0.88846827,0.27024007,0.30754757,0.3106807,,,0.25650072,0.27602273,,,0.2760254,0.29128057
0.5782975,0.5753838,0.8899879,0.2636934,0.3146041,0.3116904,,,0.26467055,0.2653489,,,0.28449214,0.28839105
0.5789191,0.581265,0.8894173,0.27076685,0.30815226,0.31049812,,,0.2723918,0.2735641,,,0.28481674,0.2853524
0.58581614,0.58407617,0.8908406,0.27905172,0.30676442,0.30502445,,,0.2783447,0.2645864,,,0.2861547,0.28089517
0.5897794,0.58739775,0.8920648,0.28511238,0.304667,0.30228537,,,0.27870578,0.30101895,,,0.28817797,0.29484236
0.57560015,0.5797545,0.88792515,0.26742947,0.30817068,0.312325,,,0.24547964,0.26461464,,,0.2738455,0.28159612
0.5836526,0.5742594,0.8887462,0.2691658,0.3144868,0.3050936,,,0.27434635,0.26668465,,,0.2886325,0.2771396
0.58502203,0.5768343,0.8898794,0.271977,0.31304502,0.3048573,,,0.2840674,0.27951056,,,0.2898724,0.2859143
0.5749106,0.57775855,0.8880668,0.26460236,0.31030822,0.3131562,,,0.27491015,0.25709647,,,0.28389513,0.27777994
0.59158456,0.57649773,0.8895168,0.27856547,0.3130191,0.29793227,,,0.2916053,0.26904738,,,0.2927348,0.28136277
0.58204865,0.5801218,0.88926834,0.27290207,0.30914658,0.30721974,,,0.27791327,0.27726775,,,0.28641635,0.28192532
0.5777469,0.5790418,0.88870317,0.26808554,0.3096614,0.31095624,,,0.2466383,0.25672567,,,0.2775873,0.28051847
0.58038086,0.5767616,0.8911099,0.26603252,0.31434834,0.3107291,,,0.26525736,0.25482976,,,0.28456825,0.27335823
0.58130515,0.5798428,0.89084643,0.27030152,0.31100363,0.30954129,,,0.2846747,0.2789151,,,0.28975224,0.28718328
0.5757555,0.58499295,0.8900732,0.2706753,0.30508018,0.31431764,,,0.27430058,0.27110195,,,0.2811072,0.28633702
0.58436567,0.5759171,0.8913619,0.26892096,0.3154447,0.30699617,,,0.27889717,0.25949746,,,0.2928182,0.27968585
0.5850267,0.58032036,0.89067006,0.27467704,0.31034964,0.30564332,,,0.267888,0.25337356,,,0.28800195,0.27723938
0.5847981,0.57511044,0.89098865,0.2689199,0.3158782,0.30619055,,,0.2800535,0.2707451,,,0.29702657,0.28396744
0.57951224,0.58492464,0.8901659,0.2742709,0.30524135,0.31065375,,,0.23732954,0.26216054,,,0.26901346,0.28292358
0.58002025,0.57352495,0.88881916,0.26472598,0.31529427,0.30879897,,,0.25814104,0.25575876,,,0.27994817,0.27635044
0.5791657,0.58267385,0.8928788,0.2689607,0.31020498,0.31371313,,,0.2734182,0.285672,,,0.285523,0.29451948
0.5818106,0.5822832,0.88940287,0.27469087,0.30711973,0.30759233,,,0.27654767,0.28032964,,,0.2826292,0.28873718
0.5842527,0.57920384,0.88874745,0.2747091,0.3095436,0.30449474,,,0.25359052,0.27034444,,,0.28048414,0.28411704
0.588356,0.58035505,0.89159155,0.27711952,0.3112365,0.30323553,,,0.27977633,0.26963556,,,0.28598917,0.28611553
0.5836886,0.5834731,0.8905437,0.276618,0.3070706,0.30685508,,,0.27127767,0.27815032,,,0.29197824,0.2870615
0.5816762,0.5819762,0.8888524,0.2748,0.30687618,0.30717617,,,0.29135662,0.28112286,,,0.29466242,0.285237
0.58074105,0.58416927,0.89135295,0.27355736,0.30718368,0.3106119,,,0.26720846,0.27648938,,,0.282516,0.28529876
0.58956265,0.5775517,0.88837904,0.27873534,0.3108273,0.29881638,,,0.27690995,0.27113128,,,0.2908709,0.28260618
0.57699454,0.5794225,0.8913753,0.2650417,0.31195283,0.31438076,,,0.26724815,0.273373,,,0.28353673,0.28923035
0.5760137,0.5741366,0.8889369,0.26121342,0.31480026,0.3129232,,,0.26179034,0.27627462,,,0.2801854,0.28963327
0.579146,0.5744237,0.89014685,0.26342285,0.31572318,0.31100082,,,0.2888047,0.2698291,,,0.2968791,0.28532726
0.5877028,0.5810907,0.89085007,0.27794337,0.30975944,0.30314732,,,0.28352457,0.27784896,,,0.29001677,0.28262442
0.5894642,0.5777855,0.89105225,0.27619743,0.31326675,0.30158806,,,0.2920801,0.2746194,,,0.2969311,0.28303277
0.5826935,0.5883745,0.8891501,0.28191787,0.30077565,0.30645663,,,0.26409602,0.27148587,,,0.28383476,0.28833085
0.57660854,0.58024526,0.8896349,0.2672189,0.30938965,0.31302637,,,0.27772892,0.25994313,,,0.28232265,0.277869
0.5754348,0.58021414,0.8906902,0.26495874,0.31047606,0.3152554,,,0.27815938,0.25120586,,,0.28778338,0.27917212
0.585909,0.5861838,0.8916525,0.28044027,0.30546874,0.30574352,,,0.3000123,0.29638767,,,0.2953297,0.29521918
0.5793222,0.57843065,0.888288,0.26946485,0.30985737,0.3089658,,,0.2846703,0.28614926,,,0.2939027,0.2919317
0.58719385,0.57516783,0.88938266,0.27297896,0.3142149,0.30218887,,,0.27805024,0.26237428,,,0.2915603,0.28136528
0.58166975,0.57725394,0.88896704,0.2699566,0.31171316,0.30729735,,,0.26799136,0.28359753,,,0.2882173,0.2920305
0.5863327,0.58727515,0.8897011,0.2839067,0.30242598,0.30336845,,,0.2732408,0.277968,,,0.28254598,0.28467977
0.585397,0.5803778,0.8881224,0.27765244,0.30774456,0.30272537,,,0.29372668,0.2609021,,,0.29636574,0.27763999
0.57489735,0.5826732,0.8889458,0.26862478,0.30627257,0.3140484,,,0.26177412,0.25893575,,,0.2781285,0.2794698
0.57631797,0.5796048,0.89057535,0.26534742,0.31097054,0.31425738,,,0.25302625,0.25200945,,,0.27790552,0.2809202
0.57217884,0.5836233,0.8900625,0.26573962,0.30643922,0.31788367,,,0.24415922,0.27273202,,,0.27015013,0.291767
0.582366,0.58473754,0.88879246,0.27831107,0.30405492,0.30642647,,,0.27389812,0.2773875,,,0.2854315,0.28664517
0.5794381,0.58352375,0.89250326,0.27045858,0.3089795,0.31306517,,,0.28197765,0.25789368,,,0.29311597,0.28212625
0.588318,0.5826403,0.891114,0.27984428,0.3084737,0.302796,,,0.27944297,0.26649225,,,0.29181093,0.2861647
0.58975136,0.5782104,0.89193743,0.2760244,0.31372696,0.302186,,,0.2853676,0.2769239,,,0.29627258,0.28030753
0.5729041,0.57882774,0.88760936,0.2641225,0.30878162,0.31470525,,,0.25777256,0.25588328,,,0.28121668,0.27890843
0.5770594,0.57967037,0.8911124,0.2656173,0.31144208,0.31405306,,,0.27004725,0.2721625,,,0.283983,0.2862199
0.5839642,0.5845561,0.8907162,0.27780414,0.3061601,0.30675197,,,0.2597673,0.27026397,,,0.27812958,0.28313226
0.5750185,0.58164966,0.8883072,0.26836097,0.30665755,0.3132887,,,0.26290315,0.27381468,,,0.2814942,0.28666443
0.58098793,0.58017105,0.89227337,0.26888567,0.31210226,0.31128538,,,0.26110923,0.27736962,,,0.2813503,0.2899598
0.5765875,0.5744244,0.8878931,0.26311886,0.31346864,0.31130552,,,0.27926415,0.2776168,,,0.28735507,0.28256208
0.5879033,0.5891941,0.89171314,0.2853843,0.30251902,0.30380982,,,0.25968724,0.27305996,,,0.27891958,0.28703278
0.5855,0.5806408,0.89198047,0.27416033,0.31133968,0.30648047,,,0.30575275,0.28389895,,,0.30170035,0.2916972
0.58345485,0.57680416,0.8918704,0.26838863,0.31506622,0.30841553,,,0.2901199,0.27217144,,,0.29658794,0.28712523
0.58096397,0.58228683,0.8921767,0.27107412,0.30988985,0.31121272,,,0.27788275,0.26385397,,,0.28344756,0.2843669
0.5705722,0.5771972,0.8865768,0.26119268,0.30937952,0.3160045,,,0.24890673,0.26238322,,,0.27092046,0.28452724
0.58367217,0.5911728,0.8921539,0.28269106,0.3009811,0.30848175,,,0.3024915,0.30035383,,,0.29239112,0.2980711
0.58473384,0.58724594,0.89081764,0.28116214,0.3035717,0.3060838,,,0.26003027,0.27645278,,,0.28219813,0.2869419
0.5795968,0.59005845,0.88953733,0.280118,0.29947883,0.30994046,,,0.26700455,0.2529902,,,0.27686584,0.27889693
0.58476156,0.5802177,0.8911873,0.2737919,0.31096965,0.3064258,,,0.26686704,0.2647943,,,0.28468305,0.28038472
0.5867242,0.57144797,0.8875579,0.2706142,0.31611001,0.30083376,,,0.2501471,0.23787099,,,0.28200012,0.2656166
0.58469015,0.58191043,0.89146084,0.27513975,0.3095504,0.30677068,,,0.26078153,0.2732771,,,0.28240764,0.28180557
0.59445286,0.58385587,0.89272255,0.28558618,0.30886668,0.2982697,,,0.28746486,0.27206314,,,0.29565477,0.28245914
0.58328974,0.57971257,0.88979137,0.27321088,0.31007886,0.3065017,,,0.26740062,0.27825725,,,0.28721732,0.28699017
0.576283,0.578562,0.8893677,0.2654773,0.31080568,0.31308472,,,0.24464095,0.27733415,,,0.27842563,0.2864176
0.58563364,0.5769805,0.8900939,0.27252018,0.31311345,0.3044603,,,0.29093295,0.2632227,,,0.2992713,0.2811011
0.5785719,0.5816783,0.8901836,0.27006656,0.30850536,0.3116117,,,0.25055146,0.26841187,,,0.27479875,0.28419858
0.5855025,0.5697487,0.889824,0.2654273,0.3200752,0.3043214,,,0.26309878,0.257972,,,0.28415793,0.27204216
0.5890353,0.5912099,0.88968366,0.2905615,0.29847378,0.3006484,,,0.26083428,0.271639,,,0.28078187,0.2903387
0.58406097,0.5866614,0.89069045,0.28003192,0.30402905,0.30662948,,,0.27686846,0.28309172,,,0.28862315,0.29124326
0.58187175,0.5840869,0.88968956,0.27626908,0.30560267,0.30781782,,,0.2782731,0.26649088,,,0.2903599,0.28585452
0.5831847,0.583088,0.8913478,0.2749248,0.3082599,0.30816317,,,0.2538489,0.2890861,,,0.2794531,0.29611933
0.5872121,0.58175695,0.89150286,0.27746618,0.3097459,0.30429077,,,0.26662874,0.24783611,,,0.28074998,0.27702785
0.5785397,0.57070786,0.8884517,0.26079595,0.31774378,0.3099119,,,0.2818507,0.25302792,,,0.29287905,0.27434146
0.5827304,0.581907,0.8904905,0.27414685,0.30858356,0.30776012,,,0.2826692,0.2761991,,,0.28755814,0.28958702
0.58584565,0.58037865,0.89021784,0.2760064,0.30983925,0.30437225,,,0.2718976,0.28198928,,,0.2839185,0.28664404
0.5739644,0.58505976,0.8899898,0.26903445,0.30492997,0.31602532,,,0.26772255,0.28208554,,,0.28157455,0.29013753
0.58666414,0.58468395,0.8921541,0.279194,0.30747014,0.30548996,,,0.28786123,0.27948588,,,0.29280168,0.28940517
0.5818604,0.58077496,0.8910672,0.27156812,0.3102923,0.30920684,,,0.29305577,0.27823687,,,0.29194003,0.2904353
0.5852815,0.5761452,0.88841057,0.2730161,0.3122654,0.30312908,,,0.26146156,0.273318,,,0.28188163,0.280986
0.58449996,0.5851303,0.8896558,0.27997446,0.3045255,0.3051558,,,0.27831405,0.31098157,,,0.28467828,0.29856163
0.57621855,0.58155197,0.8869398,0.2708307,0.30538785,0.31072128,,,0.23525947,0.2536503,,,0.2678706,0.27524406
0.58036315,0.58709216,0.89056224,0.27689308,0.30347008,0.31019908,,,0.2567039,0.2666703,,,0.2830038,0.28307843
0.5832942,0.58565205,0.89198065,0.27696562,0.3063286,0.30868644,,,0.27519202,0.28535002,,,0.2873969,0.29126364
0.5763867,0.57993907,0.88916993,0.2671559,0.3092308,0.31278318,,,0.23706532,0.23238254,,,0.2726822,0.27377832
0.587101,0.57652646,0.89047235,0.27315503,0.31394595,0.30337143,,,0.27762967,0.265526,,,0.2905994,0.2799334
0.5805113,0.5721474,0.8896401,0.2630186,0.31749266,0.30912882,,,0.27095473,0.27096498,,,0.28581446,0.28158712
0.5875287,0.5779785,0.89145195,0.27405524,0.31347346,0.30392325,,,0.27990144,0.27172816,,,0.286842,0.28473473
0.58618325,0.576028,0.8888229,0.27338827,0.31279498,0.30263972,,,0.257792,0.250233,,,0.28442883,0.273511
0.5831994,0.5893959,0.89198333,0.28061193,0.30258745,0.30878395,,,0.2806269,0.27797818,,,0.28789228,0.28932565
0.5771106,0.5832777,0.8920502,0.26833802,0.30877256,0.31493968,,,0.27443433,0.2688833,,,0.2877913,0.2843156
0.5764753,0.58016425,0.8891643,0.26747525,0.30900007,0.312689,,,0.27063966,0.26945454,,,0.28493428,0.2878183
0.57781655,0.57660675,0.8888351,0.26558816,0.31222838,0.3110186,,,0.26813555,0.28229254,,,0.2799605,0.28739303
0.57102674,0.5674456,0.8867798,0.25169253,0.3193342,0.31575304,,,0.23808867,0.2604559,,,0.2712447,0.2806911
0.57279766,0.5686642,0.8892446,0.25221723,0.32058042,0.31644696,,,0.24453211,0.25881022,,,0.27784598,0.28649002
0.5816082,0.58300185,0.8910826,0.27352744,0.30808073,0.3094744,,,0.26932478,0.29079878,,,0.2816531,0.28898084
0.5785374,0.58787876,0.890439,0.2759772,0.3025602,0.31190157,,,0.26414257,0.2890029,,,0.2841202,0.29560387
0.5806936,0.5884154,0.8905645,0.2785445,0.30214912,0.3098709,,,0.2943781,0.2756328,,,0.28705436,0.29144156
0.57485145,0.5760091,0.8871034,0.26375717,0.31109428,0.31225193,,,0.25747037,0.25239855,,,0.281344,0.28072536
0.5832367,0.5761297,0.88910085,0.27026552,0.31297117,0.30586416,,,0.27273655,0.26171494,,,0.2875343,0.2849788
0.57617915,0.5796897,0.8865502,0.26931858,0.30686057,0.3103711,,,0.2330609,0.26357627,,,0.2721095,0.28351378
0.5812546,0.58478713,0.89152956,0.27451217,0.30674243,0.31027496,,,0.26894468,0.27938294,,,0.28408813,0.29377794
0.57943195,0.57350004,0.88800824,0.2649237,0.31450826,0.30857635,,,0.26120502,0.2613411,,,0.2829218,0.28196335
0.5806428,0.5814604,0.88870424,0.27339894,0.30724388,0.30806148,,,0.27787942,0.29124928,,,0.2870468,0.2941072
0.5855236,0.5827023,0.88952017,0.27870572,0.3068179,0.30399656,,,0.28134048,0.26256996,,,0.2897088,0.2754507
0.5799085,0.5766551,0.88922673,0.2673368,0.3125717,0.3093183,,,0.28490436,0.2696311,,,0.29542732,0.28624183
0.5796592,0.57965577,0.8903719,0.26894307,0.31071615,0.3107127,,,0.27300495,0.27797842,,,0.28895426,0.28900325
0.5841283,0.58144367,0.891531,0.27404094,0.31008738,0.30740273,,,0.26635522,0.2643358,,,0.2848171,0.2841882
0.57983947,0.57305473,0.8888427,0.26405156,0.3157879,0.30900317,,,0.2813558,0.27827233,,,0.28704423,0.28508335
0.5763812,0.5826706,0.88961303,0.26943886,0.30694234,0.31323177,,,0.25901204,0.2613644,,,0.2762584,0.28578776
0.57142425,0.5804082,0.8899836,0.26184887,0.30957538,0.31855935,,,0.2397961,0.25379622,,,0.2707364,0.28242034
0.5778464,0.5884814,0.88980764,0.2765202,0.30132622,0.31196123,,,0.2617324,0.27559316,,,0.27267075,0.2879637
0.5804679,0.58438945,0.8908186,0.2740388,0.3064291,0.31035066,,,0.28044444,0.2860285,,,0.28464496,0.29126024
0.57925683,0.58316654,0.89159924,0.27082413,0.3084327,0.3123424,,,0.26926804,0.2881657,,,0.28294492,0.2937438
0.57414126,0.57784784,0.8899152,0.26207387,0.3120674,0.31577396,,,0.2630682,0.2771082,,,0.28507888,0.28762102
0.58326924,0.58932126,0.8903359,0.28225458,0.30101466,0.30706668,,,0.3002491,0.29155982,,,0.29355633,0.29384917
0.5757729,0.5901902,0.8929328,0.27303028,0.3027426,0.3171599,,,0.26748264,0.28680944,,,0.28048056,0.2990545
0.5835434,0.58038914,0.890291,0.2736416,0.30990183,0.30674756,,,0.29207295,0.2782362,,,0.2985301,0.28817135
0.5872699,0.5745008,0.8892502,0.27252048,0.31474942,0.30198032,,,0.2749256,0.26615405,,,0.28497815,0.2833141
0.5836051,0.5888913,0.8907613,0.28173512,0.30187,0.3071562,,,0.28177416,0.27430075,,,0.28738976,0.28797334
0.5782412,0.5783706,0.89216864,0.26444316,0.31379807,0.3139274,,,0.27040154,0.2796216,,,0.28709584,0.288307
0.58999383,0.57890964,0.89055705,0.27834642,0.31164742,0.30056322,,,0.25910574,0.27419102,,,0.28500223,0.28745723
0.58069354,0.58081555,0.88875973,0.2727493,0.30794424,0.30806625,,,0.26595908,0.24119687,,,0.2837115,0.27528143
0.5775914,0.58391416,0.8892514,0.27225417,0.30533725,0.31166,,,0.2507776,0.26253676,,,0.27625108,0.28379148
0.5796571,0.5712426,0.88769805,0.2632016,0.31645548,0.30804098,,,0.26402116,0.2605607,,,0.2837454,0.27814686
0.57833433,0.5824586,0.8886496,0.27214336,0.30619097,0.31031525,,,0.2700119,0.22807169,,,0.28253442,0.27101225
0.57888293,0.5843489,0.89096016,0.2722717,0.30661124,0.31207722,,,0.28805506,0.3108784,,,0.292284,0.29950905
0.58385617,0.5763403,0.89103556,0.269161,0.31469518,0.30717933,,,0.26521254,0.27528048,,,0.2841106,0.28699356
0.5833769,0.5844205,0.8906772,0.2771201,0.30625677,0.3073004,,,0.27040982,0.27824563,,,0.28151453,0.28204292
0.5886445,0.572663,0.89123726,0.2700703,0.3185742,0.3025927,,,0.27772528,0.26138216,,,0.29778266,0.2747904
0.5823953,0.5766378,0.8877002,0.27133286,0.31106246,0.30530494,,,0.2514844,0.24430394,,,0.27822483,0.2735722
0.58490855,0.58572114,0.89028466,0.28034508,0.30456346,0.30537605,,,0.2803827,0.26608658,,,0.287516,0.28081864
0.5771275,0.5805263,0.889184,0.2684698,0.3086577,0.31205648,,,0.26990563,0.27917528,,,0.2809497,0.28632838
0.58512765,0.5810281,0.8926097,0.2735461,0.31158155,0.307482,,,0.29084826,0.29540807,,,0.29363447,0.29022193
0.5859765,0.58176553,0.8907418,0.2770002,0.3089763,0.30476534,,,0.28263122,0.2771173,,,0.29076493,0.28787094
0.5826679,0.57961315,0.8907881,0.27149296,0.31117493,0.3081202,,,0.26673973,0.27086192,,,0.28582913,0.284459
0.58602643,0.5859866,0.89117545,0.2808376,0.30518883,0.30514902,,,0.27451032,0.2673242,,,0.28180313,0.2839749
0.58786106,0.5798311,0.8918973,0.27579486,0.3120662,0.30403626,,,0.26237154,0.28054446,,,0.28664005,0.28915447
0.5762341,0.57934475,0.88995636,0.2656225,0.3106116,0.31372225,,,0.27293795,0.25879943,,,0.28353274,0.27896637
0.5771799,0.58453834,0.89009476,0.2716235,0.30555642,0.31291485,,,0.2706545,0.2702232,,,0.28393078,0.28661603
0.5802143,0.58225656,0.889754,0.27271682,0.3074975,0.30953974,,,0.2498787,0.28011662,,,0.27695966,0.28920537
0.59050196,0.5751385,0.8894047,0.27623576,0.3142662,0.29890275,,,0.28645945,0.2807752,,,0.29443413,0.28418517
0.57966423,0.5799811,0.8883247,0.27132064,0.3083436,0.30866045,,,0.2759812,0.2748574,,,0.28965425,0.28454137
0.57954955,0.5832819,0.8907832,0.27204823,0.30750132,0.31123364,,,0.28400797,0.2582689,,,0.28986055,0.28184062
0.582571,0.5847868,0.8904444,0.2769134,0.30565763,0.30787337,,,0.2790112,0.2875926,,,0.28852767,0.28982943
0.5916321,0.5794164,0.8898024,0.28124613,0.310386,0.29817027,,,0.2773515,0.26628125,,,0.29255295,0.27454513
0.57715255,0.57740915,0.88857037,0.2659914,0.31116116,0.31141776,,,0.27861542,0.27354538,,,0.28700495,0.28270411
0.5817843,0.5829697,0.8900837,0.27467036,0.30711395,0.30829936,,,0.28600097,0.28208214,,,0.28822798,0.287583
0.576033,0.5748857,0.8881092,0.26280951,0.31322348,0.3120762,,,0.24739128,0.27125067,,,0.2779383,0.288534
0.581997,0.5830873,0.88966465,0.2754197,0.30657727,0.3076676,,,0.26046222,0.25452948,,,0.28378952,0.281497
0.5884576,0.58541274,0.8915569,0.2823134,0.30614418,0.30309933,,,0.29003412,0.27328134,,,0.2908206,0.28302884
0.57776785,0.57953006,0.8913124,0.26598543,0.31178242,0.31354463,,,0.26496297,0.27256185,,,0.28515685,0.2880615
0.5842706,0.5735081,0.88998425,0.2677945,0.3164761,0.3057136,,,0.28052574,0.25141013,,,0.28759706,0.2730475
0.574553,0.57915854,0.8876585,0.26605308,0.30849993,0.31310546,,,0.29193616,0.2466265,,,0.2969637,0.27790928
0.58394146,0.58158755,0.8897462,0.27578282,0.30815864,0.30580473,,,0.27193195,0.28442436,,,0.28422743,0.28623414
0.58849406,0.5832113,0.8909652,0.28074014,0.30775392,0.30247116,,,0.28726643,0.2704922,,,0.29381454,0.28410214
0.5777588,0.5858418,0.89235455,0.27124602,0.30651277,0.31459576,,,0.25455093,0.27483577,,,0.2769332,0.29237163
0.5851152,0.5923582,0.8912786,0.28619468,0.2989205,0.3061635,,,0.2906885,0.28707254,,,0.28477627,0.2903576
0.57808703,0.58809876,0.89307165,0.2731142,0.30497283,0.31498456,,,0.28833336,0.2765581,,,0.29204184,0.2901219
0.58521146,0.57798666,0.8892731,0.273925,0.31128645,0.30406165,,,0.28594768,0.26734942,,,0.29584128,0.2833286
0.5778551,0.586297,0.8894574,0.27469474,0.30316037,0.31160223,,,0.25646466,0.27614146,,,0.28097475,0.29169273
0.57326925,0.57844806,0.8896769,0.26204038,0.31122887,0.31640768,,,0.24825287,0.29535693,,,0.27745253,0.2943585
0.5814898,0.5865945,0.8901317,0.27795267,0.30353713,0.30864185,,,0.2739479,0.27774835,,,0.28701496,0.28936893
0.5778173,0.5855683,0.89006776,0.27331787,0.30449945,0.31225044,,,0.2731406,0.27050865,,,0.29095542,0.2879724
0.5706769,0.57215905,0.8873783,0.2554577,0.31521922,0.31670135,,,0.24043816,0.25108176,,,0.2686692,0.2708211
0.5841563,0.5810105,0.8902381,0.27492875,0.30922753,0.30608177,,,0.25238955,0.25148767,,,0.2769838,0.2784958
0.58355534,0.5799693,0.8902575,0.27326715,0.3102882,0.30670214,,,0.27956003,0.27012974,,,0.2865821,0.27813017
0.5796559,0.57824796,0.889647,0.2682569,0.31139898,0.30999106,,,0.2617122,0.27103233,,,0.2823841,0.28530407
0.5818238,0.5747087,0.8882779,0.26825464,0.3135692,0.30645406,,,0.2804755,0.2631256,,,0.29027855,0.2772885
0.58046573,0.5792974,0.8892959,0.27046722,0.3099985,0.3088302,,,0.25106406,0.2621503,,,0.27805662,0.28124058
0.57857955,0.580914,0.8892783,0.27021527,0.30836427,0.31069875,,,0.2535411,0.2784071,,,0.2770669,0.2876414
0.5747776,0.5806643,0.8905838,0.26485807,0.30991954,0.3158062,,,0.27661335,0.25803435,,,0.287587,0.28253716
0.5818149,0.58019865,0.8885824,0.27343112,0.30838376,0.30676752,,,0.259929,0.2598952,,,0.27613002,0.27483422
0.5807083,0.5781977,0.8869482,0.27195776,0.30875057,0.30623996,,,0.26813823,0.2663203,,,0.28787893,0.2845615
0.5849135,0.57665837,0.88992274,0.27164912,0.31326437,0.30500925,,,0.2921654,0.26255894,,,0.2931838,0.27622104
0.5800333,0.58550143,0.89147586,0.27405888,0.30597442,0.31144255,,,0.27957994,0.28183514,,,0.28481477,0.293644
0.5813561,0.58006406,0.8899974,0.27142268,0.30993342,0.30864137,,,0.27845848,0.27666152,,,0.29050213,0.2896518
0.58301234,0.5770719,0.88977957,0.27030468,0.31270766,0.30676723,,,0.26259804,0.2835784,,,0.28305727,0.2870695
0.5840666,0.5868123,0.89310575,0.27777314,0.3062935,0.30903918,,,0.28048384,0.29893893,,,0.28951436,0.2967375
0.58426934,0.5850307,0.8910783,0.2782218,0.30604756,0.3068089,,,0.28103638,0.27319896,,,0.28667134,0.2857874
0.58305335,0.5779139,0.8919662,0.269001,0.31405234,0.30891287,,,0.28349745,0.27711862,,,0.2917025,0.28370202
0.5843638,0.5801879,0.8893192,0.27523255,0.30913126,0.30495536,,,0.27581692,0.24585444,,,0.28654003,0.27610058
0.57812464,0.5770491,0.8891696,0.2660042,0.31212044,0.31104487,,,0.2733003,0.26836556,,,0.28596395,0.28064764
0.5821663,0.5805462,0.891177,0.27153558,0.31063074,0.30901062,,,0.2715199,0.26670927,,,0.28498435,0.2813089
0.57757676,0.5701411,0.88649106,0.26122677,0.31634998,0.3089143,,,0.27601552,0.24770707,,,0.28989398,0.2695095
0.5810722,0.57909596,0.88994956,0.2702186,0.3108536,0.30887735,,,0.27053773,0.25208944,,,0.28609407,0.2789588
0.5770683,0.57856125,0.88741845,0.2682112,0.30885714,0.31035006,,,0.2570358,0.2718441,,,0.2787285,0.28555715
0.5822941,0.58287334,0.88875073,0.27641672,0.3058774,0.30645663,,,0.25988334,0.2601086,,,0.28085792,0.27895808
0.58515716,0.5835197,0.88961536,0.2790615,0.30609566,0.3044582,,,0.26260424,0.277744,,,0.2825004,0.28937036
0.5734658,0.5798799,0.88748914,0.26585656,0.30760926,0.31402332,,,0.26358837,0.27825075,,,0.283782,0.287417
0.57544476,0.57933116,0.88694835,0.2678275,0.30761725,0.31150365,,,0.24419397,0.25468332,,,0.27363205,0.27718157
0.58046734,0.582419,0.88875973,0.27412665,0.3063407,0.30829233,,,0.2776457,0.25334597,,,0.28927457,0.28086025
0.58202493,0.5719889,0.8902871,0.26372677,0.31829816,0.3082621,,,0.287597,0.27850747,,,0.29206288,0.28295422
0.58168924,0.58166265,0.8914243,0.2719276,0.30976164,0.30973506,,,0.2620899,0.2518468,,,0.2815988,0.27937466
0.58866644,0.5825631,0.8929486,0.27828097,0.31038547,0.30428213,,,0.29164892,0.2813081,,,0.29471093,0.28710866
0.5830427,0.58428955,0.89296436,0.2743678,0.30867487,0.30992174,,,0.2674042,0.25619984,,,0.28181547,0.28303528
0.5771189,0.5847498,0.8895426,0.2723261,0.30479276,0.3124237,,,0.26688033,0.26664978,,,0.27738982,0.28727484
0.5820606,0.5783069,0.8897642,0.2706033,0.31145728,0.3077036,,,0.28224248,0.26007766,,,0.28678042,0.28134888
0.57879746,0.5765989,0.88923824,0.2661581,0.31263936,0.31044078,,,0.27090865,0.26269996,,,0.28674364,0.28315973
0.5823214,0.589557,0.89171517,0.28016317,0.30215824,0.30939382,,,0.25462574,0.26986003,,,0.27750063,0.28676456
0.5839945,0.5825765,0.88994443,0.2766266,0.30736792,0.30594993,,,0.26163173,0.27493763,,,0.2788298,0.28271824
0.57398,0.5890771,0.88705295,0.27600414,0.29797584,0.31307298,,,0.2649833,0.27260947,,,0.28005904,0.2874804
0.5752827,0.58275384,0.88844085,0.26959562,0.30568707,0.3131582,,,0.28540665,0.27940398,,,0.28609902,0.28870916
0.5934613,0.5715774,0.89058965,0.27444905,0.31901222,0.29712838,,,0.300771,0.24550885,,,0.3019206,0.26302373
0.5712483,0.57582283,0.888001,0.2590701,0.3121782,0.31675273,,,0.24401683,0.26978093,,,0.2721541,0.28380167
0.59052765,0.58663154,0.890628,0.2865312,0.30399644,0.30010033,,,0.28502256,0.2737614,,,0.28691006,0.283781
0.5783844,0.5789348,0.8889588,0.26836038,0.31002402,0.3105744,,,0.2826562,0.2703331,,,0.2879532,0.28772634
0.5880349,0.5804602,0.8908894,0.27760577,0.31042916,0.30285442,,,0.27131957,0.2715959,,,0.2841267,0.28311843
0.58826303,0.5874729,0.8915433,0.28419262,0.3040704,0.3032803,,,0.26384765,0.29395676,,,0.2824049,0.28939968
0.5745906,0.5849372,0.8909597,0.2685681,0.30602252,0.31636912,,,0.2667765,0.27853024,,,0.27840114,0.28543812
0.5787537,0.5832982,0.88912004,0.27293187,0.30582184,0.31036633,,,0.25876474,0.2792431,,,0.27706814,0.291323
0.5909037,0.57736576,0.8918562,0.2764132,0.3144905,0.30095255,,,0.29762036,0.27148873,,,0.29485947,0.27879906
0.57956505,0.57599324,0.887722,0.26783633,0.31172872,0.3081569,,,0.26625508,0.26267463,,,0.2895211,0.27805626
0.5827764,0.58547187,0.888994,0.27925432,0.3035221,0.30621755,,,0.2615602,0.2524979,,,0.28436363,0.2799917
0.5742863,0.5755155,0.88695943,0.2628423,0.31144398,0.3126732,,,0.24261642,0.25009203,,,0.27462018,0.2789749
0.5817866,0.5772022,0.88994634,0.26904237,0.3127442,0.30815983,,,0.2834168,0.26965934,,,0.2889682,0.28252208
0.5819663,0.5772639,0.8901933,0.26903695,0.31292933,0.30822694,,,0.272079,0.27308857,,,0.2883005,0.28222328
0.58111334,0.5772995,0.88960105,0.26881176,0.31230158,0.3084877,,,0.2717386,0.26688552,,,0.28855264,0.2844817
0.5868263,0.5853896,0.888661,0.2835549,0.3032714,0.3018347,,,0.28312284,0.266802,,,0.2926607,0.2843448
0.5789504,0.5875516,0.8881825,0.27831948,0.30063093,0.30923212,,,0.25104362,0.2717455,,,0.27279973,0.28569555
0.5875585,0.5814894,0.89036727,0.27868056,0.30887794,0.30280882,,,0.29546118,0.26678455,,,0.2867769,0.27603108
0.5889952,0.5904137,0.890913,0.2884959,0.30049932,0.3019178,,,0.27994132,0.27266204,,,0.28624713,0.28138888
0.57188225,0.58837897,0.8888124,0.27144873,0.30043352,0.31693023,,,0.27162868,0.2646643,,,0.27777213,0.28645527
0.5903202,0.5814823,0.8915326,0.28026992,0.3100503,0.30121237,,,0.27386123,0.26076406,,,0.29019386,0.27330333
0.58690417,0.5713129,0.8895169,0.26870018,0.318204,0.30261272,,,0.28556758,0.2536221,,,0.29621792,0.27196515
0.5787343,0.58413804,0.8884857,0.27438658,0.3043477,0.30975145,,,0.25507212,0.25702995,,,0.27861166,0.27837425
0.5837301,0.5746629,0.88828754,0.27010548,0.31362462,0.30455744,,,0.27893722,0.27592444,,,0.2888797,0.2768122
0.5791005,0.58095217,0.8902443,0.26980835,0.30929214,0.31114382,,,0.25164902,0.260494,,,0.27390206,0.28087395
0.5788207,0.5814098,0.8894564,0.27077413,0.30804658,0.3106357,,,0.27862722,0.2818802,,,0.28980106,0.29147398
0.58579993,0.57990134,0.890259,0.27544224,0.3103577,0.3044591,,,0.27882534,0.27614033,,,0.2901929,0.28429288
0.5844589,0.57889706,0.8886519,0.27470404,0.30975485,0.30419302,,,0.26999944,0.28069246,,,0.29292578,0.28865886
0.57819796,0.580208,0.88900226,0.26940376,0.3087942,0.31080425,,,0.25747162,0.2647671,,,0.27800286,0.28310293
0.5745243,0.5779523,0.89134914,0.2611274,0.31339687,0.3168249,,,0.26608068,0.26771772,,,0.2841308,0.28783303
0.5793624,0.5742068,0.8892712,0.26429802,0.31506437,0.3099088,,,0.27703875,0.2650705,,,0.29229766,0.28419435
0.5830774,0.572034,0.8902326,0.2648787,0.31819868,0.3071553,,,0.26380515,0.2740817,,,0.28066772,0.2901023
0.5837722,0.57391644,0.8893016,0.26838702,0.31538516,0.30552942,,,0.26675737,0.259076,,,0.28492785,0.27485102
0.5774728,0.5898977,0.8888245,0.27854604,0.29892677,0.31135166,,,0.2666998,0.2888643,,,0.2749377,0.29723215
0.5830902,0.57694376,0.888427,0.27160692,0.31148326,0.30533683,,,0.26212013,0.24793231,,,0.28276545,0.27305126
0.58856523,0.57805896,0.8896829,0.2769413,0.31162393,0.30111766,,,0.2901386,0.28688473,,,0.2965486,0.28209764
0.5773535,0.574345,0.88803756,0.2636609,0.31369257,0.31068408,,,0.256496,0.2360329,,,0.28444606,0.27211016
0.57595986,0.5783884,0.88879204,0.26555622,0.31040365,0.31283218,,,0.26244307,0.26241392,,,0.28052014,0.28001994
0.5787277,0.57717395,0.8880881,0.26781356,0.31091416,0.30936038,,,0.24271894,0.27141082,,,0.27114564,0.28080785
0.57965446,0.5775806,0.8894355,0.2677995,0.31185496,0.30978107,,,0.29340816,0.28569233,,,0.29604983,0.29687637
0.5827737,0.5843259,0.8928674,0.2742322,0.30854148,0.3100937,,,0.27670747,0.28173774,,,0.28796566,0.29287767
0.58304906,0.5827979,0.89098805,0.2748589,0.30819017,0.307939,,,0.27746177,0.266685,,,0.28502584,0.27920735
0.5835,0.58176947,0.88872045,0.27654904,0.306951,0.30522043,,,0.28703249,0.2738819,,,0.29326642,0.2835567
0.5796505,0.57813144,0.89103,0.26675195,0.31289858,0.3113795,,,0.2686569,0.28306103,,,0.2851594,0.2914828
0.5824065,0.5769839,0.8898284,0.26956207,0.31284446,0.30742186,,,0.25615805,0.26496625,,,0.28167194,0.2805509
0.58729553,0.5865761,0.88966215,0.2842095,0.30308604,0.3023666,,,0.26560026,0.2797774,,,0.28118318,0.28895396
0.5786295,0.58419776,0.89069384,0.2721334,0.30649608,0.31206435,,,0.2571972,0.2591622,,,0.27705783,0.27661198
0.5877023,0.57672036,0.8899877,0.27443492,0.31326735,0.30228543,,,0.2607444,0.2515809,,,0.28807735,0.28323716
0.57484305,0.5733187,0.8874809,0.26068085,0.3141622,0.31263787,,,0.26991183,0.2456339,,,0.28759855,0.2780801
0.58262765,0.5820884,0.8897954,0.27492058,0.30770707,0.30716783,,,0.2783425,0.2795664,,,0.2898426,0.28418696
0.5829602,0.5750921,0.8890392,0.269013,0.3139472,0.3060791,,,0.26739585,0.26882464,,,0.28140736,0.28157675
0.5822457,0.58056366,0.889035,0.2737744,0.30847132,0.30678928,,,0.28643107,0.26244676,,,0.29245263,0.2792282
0.5825017,0.57468235,0.88958794,0.2675962,0.31490552,0.30708617,,,0.2713499,0.267281,,,0.28471446,0.28213245
0.582183,0.584569,0.8911253,0.27562666,0.30655634,0.30894232,,,0.26116842,0.27267283,,,0.2798496,0.29056257
0.58266085,0.585966,0.89289796,0.27572882,0.30693203,0.31023717,,,0.28195935,0.30099642,,,0.288922,0.2992003
0.5770389,0.585927,0.88951874,0.27344716,0.30359173,0.31247985,,,0.24669576,0.2751165,,,0.27225012,0.28848988
0.5856478,0.58830035,0.8921517,0.28179646,0.30385137,0.3065039,,,0.27588797,0.27586263,,,0.28527004,0.28911602
0.5843879,0.57988065,0.88992447,0.27434403,0.31004387,0.30553663,,,0.25623715,0.2799896,,,0.2781136,0.28536576
0.5754651,0.58742094,0.8923706,0.27051544,0.30494964,0.3169055,,,0.2686928,0.27513802,,,0.27861637,0.28869087
0.5792615,0.5762625,0.88985884,0.26566517,0.3135963,0.3105973,,,0.26446944,0.25650918,,,0.2814185,0.28093958
0.5806184,0.58517027,0.8900251,0.27576357,0.3048548,0.3094067,,,0.25409478,0.28127944,,,0.27480024,0.28954333
0.5821827,0.59002364,0.89213485,0.28007156,0.30211115,0.30995208,,,0.30938685,0.3036123,,,0.2922088,0.2992608
0.5826584,0.58556676,0.89201957,0.2762056,0.3064528,0.30936116,,,0.28704137,0.2870131,,,0.28987443,0.29307514
0.58275497,0.579937,0.89051104,0.2721809,0.31057405,0.30775607,,,0.28409266,0.27539647,,,0.294339,0.28579485
0.5973692,0.5806433,0.89137846,0.28663403,0.31073517,0.29400927,,,0.3083102,0.26256084,,,0.3056422,0.2793373
0.5830906,0.5790311,0.89080566,0.2713161,0.3117745,0.307715,,,0.28958243,0.27593446,,,0.29808342,0.2854311
0.5719005,0.57747114,0.889938,0.25943363,0.31246686,0.3180375,,,0.22508967,0.279454,,,0.2664855,0.29050148
0.5781007,0.5826293,0.8906957,0.2700343,0.30806637,0.312595,,,0.27272648,0.26458782,,,0.28227943,0.2840194
0.58248377,0.5783083,0.888755,0.2720371,0.31044668,0.3062712,,,0.26557744,0.26835763,,,0.28305513,0.28190327
0.5763677,0.5739016,0.8889599,0.2613094,0.3150583,0.3125922,,,0.25446278,0.25863636,,,0.2825212,0.2792427
0.584973,0.5736718,0.8892285,0.26941627,0.3155567,0.30425555,,,0.29460412,0.26245803,,,0.29200172,0.27226818
0.58396095,0.58033586,0.89055306,0.2737438,0.31021714,0.30659205,,,0.24753618,0.25083113,,,0.27736574,0.2778706
0.5832791,0.573845,0.88991696,0.2672071,0.316072,0.30663794,,,0.26345146,0.25475627,,,0.28618622,0.2755189
0.58414,0.59213054,0.8916803,0.28459018,0.29954982,0.30754036,,,0.27416658,0.26850855,,,0.28451842,0.2875231
0.5776892,0.58152235,0.89031905,0.26889247,0.3087967,0.31262988,,,0.28244364,0.25529104,,,0.28531265,0.27708864
0.58472145,0.5855106,0.8895406,0.28069144,0.30403,0.30481917,,,0.26154095,0.27753448,,,0.28108603,0.28759676
0.5859244,0.5819818,0.8896855,0.27822065,0.30770373,0.30376112,,,0.28250504,0.27592617,,,0.28714597,0.28792226
0.5831915,0.57943666,0.8902071,0.27242106,0.31077045,0.3070156,,,0.2757954,0.26980639,,,0.2856021,0.28188902
0.5822886,0.57566214,0.8881597,0.26979107,0.31249756,0.30587107,,,0.28050566,0.26613736,,,0.29092878,0.28458095
0.5860602,0.5781373,0.89126486,0.2729326,0.31312764,0.3052047,,,0.29243302,0.25964248,,,0.29806036,0.28117633
0.5851852,0.5761855,0.8908323,0.27053845,0.31464678,0.30564708,,,0.2657957,0.2571944,,,0.28615898,0.27615356
0.5778408,0.5789778,0.8886406,0.26817805,0.30966276,0.31079978,,,0.26693356,0.2643218,,,0.28041023,0.28377283
0.57825863,0.57812893,0.89061445,0.26577312,0.31248552,0.31235582,,,0.29314607,0.27083254,,,0.29105777,0.28833616
0.58356106,0.5842774,0.89064676,0.2771917,0.30636936,0.3070857,,,0.2652881,0.28262782,,,0.27899772,0.2900529
0.5786202,0.582196,0.8895458,0.2712704,0.3073498,0.3109256,,,0.26220524,0.24488133,,,0.2781996,0.27428204
0.5871102,0.5868907,0.89226556,0.28173542,0.3053748,0.30515528,,,0.28970492,0.2897612,,,0.2911436,0.2858553
0.5840195,0.57883906,0.89052224,0.27233624,0.31168324,0.30650282,,,0.27708995,0.2612146,,,0.28943592,0.27858764
0.5717007,0.58482337,0.88921297,0.2673111,0.3043896,0.31751227,,,0.26052547,0.26719743,,,0.27529508,0.28889883
0.5804002,0.5870143,0.89141834,0.2759962,0.30440402,0.3110181,,,0.27419108,0.29135907,,,0.2882198,0.299089
0.58061767,0.57718,0.8907586,0.26703912,0.31357855,0.3101409,,,0.26924068,0.25276482,,,0.28551942,0.2744915
0.5773177,0.5856924,0.88956136,0.27344877,0.30386895,0.31224364,,,0.26704222,0.29308784,,,0.27917188,0.2977345
0.5742067,0.5788499,0.890054,0.26300263,0.31120408,0.31584728,,,0.2778247,0.28766578,,,0.2862528,0.28943533
0.5893018,0.58626777,0.8938104,0.28175914,0.30754268,0.30450863,,,0.2901045,0.29917663,,,0.290075,0.2960341
0.58697975,0.58136016,0.8919517,0.2763883,0.31059146,0.30497187,,,0.26979327,0.28935814,,,0.28775644,0.28849208
0.57967263,0.58056754,0.88831246,0.2719277,0.30774492,0.30863982,,,0.27895164,0.25991124,,,0.29139525,0.28313607
0.57418925,0.57009923,0.8871489,0.25713962,0.31704962,0.3129596,,,0.2625667,0.26398933,,,0.28717077,0.28200638
0.5800371,0.57664895,0.88925725,0.26742882,0.3126083,0.30922014,,,0.27661914,0.28032613,,,0.28586102,0.29191715
0.58759433,0.5815735,0.89031893,0.27884883,0.3087455,0.30272466,,,0.29328775,0.26877767,,,0.29391062,0.2794671
0.5828863,0.5775558,0.8903709,0.2700712,0.31281507,0.30748457,,,0.27110493,0.25429773,,,0.2844121,0.2818666
0.5877117,0.58143187,0.8920742,0.27706933,0.31064236,0.30436254,,,0.31256938,0.295681,,,0.3029595,0.2899363
0.58444834,0.5914357,0.8911391,0.28474492,0.29970342,0.30669075,,,0.268417,0.2844441,,,0.2853285,0.2922398
0.58179295,0.5868584,0.8918333,0.27681804,0.3049749,0.31004035,,,0.26563686,0.28615558,,,0.27852345,0.2964043
0.58480316,0.57189167,0.88923115,0.26746374,0.31733942,0.30442792,,,0.27621746,0.24146342,,,0.2915786,0.26797646
0.58067197,0.5912854,0.8892511,0.28270626,0.2979657,0.30857915,,,0.2592228,0.3023876,,,0.28026998,0.295879
0.5791338,0.57390434,0.8878093,0.26522887,0.31390494,0.30867547,,,0.27838862,0.27949166,,,0.28769666,0.2871514
0.57665086,0.58666474,0.8893606,0.27395493,0.30269593,0.3127098,,,0.2613662,0.275984,,,0.28165793,0.29248685
0.5810456,0.577122,0.8900585,0.26810908,0.31293654,0.3090129,,,0.27288014,0.2782861,,,0.2912752,0.28722817
0.5851189,0.57831144,0.8902119,0.27321845,0.31190044,0.305093,,,0.2842344,0.28249002,,,0.29623502,0.28893805
0.57591677,0.58171713,0.8868693,0.2707646,0.30515218,0.31095254,,,0.26851666,0.26478457,,,0.28402478,0.28092587
0.57833993,0.5903311,0.89254904,0.27612197,0.30221796,0.3142091,,,0.29525882,0.29007608,,,0.289657,0.2907551
0.57992375,0.57220507,0.887957,0.26417184,0.3157519,0.30803323,,,0.2794447,0.2683317,,,0.2891968,0.2828964
0.58040184,0.57430077,0.8894068,0.26529586,0.31510597,0.3090049,,,0.27019745,0.25873238,,,0.28756195,0.28088862
0.5784205,0.58136404,0.891883,0.26790154,0.31051898,0.3134625,,,0.29126567,0.2690133,,,0.29756832,0.28281188
0.5740423,0.57882226,0.8876444,0.26522017,0.30882215,0.3136021,,,0.23786652,0.25271773,,,0.2665025,0.27555877
0.58152735,0.58681357,0.8892006,0.2791403,0.30238706,0.30767328,,,0.25622648,0.25531095,,,0.2768572,0.27805233
0.5847223,0.58074486,0.88977295,0.2756942,0.3090281,0.30505067,,,0.28128994,0.28290218,,,0.29122788,0.289936
0.5851271,0.57329845,0.8931474,0.26527816,0.31984895,0.3080203,,,0.2896865,0.27401036,,,0.29648715,0.2839536
0.5797254,0.5725524,0.88905334,0.26322436,0.31650102,0.30932802,,,0.27003998,0.27223718,,,0.29378653,0.2864166
0.5810614,0.586404,0.8927329,0.27473253,0.3063289,0.3116715,,,0.2906266,0.27631783,,,0.28873152,0.28781796
0.5778795,0.57808757,0.88978046,0.26618654,0.31169295,0.31190103,,,0.26573008,0.26318073,,,0.28381032,0.28379387
0.57761616,0.5851388,0.8896448,0.2731102,0.30450594,0.3120286,,,0.29064745,0.28579503,,,0.2867279,0.290937
0.5865382,0.5725657,0.8887799,0.270324,0.3162142,0.30224168,,,0.2603382,0.26026565,,,0.2875027,0.27696395
0.57833326,0.58364344,0.88974553,0.27223116,0.3061021,0.31141227,,,0.28414905,0.27641755,,,0.28763604,0.2909031
0.58691883,0.57911813,0.89054835,0.27548862,0.31143022,0.30362952,,,0.27556986,0.26424366,,,0.28908038,0.2794732
0.58534,0.5778473,0.8898148,0.27337247,0.31196755,0.30447483,,,0.2643386,0.26030654,,,0.28593177,0.27730548
0.5755947,0.5819775,0.88971174,0.26786053,0.3077342,0.31411695,,,0.27937257,0.25911218,,,0.2871952,0.2832349
0.5774647,0.56943816,0.88892525,0.25797755,0.31948715,0.3114606,,,0.2582047,0.24455619,,,0.27492034,0.27322173
0.5773481,0.5765516,0.88873124,0.26516843,0.31217968,0.3113832,,,0.27966768,0.27733785,,,0.2930469,0.28850144
0.5714532,0.5736542,0.8869123,0.2581951,0.3132581,0.31545907,,,0.25198734,0.28011137,,,0.27975565,0.2864551
0.5855746,0.57739985,0.89130145,0.27167302,0.3139016,0.30572683,,,0.27975953,0.2569641,,,0.2885877,0.27892947
0.59057605,0.5793835,0.8910151,0.27894443,0.31163162,0.30043906,,,0.28686374,0.2838664,,,0.29456758,0.28703904
0.5775473,0.5869168,0.89195424,0.27250987,0.30503744,0.31440693,,,0.2733475,0.2909884,,,0.28727388,0.29730117
0.57461417,0.57983565,0.8876683,0.2667815,0.30783266,0.31305414,,,0.23835814,0.24704093,,,0.2663039,0.27669913
0.5863695,0.57788765,0.8912098,0.2730474,0.31332213,0.30484027,,,0.27212268,0.24977726,,,0.28031665,0.27104175
0.57903147,0.5795672,0.88807434,0.27052432,0.30850714,0.30904287,,,0.27266836,0.27062958,,,0.28945976,0.28906763
0.59394455,0.5774006,0.89131075,0.28003448,0.31391007,0.29736614,,,0.28383434,0.29181063,,,0.29175818,0.2877577
0.5849154,0.5747328,0.887685,0.27196318,0.31295222,0.3027696,,,0.26812887,0.26114714,,,0.28968513,0.2812608
0.57187414,0.5836512,0.8891383,0.26638705,0.3054871,0.31726414,,,0.28444123,0.2613563,,,0.2871092,0.2890293
0.5841419,0.581651,0.8906987,0.27509427,0.30904764,0.3065567,,,0.29804504,0.30026758,,,0.2977965,0.28873277
0.5863576,0.5855681,0.89133406,0.2805916,0.305766,0.30497646,,,0.2893085,0.27739793,,,0.29029083,0.28618693
0.5742806,0.58340865,0.8888315,0.26885784,0.30542278,0.31455082,,,0.27341366,0.28064436,,,0.28115338,0.29465073
0.5907235,0.58128667,0.8928456,0.2791646,0.3115589,0.30212206,,,0.29113203,0.2723452,,,0.29393822,0.28007817
0.582682,0.5807824,0.89358485,0.26987958,0.31280243,0.31090283,,,0.29802817,0.28581417,,,0.29840213,0.28987694
0.5814979,0.583042,0.89302653,0.2715134,0.3099845,0.31152862,,,0.27399176,0.2923476,,,0.2845927,0.2928365
0.58198357,0.58288264,0.8887168,0.2761494,0.30583417,0.30673325,,,0.26739973,0.25207156,,,0.28066623,0.279275
0.5862495,0.5822755,0.89079195,0.27773303,0.30851644,0.30454248,,,0.29333526,0.2801149,,,0.29579508,0.28235644
0.5808945,0.59203,0.88988996,0.28303456,0.2978599,0.30899543,,,0.2740848,0.26875728,,,0.2805906,0.28735262
0.58635646,0.56691885,0.8888248,0.26445043,0.32190603,0.30246842,,,0.27144194,0.25426435,,,0.29356867,0.27265096
0.5808361,0.57711965,0.8888458,0.26910996,0.31172615,0.30800968,,,0.25202078,0.25738633,,,0.27765697,0.27954006
0.5855741,0.57874894,0.89035684,0.27396625,0.31160784,0.3047827,,,0.29107672,0.27733135,,,0.29357463,0.2871853
0.58455926,0.5822552,0.8887658,0.27804863,0.30651063,0.30420655,,,0.25245553,0.2804433,,,0.2807107,0.28802902
0.58331597,0.5860958,0.89020246,0.27920932,0.30410665,0.3068865,,,0.26354283,0.29370624,,,0.27658445,0.29157263
0.58613074,0.5818609,0.89103097,0.27696067,0.30917007,0.30490023,,,0.26670057,0.27934235,,,0.28381896,0.2841416
0.58873487,0.5772023,0.89082533,0.27511185,0.313623,0.30209047,,,0.26757222,0.26118517,,,0.28644133,0.2762788
0.5821364,0.5854753,0.8908882,0.2767235,0.3054129,0.30875182,,,0.25867617,0.26781398,,,0.27703106,0.28607827
0.5889128,0.5811372,0.89002955,0.28002036,0.30889243,0.30111682,,,0.27750754,0.26390672,,,0.29163343,0.2809766
0.5783707,0.57203746,0.889272,0.26113617,0.31723452,0.31090128,,,0.26111412,0.2485646,,,0.28980398,0.27590895
0.5747423,0.58655345,0.8910153,0.27028048,0.30446184,0.31627297,,,0.26238203,0.28727376,,,0.28227162,0.29442102
0.58111453,0.58521026,0.89079773,0.27552712,0.3055874,0.30968314,,,0.26321113,0.27688175,,,0.27874833,0.28713042
0.5754245,0.57319975,0.8903131,0.2583111,0.3171134,0.31488866,,,0.26360464,0.25320667,,,0.28258282,0.28082943
0.5823564,0.5850602,0.8931158,0.27430075,0.30805564,0.31075943,,,0.28243524,0.28757942,,,0.28851563,0.2933157
0.57627475,0.57619715,0.888588,0.2638839,0.31239086,0.31231326,,,0.26992202,0.2624476,,,0.2872818,0.28216296
0.57491446,0.5732735,0.88812506,0.2600628,0.31485164,0.31321067,,,0.2539521,0.2539683,,,0.2779079,0.27615976
0.58117676,0.5822605,0.8883878,0.27504945,0.3061273,0.30721104,,,0.27871007,0.27230173,,,0.2858845,0.28283495
0.58227164,0.5772682,0.89166564,0.26787418,0.31439745,0.309394,,,0.28272438,0.2711621,,,0.29426932,0.28506124
0.58516157,0.571847,0.887203,0.26980567,0.3153559,0.30204135,,,0.24902469,0.25427645,,,0.28068107,0.2754495
0.58006597,0.5826279,0.8882276,0.27446628,0.3055997,0.30816162,,,0.25958645,0.2685213,,,0.27972436,0.28352064
0.57952285,0.5708524,0.888382,0.26199323,0.31752962,0.30885917,,,0.26870155,0.25042784,,,0.29045814,0.27852935
0.57273734,0.5784046,0.8881742,0.2629677,0.30976963,0.3154369,,,0.28900033,0.27402383,,,0.29381734,0.29269445
0.5848361,0.5803495,0.8928697,0.27231598,0.31252015,0.30803353,,,0.2747395,0.28983814,,,0.28617054,0.29523826
0.5723368,0.58285105,0.8899805,0.26520735,0.30712944,0.3176437,,,0.26769084,0.29227632,,,0.28164434,0.2902341
0.5784854,0.5825063,0.8923605,0.26863116,0.30985427,0.31387514,,,0.29432738,0.29631656,,,0.29485703,0.29898077
0.5762955,0.5771002,0.8905591,0.26283658,0.31345892,0.31426364,,,0.2832716,0.28702205,,,0.29445124,0.29323673
0.5831312,0.5795288,0.890433,0.272227,0.3109042,0.30730182,,,0.2552634,0.2672447,,,0.2784829,0.28690225
0.5851766,0.57808554,0.89051425,0.27274787,0.3124287,0.30533767,,,0.27556634,0.25499392,,,0.29327583,0.27639747
0.5761502,0.582584,0.8886324,0.2701018,0.3060484,0.31248224,,,0.26653278,0.26158482,,,0.28066802,0.28564477
0.58139384,0.57091033,0.8875213,0.26478285,0.316611,0.3061275,,,0.26088017,0.24668145,,,0.28749633,0.27862132
0.57932997,0.58020663,0.89166546,0.26787114,0.31145883,0.3123355,,,0.26757365,0.27512038,,,0.28803635,0.28858882
0.5804448,0.58729523,0.892651,0.2750891,0.30535573,0.31220615,,,0.27468598,0.28557485,,,0.28095424,0.29494977
0.58785844,0.5742418,0.8912545,0.27084583,0.3170126,0.303396,,,0.28845394,0.262568,,,0.29691833,0.28201562
0.58500004,0.5746777,0.8898409,0.26983684,0.3151632,0.30484086,,,0.29232067,0.25758463,,,0.29716527,0.27344674
0.5714382,0.5829371,0.8858868,0.26848853,0.30294967,0.3144486,,,0.2411682,0.26088095,,,0.2695918,0.28320992
0.58580863,0.58386004,0.89146763,0.27820104,0.3076076,0.305659,,,0.27501404,0.27415293,,,0.28861588,0.28386778
0.5824495,0.5848918,0.8905721,0.27676916,0.30568033,0.30812263,,,0.26904714,0.29098153,,,0.28368992,0.29284108
0.5802487,0.5862582,0.891758,0.27474886,0.30549985,0.3115093,,,0.2844926,0.27156073,,,0.28375334,0.28731614
0.58035207,0.583456,0.890954,0.2728541,0.30749798,0.3106019,,,0.2547555,0.27502567,,,0.2745465,0.28643703
0.58473057,0.5845106,0.8890654,0.2801758,0.30455476,0.30433482,,,0.29951948,0.29048222,,,0.29167652,0.2927242
0.58086306,0.5802298,0.88978535,0.27130753,0.30955553,0.3089223,,,0.2679116,0.28534913,,,0.28681678,0.2897771
0.5766313,0.57574034,0.8900419,0.26232976,0.31430155,0.31341058,,,0.26264495,0.26331145,,,0.2792068,0.2784934
0.5816819,0.58684397,0.89220273,0.2763232,0.3053587,0.31052077,,,0.25702757,0.28269225,,,0.27844536,0.29095232
0.582055,0.57832444,0.8878132,0.2725662,0.30948877,0.30575824,,,0.28591406,0.2776522,,,0.29089695,0.28517872
0.5791831,0.58341247,0.8883165,0.274279,0.3049041,0.30913347,,,0.26870936,0.2702583,,,0.28590935,0.2851252
0.58949536,0.5804895,0.890093,0.2798918,0.30960357,0.30059773,,,0.27441692,0.2661639,,,0.29044437,0.28092468
0.58136606,0.5791333,0.89257014,0.2679292,0.31343687,0.31120408,,,0.27984333,0.29257286,,,0.29203933,0.28839022
0.57552636,0.58208877,0.8888502,0.26876497,0.30676138,0.3133238,,,0.2665043,0.2748263,,,0.27950656,0.29116654
0.5792421,0.5765455,0.8909023,0.2648853,0.3143568,0.31166017,,,0.29658806,0.27155828,,,0.29697472,0.2894475
0.5809142,0.58283865,0.8908408,0.27291197,0.30800223,0.3099267,,,0.26815712,0.2656157,,,0.28343904,0.28351223
0.5708867,0.5751407,0.88747585,0.25855148,0.3123352,0.31658924,,,0.25859696,0.26342207,,,0.28231055,0.28631032
0.58976823,0.5731821,0.89062524,0.27232504,0.3174432,0.30085707,,,0.26573694,0.24908125,,,0.28988892,0.27441698
0.5711497,0.5849562,0.89072204,0.26538396,0.30576575,0.31957227,,,0.24838781,0.2462039,,,0.26835477,0.27655864
0.5838748,0.58015573,0.8913399,0.27269065,0.31118417,0.30746508,,,0.29648077,0.24655378,,,0.29699832,0.27705276
0.5817922,0.57996136,0.8908008,0.27095276,0.3108394,0.3090086,,,0.27653772,0.2676915,,,0.28439254,0.27790093
0.58704835,0.5814027,0.8902708,0.27818024,0.3088681,0.30322248,,,0.28156376,0.2791323,,,0.28924447,0.28690338
0.5789358,0.57617736,0.889241,0.26587224,0.31306356,0.31030512,,,0.27584833,0.24928707,,,0.28361934,0.27678937
0.5819074,0.5745071,0.88861644,0.26779807,0.31410933,0.30670905,,,0.25498587,0.25547636,,,0.2788313,0.27757233
0.58008194,0.5788851,0.8875578,0.2714092,0.30867273,0.30747586,,,0.24652708,0.26808023,,,0.2740274,0.27699775
0.58445764,0.5853796,0.8910789,0.27875835,0.3056993,0.30662125,,,0.2771017,0.2688533,,,0.2854969,0.28261673
0.58272064,0.5818175,0.89026076,0.2742774,0.30844325,0.30754012,,,0.27727807,0.2816735,,,0.29065162,0.2889474
0.5842055,0.58828056,0.8920828,0.28040326,0.30380225,0.3078773,,,0.28225547,0.26513046,,,0.2831093,0.28275615
0.5777799,0.58028865,0.8893632,0.2687053,0.30907458,0.31158334,,,0.26717287,0.25597906,,,0.27966744,0.28212047
0.58890903,0.5797808,0.89185244,0.2768374,0.31207162,0.3029434,,,0.2861672,0.2902422,,,0.2949915,0.29118848
0.58121705,0.5820247,0.889469,0.27377272,0.30744433,0.30825198,,,0.26006836,0.29140824,,,0.2758972,0.29247916
0.5832199,0.573094,0.88829064,0.26802325,0.31519663,0.30507076,,,0.24928272,0.26039243,,,0.28043604,0.28006887
0.5792295,0.5875361,0.89157426,0.2751913,0.30403817,0.3123448,,,0.29636562,0.30921096,,,0.29257518,0.30023444
0.57417375,0.58152914,0.8903143,0.26538855,0.3087852,0.3161406,,,0.2666508,0.27722102,,,0.28242552,0.2920364
0.57780063,0.5809211,0.88983524,0.26888645,0.30891418,0.31203467,,,0.25987148,0.24431247,,,0.27581042,0.27575833
0.5850217,0.58099186,0.8885787,0.27743477,0.3075869,0.3035571,,,0.30028856,0.25785488,,,0.29475337,0.28099102
0.5784801,0.5828901,0.8887343,0.272636,0.30584413,0.3102541,,,0.2731198,0.2843377,,,0.2860782,0.29447627
0.57803375,0.58194447,0.88937086,0.2706073,0.30742645,0.31133717,,,0.29081982,0.27101547,,,0.29431385,0.2790857
0.5830109,0.5912251,0.8909841,0.28325194,0.29975897,0.30797315,,,0.254852,0.26331854,,,0.2763036,0.2848422
0.5840931,0.5856868,0.8920925,0.27768737,0.30640572,0.30799943,,,0.28519607,0.27547336,,,0.2905984,0.28814286
0.57882696,0.5799324,0.8871235,0.27163583,0.30719113,0.30829656,,,0.24943858,0.2595119,,,0.27814293,0.28178215
0.5839474,0.583696,0.88877475,0.27886868,0.30507874,0.30482733,,,0.27465302,0.2724433,,,0.28810573,0.28488863
0.5837835,0.58462,0.8891229,0.2792806,0.3045029,0.3053394,,,0.28033483,0.27300346,,,0.29006457,0.2890231
0.58744836,0.58134544,0.8897195,0.2790743,0.30837405,0.30227113,,,0.2885689,0.2695456,,,0.29342544,0.28624153
0.5765256,0.5787152,0.8903527,0.26488805,0.31163758,0.31382716,,,0.27207762,0.25850284,,,0.28354067,0.27573794
0.57899404,0.5814328,0.89063823,0.26978862,0.3092054,0.3116442,,,0.26993716,0.25626683,,,0.2844593,0.28196144
0.58147967,0.5908959,0.890766,0.28160954,0.29987013,0.30928636,,,0.27357334,0.27217507,,,0.28185427,0.28961182
0.5869082,0.58032703,0.88967943,0.27755582,0.3093524,0.3027712,,,0.256895,0.26078486,,,0.28081906,0.2830099
0.5747365,0.584797,0.8875941,0.2719394,0.30279708,0.31285763,,,0.27970958,0.27649754,,,0.2837286,0.28632963
0.5770631,0.5768925,0.88967973,0.26427585,0.31278723,0.31261665,,,0.27599776,0.25156194,,,0.284688,0.27620357
0.5815804,0.58061993,0.888971,0.27322936,0.30835104,0.30739057,,,0.2755599,0.25859326,,,0.28840345,0.28344572
0.5927094,0.57943165,0.8911826,0.28095847,0.31175095,0.29847318,,,0.27437073,0.2746389,,,0.28703123,0.2789762
0.5702337,0.57373524,0.8888486,0.25512034,0.31511337,0.3186149,,,0.26931357,0.26853,,,0.28253007,0.28693163
0.58730733,0.58676445,0.8927426,0.2813292,0.30597812,0.30543524,,,0.26670212,0.2804454,,,0.27851313,0.28980225
0.5825281,0.5814481,0.88960004,0.27437615,0.30815196,0.30707192,,,0.26509786,0.2636698,,,0.28400207,0.28105557
0.577801,0.57972383,0.89077795,0.26674688,0.3110541,0.31297696,,,0.2583251,0.27134007,,,0.28391176,0.289007
0.57831806,0.582983,0.8871837,0.2741174,0.30420065,0.3088656,,,0.2727251,0.27138042,,,0.2812295,0.28807956
0.5757023,0.5801461,0.89152443,0.26432395,0.31137836,0.31582212,,,0.25777,0.27155316,,,0.2791642,0.29132712
0.5847894,0.57262504,0.8902035,0.26721096,0.31757843,0.30541408,,,0.2932526,0.26463026,,,0.29903692,0.2798972
0.58327466,0.5954567,0.8917196,0.28701186,0.2962628,0.30844486,,,0.29256576,0.29114026,,,0.28318977,0.29015452
0.57557297,0.5854721,0.8902414,0.2708037,0.30476928,0.31466842,,,0.2623422,0.29025173,,,0.2786337,0.29670936
0.58369684,0.58727896,0.8922328,0.27874303,0.3049538,0.30853593,,,0.28778774,0.27885634,,,0.2924456,0.29354465
0.5866231,0.57783365,0.8897284,0.2747283,0.31189477,0.30310535,,,0.25089747,0.27748638,,,0.27408326,0.28420597
0.57764363,0.57378125,0.88771224,0.26371264,0.313931,0.3100686,,,0.25447834,0.23509234,,,0.2766049,0.26835984
0.58150387,0.5728189,0.88827014,0.2660526,0.31545126,0.30676627,,,0.25818324,0.2574857,,,0.2835434,0.27799284
0.5824115,0.577163,0.89013356,0.26944095,0.31297058,0.30772203,,,0.272305,0.27277797,,,0.2850513,0.28437996
0.5833051,0.57886386,0.89035594,0.27181304,0.3114921,0.30705082,,,0.26456904,0.25801712,,,0.28765243,0.28293002
0.5850907,0.5781864,0.890743,0.27253413,0.31255656,0.30565226,,,0.2770204,0.2585218,,,0.2892995,0.2773211
0.57922447,0.56896937,0.8881774,0.26001644,0.31920803,0.30895293,,,0.27612704,0.2522328,,,0.2893983,0.27814394
0.58062756,0.5800179,0.89193356,0.26871192,0.31191564,0.311306,,,0.26819748,0.26845455,,,0.28706467,0.28393483
0.58707863,0.58189046,0.8901958,0.27877337,0.30830526,0.3031171,,,0.2743433,0.26336962,,,0.284948,0.2783267
0.5847173,0.5720732,0.8908871,0.2659034,0.31881386,0.3061698,,,0.28568065,0.26022178,,,0.2953983,0.27930325
0.58715117,0.5702838,0.8893105,0.26812446,0.3190267,0.3021593,,,0.28030193,0.25651497,,,0.2923355,0.26916826
0.5845562,0.5784155,0.89041066,0.27256107,0.31199515,0.30585444,,,0.2658947,0.28027135,,,0.28573912,0.287907
0.58497196,0.5846685,0.8907199,0.27892065,0.3060513,0.30574787,,,0.28830755,0.28460628,,,0.2865492,0.28803587
0.5846088,0.58164185,0.89052093,0.27572978,0.30887902,0.30591208,,,0.27554947,0.28641546,,,0.28816754,0.2863741
0.5838385,0.5804899,0.8909063,0.27342206,0.31041646,0.3070678,,,0.29906273,0.26040947,,,0.294523,0.27944046
0.58294165,0.5850647,0.89050895,0.27749747,0.30544418,0.30756724,,,0.27627945,0.25802612,,,0.28875482,0.27786714
0.58647645,0.5787897,0.8899433,0.27532285,0.3111536,0.30346686,,,0.2767393,0.266205,,,0.2911415,0.2794404
0.5759829,0.5790347,0.88628346,0.26873416,0.30724877,0.31030053,,,0.2790954,0.26985675,,,0.2923875,0.28815383
0.576347,0.5862822,0.8916364,0.27099276,0.30535424,0.31528944,,,0.26101255,0.2890758,,,0.27785796,0.29447216
0.5833443,0.5791708,0.8888205,0.27369463,0.30964965,0.3054762,,,0.27263522,0.26833534,,,0.28515708,0.28470266
0.59021235,0.5843962,0.8921188,0.28248966,0.3077227,0.30190653,,,0.29512107,0.28702432,,,0.29533362,0.28763103
0.5769582,0.5817704,0.8867285,0.27200007,0.3049581,0.30977035,,,0.26314807,0.2613368,,,0.27588362,0.28702116
0.58978426,0.5787256,0.89150125,0.2770086,0.31277567,0.30171698,,,0.29805946,0.2701525,,,0.30093735,0.28341419
0.5855658,0.58058405,0.8919065,0.27424335,0.31132245,0.3063407,,,0.26298755,0.2724418,,,0.27964777,0.28412062
0.583027,0.57257205,0.88940257,0.26619655,0.31683046,0.3063755,,,0.27340317,0.26019084,,,0.29052258,0.2789153
0.5870446,0.58493453,0.89092183,0.28105736,0.30598724,0.30387717,,,0.27599317,0.27010953,,,0.2842688,0.285448
0.5771084,0.5816934,0.88826364,0.27053815,0.30657023,0.31115526,,,0.24299115,0.27181196,,,0.27025664,0.28771943
0.5773829,0.585726,0.89183646,0.27127248,0.30611044,0.31445354,,,0.26986158,0.27705133,,,0.28253198,0.28866547
0.5783843,0.5782218,0.8887445,0.2678616,0.31052268,0.3103602,,,0.2589661,0.2633109,,,0.28273422,0.28457534
0.5799277,0.5875092,0.89070475,0.2767321,0.3031956,0.31077713,,,0.2610485,0.27804065,,,0.2752688,0.29039276
0.5802556,0.5797542,0.8890732,0.27093667,0.30931896,0.3088175,,,0.28375125,0.29196572,,,0.29129,0.29007685
0.58119136,0.57533276,0.88984144,0.26668274,0.31450862,0.30865002,,,0.27906245,0.24528193,,,0.28906673,0.27565682
0.58530056,0.58465266,0.8911401,0.27881312,0.30648744,0.30583954,,,0.27493876,0.2747305,,,0.28910404,0.2824468
0.5758891,0.585974,0.8899249,0.2719382,0.3039509,0.31403577,,,0.26921028,0.255499,,,0.2839213,0.28401142
0.58959216,0.5840089,0.8939864,0.27961463,0.30997753,0.30439425,,,0.30181944,0.27559865,,,0.29944837,0.28745216
0.58046913,0.58070135,0.88950205,0.27166843,0.3088007,0.30903292,,,0.28141218,0.2708509,,,0.28669304,0.28570682
0.5794933,0.5822643,0.88755834,0.27419925,0.30529404,0.30806506,,,0.25725502,0.24423498,,,0.27710843,0.27344412
0.5733422,0.575595,0.8867729,0.26216435,0.31117785,0.31343067,,,0.26899415,0.2423523,,,0.28878886,0.27632552
0.5814314,0.58408695,0.8912481,0.27427018,0.3071612,0.30981678,,,0.26802248,0.30132926,,,0.28386974,0.2987995
0.57871294,0.5782551,0.8915491,0.265419,0.31329393,0.3128361,,,0.27041638,0.26073474,,,0.28807628,0.28492254
0.5747888,0.57760566,0.8875002,0.2648943,0.3098945,0.31271136,,,0.2570942,0.2515368,,,0.28023475,0.28050178
0.5783105,0.5895612,0.8909162,0.2769555,0.301355,0.31260574,,,0.24306077,0.27648735,,,0.27211404,0.29458874
0.57483536,0.57560956,0.8881578,0.2622872,0.31254816,0.31332237,,,0.26221532,0.27867055,,,0.28129667,0.28903937
0.5842962,0.5718856,0.8899426,0.26623923,0.318057,0.30564636,,,0.2813934,0.27238238,,,0.29135835,0.27376097
0.5749283,0.5770198,0.88940644,0.26254165,0.31238663,0.31447816,,,0.25143778,0.27362114,,,0.281601,0.2902624
0.5841911,0.58236307,0.89225686,0.27429736,0.30989373,0.3080657,,,0.2852775,0.28292233,,,0.28855956,0.28670394
0.58393794,0.5869759,0.8891425,0.2817713,0.30216664,0.30520457,,,0.2937804,0.27431792,,,0.2885146,0.28823882
0.5832457,0.57822895,0.8909979,0.27047682,0.31276888,0.30775213,,,0.25993496,0.26593578,,,0.28161007,0.27955067
0.5819286,0.57658625,0.8876576,0.27085727,0.31107134,0.30572897,,,0.27105355,0.25662708,,,0.2853045,0.2780891
0.5740887,0.58725345,0.8892318,0.27211034,0.30197835,0.3151431,,,0.2527753,0.27661723,,,0.27735204,0.2910918
0.5895983,0.5800047,0.8947121,0.2748909,0.3147074,0.3051138,,,0.29711503,0.27500576,,,0.29653412,0.28372008
0.5876007,0.57930464,0.89232266,0.27458274,0.31301796,0.3047219,,,0.27444375,0.26652515,,,0.29060042,0.2827043
0.5879086,0.579146,0.8890982,0.27795643,0.3099522,0.3011896,,,0.28174275,0.2582214,,,0.2956158,0.28101057
0.58038795,0.5907997,0.8893688,0.28181887,0.29856908,0.30898082,,,0.26681292,0.275966,,,0.2780739,0.2894032
0.5780817,0.57768583,0.8897346,0.26603293,0.3120488,0.3116529,,,0.264897,0.24895853,,,0.2850647,0.27230752
0.5840696,0.5771425,0.8901423,0.27106977,0.31299984,0.3060727,,,0.27875286,0.26321578,,,0.29370153,0.27873683
0.5831375,0.5786079,0.8902882,0.27145725,0.31168026,0.30715066,,,0.27329785,0.28107703,,,0.2839107,0.28725994
0.57976,0.5709052,0.8864397,0.2642256,0.3155344,0.3066796,,,0.27450866,0.26786005,,,0.28936023,0.28106892
0.5757555,0.5816455,0.88920045,0.26820052,0.30755496,0.31344497,,,0.25360984,0.2563457,,,0.2738886,0.28220725
0.5842996,0.58481455,0.8888157,0.2802984,0.3040012,0.30451614,,,0.26238108,0.25109798,,,0.28217942,0.27325124
0.5871662,0.5786657,0.88971245,0.27611935,0.31104684,0.30254632,,,0.27604997,0.2672801,,,0.28963304,0.27906984
0.5840422,0.58153844,0.89028484,0.2752958,0.3087464,0.30624264,,,0.29056078,0.2823516,,,0.29180974,0.28645265
0.5792265,0.5791925,0.8899816,0.2684374,0.3107891,0.31075513,,,0.26009607,0.27448618,,,0.28070074,0.28513855
0.5882752,0.5852103,0.8896756,0.2838099,0.3044653,0.30140042,,,0.28011686,0.2735321,,,0.28991508,0.28262252
0.5820674,0.5761186,0.8890262,0.26915973,0.31290764,0.30695885,,,0.26603162,0.26112115,,,0.2869346,0.27918482
0.57856244,0.57520485,0.8871013,0.26666605,0.31189638,0.3085388,,,0.2719339,0.28251773,,,0.2890535,0.28908396
0.5837646,0.5794533,0.8907984,0.2724195,0.3113451,0.30703378,,,0.26900196,0.28070635,,,0.28035343,0.28303188
0.5789795,0.58057517,0.8890713,0.27048343,0.30849606,0.31009173,,,0.26086426,0.27712673,,,0.28266245,0.28386545
0.5800734,0.5764926,0.8910907,0.26547533,0.31459808,0.31101727,,,0.29223078,0.26729143,,,0.294636,0.28697228
0.57388264,0.579639,0.88641167,0.26711,0.30677265,0.31252903,,,0.27346706,0.27902645,,,0.2846709,0.28877485
0.57790625,0.58248955,0.89078087,0.269615,0.30829126,0.31287456,,,0.2651776,0.27841115,,,0.2810964,0.28684235
0.58564746,0.5796368,0.88863695,0.27664733,0.30900013,0.30298948,,,0.28390652,0.2682699,,,0.29316407,0.28233212
0.5773641,0.58974206,0.8897229,0.27738327,0.29998082,0.3123588,,,0.27539104,0.29813206,,,0.2808498,0.29481274
0.5871879,0.5838355,0.8923948,0.2786286,0.3085593,0.3052069,,,0.30698454,0.29847002,,,0.29762667,0.2940176
0.5802336,0.57897353,0.88921106,0.26999605,0.31023753,0.30897748,,,0.2534817,0.2763387,,,0.27877027,0.28639382
0.573659,0.571454,0.8889326,0.2561804,0.3174786,0.31527358,,,0.26071775,0.2568258,,,0.2837332,0.28158718
0.5786276,0.5778202,0.89022225,0.26622552,0.31240207,0.31159467,,,0.27180654,0.2622186,,,0.2847826,0.27976084
0.5877109,0.5729482,0.8884907,0.2721684,0.31554252,0.30077982,,,0.26965904,0.2504701,,,0.29034603,0.27062738
0.57492363,0.5794275,0.88874364,0.26560748,0.30931616,0.31382,,,0.24943435,0.24792838,,,0.26876974,0.2797215
0.5851618,0.5806062,0.890708,0.27506,0.3101018,0.30554622,,,0.28163505,0.27485275,,,0.29140043,0.28289282
0.58481306,0.58123165,0.8911568,0.27488792,0.30992514,0.30634373,,,0.27995676,0.27341735,,,0.29161668,0.2879718
0.5763584,0.5739143,0.8886679,0.26160473,0.31475365,0.31230956,,,0.23978728,0.27171767,,,0.27162182,0.28458858
0.5902823,0.5738244,0.89082515,0.27328157,0.31700075,0.30054283,,,0.28478217,0.26766777,,,0.3008592,0.27922606
0.5863552,0.5840746,0.89287764,0.2775522,0.30880302,0.30652243,,,0.28168565,0.26921576,,,0.28940612,0.2878716
0.5667837,0.5872675,0.88788223,0.26616907,0.30061466,0.32109845,,,0.248039,0.24193555,,,0.26755267,0.27357256
0.582507,0.5851616,0.89156485,0.27610373,0.30640328,0.3090579,,,0.28611958,0.2794971,,,0.29634917,0.29185492
0.57764125,0.5884139,0.8900199,0.2760353,0.30160594,0.3123786,,,0.26753664,0.27602023,,,0.27652347,0.2898985
0.5821912,0.5764344,0.88927114,0.26935446,0.31283677,0.3070799,,,0.29097372,0.2605294,,,0.291753,0.2816279
0.5801562,0.58656317,0.8907193,0.27600014,0.30415606,0.31056303,,,0.28149205,0.2773623,,,0.28479344,0.2848109
0.57787526,0.58069324,0.889155,0.26941353,0.30846173,0.3112797,,,0.28186154,0.281801,,,0.29016775,0.2887333
0.57790256,0.57957625,0.88906294,0.26841587,0.3094867,0.3111604,,,0.2680704,0.25741875,,,0.28399777,0.28171617
0.5820483,0.57378805,0.88715315,0.2686832,0.3133651,0.30510485,,,0.26142585,0.24750215,,,0.28511238,0.27340668
0.58991265,0.5872147,0.89342535,0.28370202,0.30621064,0.3035127,,,0.29348832,0.28734183,,,0.29229176,0.2904722
0.58316565,0.57867706,0.8918599,0.2699828,0.31318283,0.30869424,,,0.2675221,0.27688968,,,0.28292197,0.28869843
0.57669723,0.58586514,0.8911401,0.27142227,0.30527496,0.31444287,,,0.26237923,0.26471132,,,0.27901065,0.28500706
0.5827626,0.5748073,0.8879595,0.2696104,0.3131522,0.30519688,,,0.26719457,0.26900047,,,0.28810984,0.28206074
0.56841296,0.57645917,0.8885924,0.25627977,0.3121332,0.3201794,,,0.24994951,0.2826441,,,0.28151697,0.29893863
0.58093965,0.5790583,0.89054126,0.26945668,0.31148297,0.3096016,,,0.2827283,0.27217764,,,0.29049885,0.28455114
0.58014214,0.5687197,0.88995343,0.25890845,0.3212337,0.30981123,,,0.27855408,0.25211102,,,0.29422837,0.27496988
0.58549184,0.5752332,0.889843,0.27088213,0.3146097,0.3043511,,,0.2995296,0.28737175,,,0.29899645,0.29038942
0.5833821,0.5772692,0.89136404,0.2692873,0.31409484,0.3079819,,,0.2796048,0.26850688,,,0.28885633,0.28478336
0.57855403,0.5849744,0.8905538,0.27297467,0.30557936,0.31199974,,,0.26858127,0.27860975,,,0.28226578,0.29209828
0.57800937,0.58377254,0.8879876,0.2737943,0.30421507,0.30997825,,,0.24777973,0.24840939,,,0.27316087,0.27518177
0.5726923,0.58790535,0.89083254,0.26976502,0.30292726,0.31814033,,,0.23688841,0.28044373,,,0.2669713,0.2901759
0.58347124,0.58207464,0.88923705,0.2763089,0.30716234,0.30576575,,,0.26644033,0.27395278,,,0.2869389,0.2882884
0.58630574,0.57733256,0.89220774,0.2714306,0.31487513,0.30590194,,,0.27927125,0.26142055,,,0.29068893,0.27621675
0.5838467,0.58178556,0.8912728,0.27435946,0.30948722,0.3074261,,,0.2760492,0.2786159,,,0.2856648,0.2861218
0.57447034,0.577491,0.88693094,0.26503038,0.30943996,0.3124606,,,0.27380592,0.24597979,,,0.28400612,0.27446795
0.575266,0.58623713,0.89020306,0.27130002,0.303966,0.3149371,,,0.2620226,0.27284324,,,0.282417,0.2906183
0.5844503,0.581244,0.89037895,0.27531528,0.30913502,0.3059287,,,0.25184637,0.28267783,,,0.2740715,0.28491312
0.58031577,0.574314,0.8902264,0.26440328,0.3159125,0.3099107,,,0.27534938,0.2742446,,,0.28885174,0.28414512
0.58389795,0.5767308,0.8892815,0.27134728,0.31255066,0.3053835,,,0.26035064,0.28010452,,,0.2823493,0.2817322
0.580789,0.58770764,0.89050066,0.27799594,0.3027931,0.3097117,,,0.24870294,0.27551204,,,0.27418703,0.28819132
0.58442336,0.5941765,0.8916037,0.28699613,0.29742724,0.30718035,,,0.30071276,0.28011215,,,0.29323184,0.28666544
0.58717084,0.58038104,0.8905986,0.27695328,0.31021756,0.30342776,,,0.2793287,0.27921152,,,0.29117274,0.28515333
0.58573735,0.5854323,0.8899664,0.2812032,0.30453414,0.30422908,,,0.28867584,0.28834736,,,0.28935695,0.29197925
0.5832046,0.57636356,0.8906303,0.2689379,0.31426674,0.30742568,,,0.27968132,0.25769597,,,0.29298025,0.2797789
0.5776204,0.57948476,0.88773763,0.26936758,0.3082528,0.3101172,,,0.25338155,0.25039983,,,0.27767938,0.27831894
0.57499576,0.58432853,0.89057195,0.26875234,0.30624342,0.3155762,,,0.26150775,0.2823634,,,0.27962422,0.29484499
0.5833709,0.5823232,0.8896188,0.2760753,0.30729562,0.3062479,,,0.2670886,0.2704457,,,0.2830174,0.28237736
0.5833504,0.5814179,0.88969314,0.2750752,0.30827522,0.30634272,,,0.28199625,0.26896405,,,0.2902097,0.28550917
0.58012563,0.59102696,0.89198804,0.27916455,0.30096108,0.3118624,,,0.26184416,0.27142906,,,0.27925897,0.29059255
0.5715178,0.5870321,0.8904028,0.2681471,0.3033707,0.31888497,,,0.26082867,0.2642005,,,0.2759388,0.28715736
0.58607775,0.5749725,0.88802236,0.27302796,0.3130498,0.30194455,,,0.27940112,0.28924567,,,0.29655594,0.28767997
0.58009815,0.58588123,0.8912856,0.2746938,0.30540437,0.31118745,,,0.2814896,0.28705406,,,0.2845165,0.2931438
0.57920754,0.5766799,0.8901484,0.26573896,0.31346858,0.31094092,,,0.27010566,0.27431965,,,0.2840765,0.28194827
0.5854298,0.58424914,0.8893853,0.28029364,0.30513614,0.3039555,,,0.27255738,0.2855345,,,0.28637934,0.28857136
0.59157646,0.5789508,0.88935494,0.28117228,0.31040418,0.29777855,,,0.2803154,0.25103694,,,0.28689003,0.27024347
0.5817437,0.5847671,0.89031565,0.27619517,0.30554855,0.30857193,,,0.27124548,0.2803924,,,0.27901244,0.28812087
0.59191436,0.5794641,0.8926709,0.27870744,0.3132069,0.30075663,,,0.27410883,0.27699733,,,0.29009664,0.28422076
0.5825054,0.58201027,0.88918364,0.2753321,0.3071733,0.30667818,,,0.26471466,0.27115905,,,0.28115916,0.27930188
0.588145,0.59127784,0.8936962,0.28572667,0.30241835,0.30555117,,,0.30500823,0.2897973,,,0.2975427,0.2963894
0.58307636,0.5882522,0.89160216,0.2797264,0.30334997,0.3085258,,,0.27627933,0.2830007,,,0.28131318,0.2874576
0.5858971,0.58887684,0.8909304,0.28384352,0.30205357,0.30503333,,,0.2868604,0.2897851,,,0.28574824,0.29126275
0.57963955,0.58717173,0.8897594,0.2770518,0.30258775,0.31011993,,,0.27461374,0.2781673,,,0.28158176,0.2881322
0.5835655,0.58863115,0.88882846,0.28336817,0.3001973,0.30526298,,,0.26628065,0.25537264,,,0.28107685,0.279849
0.585469,0.5788687,0.88910097,0.27523667,0.31023234,0.30363202,,,0.27296102,0.25585723,,,0.28595746,0.27690113
0.57718265,0.57071596,0.88784707,0.2600516,0.31713104,0.31066436,,,0.27265882,0.25378,,,0.28946447,0.2747547
0.593344,0.58327234,0.89179885,0.28481746,0.30852652,0.29845488,,,0.27381778,0.28327698,,,0.287853,0.28867292
0.5783732,0.5864897,0.8901099,0.27475297,0.30362022,0.3117367,,,0.27091986,0.28805685,,,0.28181005,0.29389054
0.5766362,0.5754052,0.8883644,0.26367706,0.31295913,0.31172812,,,0.25864214,0.2663592,,,0.28165156,0.28698093
0.5837201,0.57385683,0.8910115,0.26656544,0.31715465,0.3072914,,,0.2621081,0.25735986,,,0.28326076,0.2765901
0.5846847,0.5690002,0.8885507,0.26513416,0.31955057,0.30386603,,,0.28149915,0.25315595,,,0.29513687,0.27586436
0.5815668,0.5730852,0.8906103,0.26404172,0.3175251,0.30904347,,,0.265266,0.27700514,,,0.2852559,0.28383565
0.58291626,0.5786824,0.88914496,0.27245373,0.31046253,0.3062287,,,0.27777517,0.26703018,,,0.29012477,0.28562307
0.58715904,0.588627,0.89117885,0.28460717,0.30255187,0.3040198,,,0.3005563,0.2966929,,,0.29344368,0.29424834
0.5800004,0.57979274,0.8929283,0.26686484,0.31313556,0.3129279,,,0.2711903,0.2824207,,,0.28751987,0.28839648
0.5808811,0.5849681,0.8893593,0.2764899,0.3043912,0.30847818,,,0.27782822,0.28609806,,,0.29389727,0.28613323
0.57537735,0.5769702,0.88934934,0.26299822,0.31237912,0.313972,,,0.26140833,0.27174753,,,0.28163874,0.28142446
0.58823276,0.58500385,0.8904752,0.2827614,0.30547136,0.30224246,,,0.28987938,0.29910362,,,0.29511923,0.2965551
0.58770955,0.57902414,0.88952595,0.2772078,0.31050175,0.30181634,,,0.27203614,0.27647394,,,0.2877987,0.2850989
0.5749552,0.5833018,0.8889,0.26935703,0.3055982,0.31394476,,,0.27206248,0.27821523,,,0.28702074,0.29634362
0.57804567,0.58308136,0.88821816,0.27290893,0.30513674,0.31017244,,,0.24773306,0.2794798,,,0.2782309,0.29494792
0.58542275,0.57645655,0.8892633,0.27261603,0.31280673,0.30384052,,,0.2807889,0.270549,,,0.29393035,0.27727205
0.58613586,0.591002,0.89084494,0.2862929,0.29984295,0.30470908,,,0.26422536,0.26185477,,,0.27351284,0.2820801
0.58287334,0.575631,0.88732666,0.2711777,0.31169564,0.3044533,,,0.27911305,0.27739322,,,0.29221767,0.28214067
0.57998717,0.57658494,0.89033884,0.26623327,0.3137539,0.31035167,,,0.27049887,0.26204652,,,0.2867899,0.27950466
0.58290726,0.5917103,0.8918036,0.2828139,0.30009335,0.30889642,,,0.27793252,0.28253818,,,0.28399032,0.294735
0.578835,0.5876608,0.8900046,0.27649122,0.3023438,0.31116956,,,0.27359748,0.28118503,,,0.28337842,0.29119003
0.5806154,0.572801,0.88989234,0.26352406,0.31709135,0.30927694,,,0.2824546,0.2616133,,,0.29069644,0.2813654
0.58214176,0.58370733,0.8919734,0.2738757,0.30826604,0.30983162,,,0.26260948,0.2864288,,,0.28372914,0.2973255
0.58480644,0.58319396,0.892711,0.27528948,0.30951697,0.30790448,,,0.28646702,0.2668764,,,0.2946577,0.28430504
0.5867975,0.57643855,0.89053905,0.27269697,0.3141005,0.30374157,,,0.26841897,0.27130145,,,0.29252928,0.28371376
0.57153845,0.5742053,0.88908815,0.25665557,0.31488287,0.3175497,,,0.26216912,0.24659336,,,0.2841732,0.28024656
0.5814414,0.5785264,0.89201367,0.2679541,0.3134873,0.31057227,,,0.26785046,0.26176178,,,0.28977513,0.28362936
0.58532345,0.58183515,0.88757074,0.27958786,0.3057356,0.3022473,,,0.27983797,0.2598384,,,0.28686237,0.27510822
0.589819,0.5854919,0.89357865,0.2817322,0.3080868,0.3037597,,,0.28875625,0.28997463,,,0.29313797,0.2917024
0.5834522,0.5796033,0.89028126,0.27277428,0.31067795,0.30682904,,,0.2683099,0.27386087,,,0.2863136,0.28320384
0.5877124,0.5788684,0.88962156,0.27695924,0.31075317,0.30190915,,,0.28213322,0.2712236,,,0.28920335,0.2802028
0.5849434,0.5809745,0.89034694,0.27557093,0.30937248,0.3054036,,,0.2839902,0.2859009,,,0.2886119,0.29247946
0.57772434,0.5767346,0.88908285,0.26537615,0.3123482,0.31135845,,,0.25677913,0.25307292,,,0.2792449,0.2796476
0.5814328,0.5873927,0.8878523,0.2809732,0.30045962,0.3064195,,,0.2528293,0.2815926,,,0.2725193,0.28786063
0.58355534,0.5770767,0.8872038,0.2734282,0.31012714,0.30364847,,,0.27057254,0.25657594,,,0.28152192,0.27466947
0.57993186,0.575317,0.89023113,0.26501775,0.3149141,0.31029928,,,0.2709607,0.27327466,,,0.2866795,0.28939193
0.5866957,0.5815912,0.89197063,0.27631617,0.3103795,0.30527502,,,0.28041065,0.2722112,,,0.29396647,0.2875049
0.59128165,0.57100403,0.88892394,0.27336174,0.3179199,0.2976423,,,0.2681005,0.27231538,,,0.28812182,0.2769482
0.5777294,0.58570313,0.8909632,0.2724694,0.30526,0.31323373,,,0.2773497,0.28017485,,,0.28361595,0.28987777
0.5819055,0.57772183,0.8910898,0.26853752,0.31336796,0.3091843,,,0.2424168,0.2872185,,,0.2714013,0.28697884
0.58581436,0.5844032,0.8906493,0.2795682,0.30624616,0.30483502,,,0.28668064,0.2845201,,,0.2852965,0.2851619
0.5832037,0.57928634,0.8905903,0.2718997,0.31130397,0.30738664,,,0.2507156,0.24179304,,,0.27944428,0.2705809
0.57540876,0.5799197,0.8879111,0.26741743,0.30799133,0.31250226,,,0.25688237,0.24848539,,,0.2773009,0.2751509
0.5822085,0.5811506,0.8911579,0.27220124,0.31000727,0.30894935,,,0.26020074,0.24727714,,,0.27208966,0.27545255
0.5884704,0.5709979,0.8903329,0.26913542,0.31933498,0.30186248,,,0.28181094,0.25568074,,,0.29830498,0.2770189
0.58685577,0.5898075,0.89371324,0.28295004,0.30390573,0.30685747,,,0.28959376,0.28580284,,,0.28673625,0.29114348
0.5948615,0.58055925,0.88928473,0.28613603,0.30872548,0.29442322,,,0.28198636,0.26266485,,,0.2924949,0.2747894
0.58077216,0.58339894,0.88963455,0.27453655,0.3062356,0.3088624,,,0.24978918,0.2706496,,,0.27281415,0.2850353
0.58603835,0.588328,0.8930227,0.28134364,0.3046947,0.30698436,,,0.27324802,0.26819038,,,0.28218687,0.28445596
0.5921829,0.5889392,0.8942355,0.28688657,0.3052963,0.30205262,,,0.28820467,0.29156893,,,0.2919615,0.29095435
0.58112943,0.5829361,0.8899771,0.2740885,0.30704093,0.3088476,,,0.27563244,0.26527214,,,0.28651643,0.27919525
0.58748066,0.58830655,0.89032936,0.28545785,0.3020228,0.3028487,,,0.27637106,0.28225535,,,0.28280675,0.28705043
0.5829234,0.5819105,0.88952166,0.27531224,0.30761117,0.30659825,,,0.26654446,0.26639986,,,0.28260583,0.28377956
0.5864935,0.5875486,0.8894707,0.2845714,0.30192208,0.3029772,,,0.27484286,0.27218056,,,0.2861138,0.2825452
0.5916729,0.582237,0.88937396,0.28453594,0.30713695,0.29770106,,,0.28446168,0.2647496,,,0.2922318,0.27608865
0.58062685,0.5763228,0.8882165,0.26873314,0.3118937,0.30758965,,,0.25952762,0.26974082,,,0.28298414,0.2852623
0.58288467,0.57894015,0.8897323,0.27209252,0.31079215,0.30684763,,,0.24782175,0.2713616,,,0.2723413,0.28076643
0.5787113,0.5872097,0.89058083,0.27534014,0.30337113,0.31186956,,,0.27403027,0.2719338,,,0.28236866,0.28404266
0.58251965,0.5871848,0.88910174,0.2806027,0.30191696,0.3065821,,,0.28305054,0.28056598,,,0.28710538,0.28409934
0.5828645,0.57361555,0.88819665,0.26828343,0.3145811,0.30533212,,,0.26832086,0.26733273,,,0.29392338,0.28292042
0.57703346,0.5764856,0.8892045,0.26431453,0.31271893,0.31217104,,,0.26857233,0.25303108,,,0.28403562,0.2795915
0.5801555,0.57466084,0.8895612,0.2652552,0.31490028,0.30940562,,,0.2669369,0.26227576,,,0.2876163,0.28364325
0.58030045,0.5826608,0.89034444,0.2726168,0.30768365,0.310044,,,0.27876717,0.2837518,,,0.28653002,0.28822118
0.5792234,0.5791097,0.8888823,0.26945078,0.3097726,0.30965894,,,0.2685824,0.26449513,,,0.28265768,0.283238
0.5720366,0.5776695,0.8907104,0.2589957,0.3130409,0.3186738,,,0.27683592,0.27942353,,,0.28931665,0.290577
0.5854689,0.5702215,0.88860637,0.26708406,0.31838483,0.30313742,,,0.26974148,0.26097494,,,0.2930174,0.27663356
0.5803424,0.5805906,0.890263,0.27067,0.30967242,0.3099206,,,0.23876286,0.26412678,,,0.2711786,0.2775092
0.5745889,0.5831979,0.89028317,0.26750368,0.30708522,0.3156942,,,0.2452721,0.29642498,,,0.27828526,0.29987806
0.58244437,0.5807767,0.89151967,0.27170146,0.3107429,0.30907524,,,0.26279074,0.29086775,,,0.28269035,0.29318678
0.584091,0.5904261,0.8917158,0.28280133,0.30128968,0.30762476,,,0.28073698,0.26845443,,,0.28158623,0.2832148
0.5867473,0.5769772,0.89034,0.27338445,0.31336284,0.30359274,,,0.2737307,0.2620349,,,0.2858107,0.2738793
0.5772475,0.5767716,0.8884207,0.26559842,0.31164908,0.3111732,,,0.2589693,0.24030799,,,0.2824387,0.27924877
0.5822718,0.5770494,0.8898445,0.2694767,0.3127951,0.30757266,,,0.28954262,0.27533263,,,0.29330075,0.2818007
0.58126783,0.5831983,0.8900944,0.27437174,0.3068961,0.30882657,,,0.2721991,0.26593852,,,0.28364414,0.28089505
0.5835478,0.5772615,0.88884234,0.27196693,0.31158084,0.30529457,,,0.28391814,0.26041996,,,0.29094982,0.28146374
0.5830486,0.58957565,0.89218587,0.28043836,0.30261022,0.30913728,,,0.27411574,0.26910108,,,0.2800483,0.28812933
0.57551146,0.58510876,0.8903322,0.270288,0.30522346,0.31482077,,,0.25744903,0.2631268,,,0.28332222,0.28626508
0.58288705,0.5765594,0.89046824,0.26897824,0.31390882,0.3075812,,,0.28149134,0.2704469,,,0.2956255,0.28399587
0.5709309,0.58123124,0.8889118,0.2632503,0.3076806,0.31798095,,,0.24155432,0.24025327,,,0.26926708,0.2728768
0.57967246,0.58343637,0.89022714,0.2728817,0.30679077,0.31055468,,,0.28302062,0.28504163,,,0.28765178,0.28864318
0.5835541,0.5798256,0.8888502,0.27452946,0.30902463,0.30529612,,,0.28420925,0.271685,,,0.2945457,0.2846049
0.57884246,0.5824212,0.89008933,0.27117437,0.3076681,0.3112468,,,0.28808987,0.27921468,,,0.29267353,0.29132557
0.58330446,0.58309674,0.89177465,0.2746265,0.30867797,0.30847025,,,0.2753724,0.28305626,,,0.28666258,0.28671575
0.5791191,0.5766041,0.8895372,0.266186,0.3129331,0.31041813,,,0.2790169,0.2780648,,,0.2918241,0.2893616
0.57610345,0.5794729,0.8886709,0.26690543,0.30919802,0.31256747,,,0.264248,0.26420152,,,0.28793305,0.28457975
0.58498424,0.58845013,0.8930233,0.28041106,0.30457318,0.30803907,,,0.26942956,0.27370524,,,0.28317595,0.28155148
0.58326185,0.5795946,0.88956434,0.27329212,0.30996972,0.3063025,,,0.27635777,0.27889276,,,0.28873867,0.28686
0.5805449,0.57874197,0.8889843,0.27030253,0.31024235,0.30843943,,,0.27629668,0.30146635,,,0.28593534,0.29548627
0.58354914,0.5833322,0.89016557,0.27671576,0.3068334,0.30661643,,,0.2834109,0.27580786,,,0.29209328,0.28603882
0.5760261,0.5758641,0.88903165,0.2628585,0.31316757,0.31300557,,,0.2426359,0.25375056,,,0.27378476,0.28054607
0.58032686,0.58312845,0.8890883,0.27436697,0.30595988,0.30876148,,,0.23936081,0.27614802,,,0.2692088,0.2864613
0.5812068,0.58602715,0.8904409,0.27679306,0.30441374,0.30923408,,,0.2797526,0.29396975,,,0.28816622,0.28892666
0.58106315,0.57766646,0.8887432,0.26998633,0.31107682,0.30768013,,,0.27066624,0.2643608,,,0.28573513,0.28218925
0.5836506,0.58087325,0.8924153,0.27210855,0.31154203,0.3087647,,,0.26998085,0.2889017,,,0.28746462,0.2952813
0.5779462,0.5738926,0.89089763,0.26094115,0.31700504,0.31295145,,,0.2738487,0.2693779,,,0.28506857,0.28059494
0.5767239,0.5805414,0.8909568,0.26630837,0.3104155,0.314233,,,0.2598468,0.2711842,,,0.2806967,0.28621805
0.5825959,0.5760045,0.88930374,0.2692966,0.3132993,0.30670792,,,0.26266313,0.25404263,,,0.28610724,0.27745283
0.5778371,0.57072234,0.8882609,0.26029855,0.31753856,0.3104238,,,0.25580102,0.25547487,,,0.280904,0.2760015
0.578923,0.580004,0.88993007,0.2689969,0.3099261,0.31100708,,,0.2509504,0.25776863,,,0.27849048,0.2841624
0.59154737,0.57977533,0.89205825,0.27926445,0.31228292,0.30051088,,,0.28759754,0.27515984,,,0.29491663,0.28372997
0.5785589,0.5843722,0.8918761,0.2710551,0.30750382,0.31331712,,,0.26366156,0.27703857,,,0.2763782,0.28859812
0.58576995,0.57997584,0.888345,0.27740073,0.30836922,0.3025751,,,0.26498806,0.26940727,,,0.2848367,0.27942902
0.57667625,0.57725835,0.889873,0.26406157,0.31261468,0.31319678,,,0.29625636,0.26212776,,,0.29157978,0.28339577
0.57800806,0.57422215,0.8901906,0.26203966,0.3159684,0.3121825,,,0.25417435,0.25894165,,,0.2838905,0.27846354
0.58277553,0.57791364,0.8888423,0.27184683,0.3109287,0.3060668,,,0.2670797,0.2515219,,,0.28227335,0.27594358
0.5772135,0.5799856,0.88934,0.26785916,0.30935436,0.31212646,,,0.2683416,0.28179866,,,0.27889782,0.28893137
0.58177125,0.57542795,0.8905983,0.26660085,0.3151704,0.3088271,,,0.28060567,0.26194757,,,0.2879296,0.28082323
0.5789124,0.5779582,0.8886579,0.26821268,0.3106997,0.30974555,,,0.2591368,0.26850265,,,0.27782124,0.2846564
0.5814601,0.5845294,0.8898504,0.27613914,0.30532098,0.30839026,,,0.26666796,0.28105468,,,0.2807207,0.29233724
0.5814841,0.57813513,0.8879171,0.2717021,0.30978197,0.30643302,,,0.27499294,0.25750536,,,0.28905153,0.27691793
0.5757624,0.586149,0.89011055,0.27180082,0.30396158,0.31434816,,,0.26118135,0.30631298,,,0.27417696,0.2958609
0.57644784,0.5792954,0.8884867,0.26725656,0.3091913,0.31203884,,,0.27340847,0.28416806,,,0.2843268,0.29327965
0.5773562,0.58128524,0.88995075,0.2686907,0.3086655,0.31259453,,,0.25734466,0.2862726,,,0.27544224,0.2915764
0.58564436,0.5843788,0.88954854,0.28047466,0.3051697,0.30390412,,,0.27582765,0.26719427,,,0.28735495,0.2816044
0.57876265,0.58025473,0.8889261,0.27009124,0.3086714,0.3101635,,,0.27404916,0.24538743,,,0.28313506,0.27366585
0.5788765,0.5846079,0.8890204,0.27446395,0.30441254,0.31014395,,,0.28004247,0.26449102,,,0.28808397,0.2793725
0.58353853,0.58604246,0.89072067,0.27886027,0.30467826,0.3071822,,,0.2802518,0.2548753,,,0.2900355,0.27945936
0.584823,0.57781523,0.8896216,0.27301657,0.31180644,0.30479866,,,0.28713208,0.26816607,,,0.29221636,0.2771868
0.5760796,0.5764998,0.8866547,0.26592475,0.31015486,0.31057507,,,0.26030356,0.26557356,,,0.28023762,0.2788242
0.5768124,0.5747647,0.8861189,0.26545823,0.31135416,0.3093065,,,0.24996257,0.25159317,,,0.278513,0.27857548
0.5759647,0.57705545,0.8884268,0.26459336,0.31137133,0.3124621,,,0.2579245,0.27653027,,,0.28170907,0.2845142
0.57899535,0.5763842,0.8915118,0.26386774,0.3151276,0.31251645,,,0.28121477,0.2649483,,,0.29505497,0.28146714
0.5757444,0.58058655,0.89062953,0.2657014,0.31004298,0.31488514,,,0.2631293,0.27237493,,,0.28253633,0.29158974
0.58763456,0.5810436,0.893544,0.27513415,0.31250042,0.30590945,,,0.28347963,0.2657408,,,0.28706813,0.28263825
0.5818757,0.5827925,0.8899982,0.27467,0.30720568,0.30812252,,,0.27382624,0.2629274,,,0.28750122,0.2852856
0.5739131,0.5885535,0.89221215,0.27025437,0.30365872,0.3182991,,,0.25810093,0.2731685,,,0.27237028,0.28865355
0.5798862,0.5797184,0.8888305,0.27077407,0.30911213,0.30894434,,,0.26471382,0.27646416,,,0.2805416,0.2858308
0.5798672,0.5781106,0.8893631,0.2686147,0.31125247,0.30949587,,,0.26656246,0.27465343,,,0.2809314,0.28599125
0.58960146,0.5743452,0.89111966,0.27282697,0.3167745,0.3015182,,,0.28491706,0.2520427,,,0.29722363,0.27287215
0.5739383,0.57880056,0.8882846,0.2644542,0.30948412,0.31434637,,,0.25926977,0.25576693,,,0.28094316,0.28001016
0.5870448,0.5818069,0.89207304,0.27677858,0.3102662,0.30502832,,,0.28846306,0.27483678,,,0.29265612,0.2886414
0.5901519,0.5854385,0.8900261,0.2855643,0.3045876,0.2998742,,,0.28800112,0.28466392,,,0.29506433,0.2886132
0.5794674,0.57661897,0.8900738,0.26601267,0.31345475,0.3106063,,,0.25828505,0.24703974,,,0.28531724,0.27526927
0.58531207,0.57624376,0.89058745,0.27096832,0.31434375,0.30527544,,,0.29199868,0.27826595,,,0.29154283,0.28367913
0.581316,0.5806317,0.8923471,0.26960063,0.31171536,0.31103104,,,0.26705265,0.26232064,,,0.28532994,0.28368407
0.5836738,0.58565587,0.892203,0.27712667,0.3065471,0.3085292,,,0.27479792,0.2711553,,,0.28340054,0.28762132
0.58744603,0.58442426,0.8896668,0.28220344,0.3052426,0.30222082,,,0.2805282,0.26571882,,,0.28789592,0.2843938
0.58530784,0.5747789,0.8907305,0.26935625,0.3159516,0.30542266,,,0.29703462,0.2533518,,,0.29700238,0.27882487
0.5807049,0.5820224,0.88786227,0.2748651,0.30583984,0.30715734,,,0.2910034,0.25779128,,,0.29033852,0.286057
0.57250416,0.58723956,0.8893018,0.270442,0.30206215,0.31679755,,,0.25808656,0.28051722,,,0.2746293,0.29212552
0.58244103,0.582448,0.8905518,0.2743373,0.30810374,0.3081107,,,0.2513913,0.29117507,,,0.27631277,0.29023087
0.5783645,0.58367574,0.88843024,0.27361,0.3047545,0.31006575,,,0.25779796,0.2517861,,,0.27742517,0.27854866
0.5761999,0.5857095,0.8895542,0.27235514,0.30384475,0.31335437,,,0.27025807,0.2821176,,,0.28770518,0.29404408
0.5800983,0.57974744,0.88972443,0.27012128,0.309977,0.30962616,,,0.27423137,0.2749622,,,0.2872346,0.28506356
0.58091927,0.585832,0.89051515,0.27623612,0.30468315,0.30959588,,,0.2616008,0.26818562,,,0.2814213,0.28722298
0.5744816,0.5799448,0.8876847,0.26674163,0.30773997,0.31320316,,,0.25842214,0.256783,,,0.2766961,0.27720714
0.5697206,0.58180285,0.88902235,0.26250112,0.3072195,0.31930172,,,0.24667627,0.2608763,,,0.2664652,0.28424883
0.5861381,0.5837468,0.8915399,0.27834505,0.30779308,0.30540174,,,0.28487092,0.29225892,,,0.28997308,0.2901894
0.5775845,0.58371437,0.8905605,0.27073836,0.30684614,0.312976,,,0.2743988,0.25578034,,,0.284235,0.28361332
0.58576477,0.58336556,0.89338017,0.27575016,0.3100146,0.3076154,,,0.29292506,0.2866602,,,0.2945825,0.2890082
0.57760173,0.576352,0.8894774,0.26447642,0.3131253,0.31187558,,,0.251567,0.26147127,,,0.2759155,0.2806961
0.57721967,0.5806403,0.8901621,0.26769793,0.30952173,0.3129424,,,0.28789145,0.27762246,,,0.29049677,0.28994215
0.5788604,0.5830964,0.89083666,0.27112013,0.30774027,0.31197625,,,0.27488512,0.25514835,,,0.28169262,0.28250235
0.58040345,0.5829166,0.8890044,0.27431566,0.3060878,0.30860096,,,0.2991475,0.27855372,,,0.29282248,0.2850561
0.5854856,0.5855006,0.8913034,0.27968276,0.30580282,0.30581784,,,0.29277575,0.26923782,,,0.28910947,0.2810052
0.5809839,0.5890734,0.8903448,0.2797125,0.30127138,0.30936092,,,0.28015643,0.29145354,,,0.28823316,0.29140186
0.5819555,0.57688355,0.88853514,0.27030385,0.31165165,0.3065797,,,0.26514423,0.27148372,,,0.28498048,0.28277117
0.58448124,0.5716897,0.88945895,0.266712,0.31776923,0.30497772,,,0.27037275,0.2695076,,,0.28406334,0.2824332
0.5729426,0.57789636,0.8884521,0.26238686,0.31055576,0.3155095,,,0.2614774,0.26761103,,,0.28656667,0.28706312
0.5804931,0.58181274,0.8901918,0.27211404,0.30837905,0.3096987,,,0.27816832,0.28429723,,,0.2876088,0.2909575
0.57735944,0.5812996,0.89105946,0.26759952,0.3097599,0.31370008,,,0.24138033,0.26889318,,,0.27247053,0.28718758
0.5806686,0.577684,0.88982,0.26853263,0.312136,0.30915135,,,0.2719077,0.27266818,,,0.28441012,0.28080392
0.5813045,0.58282566,0.89116967,0.27296054,0.30834395,0.30986512,,,0.2733708,0.2848177,,,0.28431028,0.2882319
0.58336794,0.58371437,0.89166254,0.27541977,0.30794817,0.3082946,,,0.27581275,0.28207028,,,0.28627503,0.28833884
0.58008075,0.5816939,0.8910621,0.27071255,0.3093682,0.31098133,,,0.25685853,0.2760265,,,0.27623928,0.29000902
0.5838361,0.58140373,0.89130086,0.27393895,0.30989712,0.30746478,,,0.26264197,0.2665528,,,0.27745855,0.28326052
0.5792159,0.583727,0.89092374,0.27201915,0.30719674,0.31170785,,,0.27800572,0.28544837,,,0.2863598,0.2950042
0.5838909,0.5774609,0.89157236,0.26977944,0.31411147,0.30768144,,,0.28661662,0.27023017,,,0.29522532,0.28192204
0.5809878,0.5857036,0.8917267,0.27496475,0.30602306,0.31073886,,,0.27972275,0.2741338,,,0.28663802,0.2844584
0.5877075,0.578736,0.89019614,0.27624744,0.31146008,0.30248857,,,0.28095257,0.26771206,,,0.29135633,0.2789852
0.58554304,0.57927746,0.8903964,0.27442402,0.31111902,0.30485344,,,0.27692515,0.25025493,,,0.2885695,0.27666992
0.5839691,0.57463855,0.8892137,0.26939404,0.31457508,0.3052445,,,0.27844536,0.27421612,,,0.28873783,0.28269535
0.5827372,0.5801043,0.8908195,0.27202207,0.31071514,0.30808222,,,0.27499896,0.29585677,,,0.29022425,0.29175496
0.57789415,0.5851666,0.89035845,0.27270222,0.30519193,0.31246436,,,0.26264775,0.25908262,,,0.27820176,0.2776125
0.5832827,0.58125925,0.88976943,0.27477252,0.30851018,0.30648673,,,0.26238745,0.27997696,,,0.28108364,0.28688306
0.58320946,0.5837853,0.8898984,0.2770964,0.30611306,0.3066889,,,0.26639467,0.277035,,,0.2824511,0.28637683
0.58977056,0.58124065,0.8907455,0.2802657,0.30950487,0.30097497,,,0.2723447,0.26801318,,,0.29348505,0.28242153
0.5788171,0.58530647,0.890757,0.2733665,0.30545062,0.31193995,,,0.2639081,0.29117185,,,0.2797069,0.29790872
0.5744162,0.58331,0.89055574,0.26717055,0.30724567,0.31613946,,,0.25756902,0.27408552,,,0.27620053,0.28861153
0.57888234,0.58150846,0.8897995,0.27059138,0.30829096,0.31091708,,,0.26289582,0.2684492,,,0.2804312,0.28282052
0.5851775,0.58591247,0.889625,0.28146487,0.3037126,0.3044476,,,0.27443498,0.2855749,,,0.2864259,0.28862673
0.58311784,0.58080876,0.8889574,0.27496922,0.30814862,0.30583954,,,0.2673965,0.28172326,,,0.28541702,0.28916103
0.5747614,0.58255076,0.89019406,0.2671181,0.3076433,0.31543267,,,0.2632267,0.2895782,,,0.2803204,0.29278553
0.58445835,0.58204126,0.89108634,0.27541327,0.30904508,0.306628,,,0.26328695,0.25211412,,,0.28843313,0.28226447
0.5859115,0.5817857,0.89013237,0.27756482,0.3083467,0.30422086,,,0.27513015,0.26443714,,,0.28527355,0.27953076
0.5817571,0.58102524,0.89010376,0.27267867,0.30907845,0.30834657,,,0.27846044,0.258375,,,0.28418964,0.2777366
0.58114207,0.572664,0.88890314,0.26490295,0.31623912,0.30776107,,,0.26232052,0.27017087,,,0.2802124,0.2817496
0.5774585,0.57121456,0.889089,0.25958407,0.31787443,0.3116305,,,0.24153745,0.25427496,,,0.27593213,0.27444565
0.57900155,0.5882324,0.88895625,0.2782777,0.30072385,0.3099547,,,0.26029068,0.2733521,,,0.27370507,0.28684324
0.5745062,0.5768182,0.88873863,0.26258588,0.31192034,0.31423235,,,0.27653474,0.27803016,,,0.29143006,0.28859872
0.57851124,0.570601,0.8867989,0.2623133,0.31619793,0.30828768,,,0.24985522,0.22570664,,,0.28109783,0.26594198
0.58724034,0.5810522,0.893032,0.2752605,0.31197983,0.30579168,,,0.28042644,0.27424538,,,0.29201847,0.28134823
0.58332187,0.57332647,0.89173037,0.26491803,0.31840384,0.30840844,,,0.26817065,0.27979195,,,0.29029208,0.28835875
0.578495,0.585332,0.8886495,0.27517742,0.3033176,0.31015456,,,0.25687957,0.26315582,,,0.27805996,0.28179926
0.5756616,0.57465184,0.89060014,0.25971323,0.31594837,0.3149386,,,0.26178026,0.26496357,,,0.2811063,0.2861215
0.5763227,0.5841144,0.8896447,0.27079242,0.30553025,0.31332195,,,0.2749269,0.28016192,,,0.2818144,0.28599578
0.58093953,0.5776789,0.8882898,0.27032864,0.3106109,0.30735028,,,0.2958259,0.27279472,,,0.29888272,0.2867061
0.5862081,0.5772394,0.88867867,0.27476883,0.31143928,0.30247056,,,0.26242453,0.26519185,,,0.2846188,0.27987498
0.57912576,0.5835718,0.888909,0.27378857,0.3053372,0.30978322,,,0.2562605,0.25611115,,,0.27474964,0.28212523
0.57543737,0.5792495,0.88938373,0.2653032,0.31013417,0.3139463,,,0.26380265,0.26694733,,,0.28558576,0.28950363
0.5838276,0.5772189,0.8913196,0.26972693,0.31410068,0.30749196,,,0.2707585,0.27764708,,,0.28926086,0.2876582
0.5812789,0.5760521,0.8882664,0.2690646,0.31221431,0.30698752,,,0.27949274,0.27899057,,,0.2869563,0.2853878
0.5846052,0.58028305,0.8904072,0.27448106,0.31012416,0.305802,,,0.27478027,0.29833758,,,0.28355753,0.29806745
0.5850128,0.5782109,0.8906208,0.27260292,0.31240988,0.30560797,,,0.28994066,0.2568612,,,0.2921908,0.27699715
0.5881755,0.58051354,0.8893459,0.27934313,0.30883235,0.3011704,,,0.2720613,0.2677164,,,0.28757888,0.2812249
0.5821401,0.5845499,0.8901439,0.27654612,0.30559397,0.30800378,,,0.27422827,0.27122295,,,0.2860266,0.2881853
0.5814805,0.5785043,0.8917665,0.26821834,0.31326216,0.310286,,,0.25087488,0.2657361,,,0.28001982,0.2842306
0.58590573,0.5830723,0.89110607,0.2778719,0.30803382,0.3052004,,,0.28533703,0.26439947,,,0.2860332,0.28273928
0.5880209,0.5773042,0.89034194,0.27498323,0.3130377,0.30232096,,,0.27020997,0.26413292,,,0.28424317,0.27987146
0.58098626,0.5864991,0.890633,0.27685237,0.3041339,0.30964673,,,0.30323404,0.27927774,,,0.29361457,0.28521168
0.5761174,0.56744945,0.8892624,0.25430447,0.32181293,0.31314498,,,0.24619502,0.2590297,,,0.28093058,0.27915937
0.5785259,0.57736564,0.8901255,0.26576602,0.31275988,0.3115996,,,0.26084578,0.27589405,,,0.2822594,0.28768337
0.5775888,0.5774001,0.8892231,0.2657658,0.311823,0.3116343,,,0.2541256,0.26189107,,,0.28216553,0.2856863
0.5831137,0.58002543,0.8890931,0.274046,0.30906767,0.30597943,,,0.2788126,0.26792067,,,0.29373205,0.27995896
0.5824832,0.5826956,0.8902804,0.27489835,0.30758482,0.30779725,,,0.2882151,0.29338288,,,0.2880239,0.29539585
0.5768455,0.57004243,0.8882425,0.25864553,0.3182,0.3113969,,,0.2761646,0.2651583,,,0.28982753,0.2779355
0.58464456,0.58067673,0.8917936,0.27352774,0.3111168,0.307149,,,0.28732562,0.27887446,,,0.29113787,0.28897452
0.57889247,0.5837702,0.88981026,0.27285248,0.30604,0.31091774,,,0.2656101,0.29267502,,,0.2816044,0.29086065
0.58752936,0.57331216,0.888444,0.27239746,0.3151319,0.3009147,,,0.26519942,0.2462917,,,0.28067648,0.2709862
0.5754771,0.5835688,0.8899804,0.26906556,0.30641156,0.31450325,,,0.26310313,0.2779404,,,0.2837183,0.29289436
0.5784234,0.58328676,0.89111316,0.27059698,0.3078264,0.31268978,,,0.2613814,0.280275,,,0.28407115,0.29837132
0.57080907,0.5786863,0.8884038,0.2610916,0.30971748,0.3175947,,,0.2615853,0.26086658,,,0.27600336,0.28229696
0.5742911,0.5772313,0.8877104,0.263812,0.3104791,0.31341928,,,0.26823652,0.25792873,,,0.28375876,0.27797157
0.5791532,0.5753493,0.88621867,0.26828372,0.31086946,0.30706555,,,0.24460751,0.25181776,,,0.2749349,0.27538854
0.58019227,0.5787382,0.88827336,0.27065718,0.3095351,0.30808103,,,0.27523327,0.25036794,,,0.29107183,0.27682585
0.58034724,0.58172023,0.8894202,0.2726472,0.30770004,0.30907303,,,0.29516333,0.262035,,,0.29228193,0.28019595
0.5796627,0.5803971,0.88935983,0.27069998,0.3089627,0.30969715,,,0.26997322,0.2741961,,,0.28372037,0.28944027
0.58100337,0.58015585,0.88843286,0.27272642,0.30827695,0.30742943,,,0.25743282,0.27154416,,,0.28018552,0.28432113
0.5767423,0.58040977,0.88959235,0.2675597,0.30918258,0.31285006,,,0.25776607,0.251795,,,0.2827146,0.28185326
0.5814533,0.5793129,0.89002746,0.27073878,0.31071454,0.30857414,,,0.25912333,0.25702435,,,0.28425175,0.28014088
0.5760639,0.58348286,0.8905095,0.26903725,0.30702662,0.3144456,,,0.27929586,0.27140462,,,0.2803641,0.28824264
0.5831667,0.573183,0.8892673,0.26708233,0.31608438,0.30610067,,,0.27035016,0.26528317,,,0.2893206,0.27844107
0.57539,0.57756406,0.8894246,0.26352948,0.3118605,0.31403458,,,0.2662331,0.26210946,,,0.2808485,0.2800424
0.58741146,0.5756925,0.89030606,0.27279788,0.31461358,0.3028946,,,0.27511775,0.27577913,,,0.2877441,0.27915645
0.5811807,0.5810584,0.88946384,0.27277523,0.30840546,0.30828315,,,0.2685687,0.28121048,,,0.28573668,0.29443657
0.5758039,0.59101176,0.8897223,0.27709335,0.29871053,0.3139184,,,0.23787737,0.28720528,,,0.2679376,0.294258
0.5846652,0.57953304,0.889542,0.27465618,0.310009,0.30487686,,,0.27894902,0.28719413,,,0.2875464,0.29244173
0.58384275,0.58456874,0.8893392,0.27907228,0.30477047,0.30549645,,,0.2918337,0.28099084,,,0.289679,0.2886995
0.58355546,0.5873451,0.8904307,0.2804699,0.30308557,0.30687523,,,0.2634411,0.2867965,,,0.2839507,0.2926876
0.58524954,0.57902026,0.8883049,0.27596492,0.30928463,0.30305535,,,0.27959347,0.27065414,,,0.28637975,0.2794826
0.57858455,0.58079875,0.89131856,0.26806474,0.3105198,0.312734,,,0.26914096,0.25792938,,,0.285236,0.2841243
0.5789766,0.5733246,0.8887922,0.26350898,0.3154676,0.30981565,,,0.264157,0.28185022,,,0.28773934,0.28981382
0.5748299,0.5879779,0.8920089,0.2707988,0.30403107,0.31717908,,,0.25966084,0.29545075,,,0.27410865,0.30326444
0.5862053,0.57615983,0.88852715,0.27383804,0.31236726,0.3023218,,,0.2654358,0.26162446,,,0.2841397,0.27928096
0.58666337,0.5885961,0.8921514,0.28310806,0.3035553,0.30548805,,,0.28308797,0.2966091,,,0.28780282,0.29665488
0.58130074,0.58087504,0.89233696,0.2698388,0.31146193,0.31103623,,,0.26505595,0.28140032,,,0.2833104,0.28531832
0.58534086,0.5855679,0.89059055,0.28031814,0.30502272,0.30524975,,,0.28707147,0.27505982,,,0.28321123,0.28558445
0.58256805,0.5829622,0.8908714,0.2746588,0.30790925,0.30830342,,,0.27370024,0.26371497,,,0.28136718,0.2787208
0.5740684,0.57939374,0.8895437,0.26391846,0.31014997,0.31547529,,,0.2474168,0.27243912,,,0.2747752,0.28978366
0.5846704,0.5799027,0.88875145,0.27582175,0.30884868,0.30408096,,,0.27060592,0.25870693,,,0.2891944,0.2799648
0.5779668,0.57646894,0.8892094,0.26522636,0.31274045,0.31124258,,,0.26671338,0.27423447,,,0.2871009,0.28826755
0.57803535,0.579834,0.88909805,0.2687713,0.30926406,0.3110627,,,0.26917088,0.2766549,,,0.2826836,0.2863785
0.5835874,0.5821589,0.889878,0.27586836,0.30771905,0.30629057,,,0.28871095,0.2684822,,,0.29445493,0.27943236
0.57941115,0.58299327,0.88962835,0.27277607,0.30663508,0.3102172,,,0.28623265,0.27417648,,,0.28958112,0.28631133
0.5743729,0.57913387,0.8885709,0.26493585,0.30943704,0.31419802,,,0.2689227,0.2778067,,,0.28251868,0.29268605
0.58560413,0.5828185,0.8906836,0.2777391,0.30786502,0.3050794,,,0.2756698,0.25628346,,,0.28575128,0.27832943
0.5810064,0.57951224,0.8912692,0.26924944,0.31175697,0.3102628,,,0.29000652,0.29854208,,,0.2955439,0.29544944
0.5828774,0.5812854,0.8892553,0.2749076,0.3079698,0.30637783,,,0.27344376,0.262024,,,0.28990436,0.27755404
0.5836594,0.5853597,0.8900163,0.2790028,0.30465662,0.3063569,,,0.28071392,0.30227214,,,0.28767353,0.2953347
0.58286226,0.57627016,0.8890916,0.27004087,0.3128214,0.3062293,,,0.25808364,0.25219357,,,0.28184485,0.27389568
0.58208954,0.57917166,0.88929856,0.27196264,0.3101269,0.307209,,,0.2623065,0.2537604,,,0.2851829,0.27616668
0.5803305,0.57990175,0.8892612,0.27097112,0.30935937,0.30893064,,,0.2735194,0.2734573,,,0.28197408,0.28731775
0.5826411,0.56935036,0.88928884,0.26270264,0.31993848,0.30664772,,,0.28178895,0.24325329,,,0.2925104,0.27026987
0.5785865,0.58224076,0.88934624,0.27148104,0.30710548,0.31075972,,,0.27672136,0.29060578,,,0.28172284,0.29250383
0.5793648,0.57266945,0.88903135,0.26300293,0.31636184,0.3096665,,,0.27420783,0.251472,,,0.28576356,0.27580673
0.5869187,0.5779363,0.8890332,0.2758218,0.3110969,0.3021145,,,0.26994395,0.26621985,,,0.28525865,0.27967983
0.581384,0.586336,0.8923725,0.2753476,0.3060364,0.31098843,,,0.27430624,0.27610302,,,0.28312045,0.28815293
0.5839077,0.5771562,0.88966715,0.27139676,0.31251097,0.30575943,,,0.28084922,0.26035058,,,0.29551435,0.2816841
0.58493435,0.5730932,0.8899932,0.26803434,0.3169,0.30505884,,,0.2692672,0.27323192,,,0.28734148,0.28364837
0.57925963,0.57377744,0.88858014,0.26445693,0.3148027,0.3093205,,,0.2901799,0.27714956,,,0.29136562,0.27971298
0.58452886,0.5738163,0.88969743,0.2686478,0.31588107,0.3051685,,,0.27258486,0.27070785,,,0.29051286,0.28312415
0.57284266,0.5810789,0.8885988,0.2653228,0.30751985,0.31575608,,,0.2610458,0.27391082,,,0.2759456,0.28444284
0.57689214,0.5785556,0.8891334,0.26631433,0.3105778,0.31224126,,,0.26355737,0.26453125,,,0.28275877,0.28284007
0.5777309,0.58044887,0.8883032,0.26987654,0.30785435,0.31057233,,,0.24080342,0.2505362,,,0.2743317,0.27536422
0.5805001,0.57128286,0.88842183,0.26336116,0.31713897,0.3079217,,,0.28511328,0.26726532,,,0.29112476,0.27840585
0.593948,0.58598685,0.8917925,0.28814238,0.30580562,0.29784447,,,0.29261094,0.284931,,,0.29436547,0.2824347
0.5824386,0.58370125,0.88998795,0.2761519,0.3062867,0.30754936,,,0.25587976,0.26204073,,,0.27986932,0.28371775
0.5829588,0.577132,0.8909214,0.2691694,0.31378943,0.3079626,,,0.27986592,0.26500922,,,0.2891295,0.28101045
0.57803905,0.580864,0.8888941,0.27000904,0.30803,0.31085497,,,0.27154458,0.2700346,,,0.28080875,0.28825825
0.57889634,0.5755874,0.89114845,0.26333535,0.315561,0.31225204,,,0.2690302,0.26322395,,,0.2835694,0.27804685
0.5808464,0.57706046,0.88817567,0.26973122,0.3111152,0.30732924,,,0.2455765,0.2626698,,,0.27787828,0.28267157
0.58832866,0.57952416,0.8910942,0.27675867,0.31157,0.3027655,,,0.26798046,0.26868182,,,0.28365183,0.28029972
0.5807854,0.58372986,0.89035416,0.2741611,0.3066243,0.30956876,,,0.29304105,0.2839235,,,0.29088682,0.28612244
0.58636785,0.5731535,0.889376,0.27014536,0.3162225,0.30300814,,,0.29953974,0.2607758,,,0.30050296,0.27564037
0.5781167,0.57896936,0.88866293,0.2684232,0.30969352,0.31054616,,,0.25132668,0.24490058,,,0.27873856,0.27278978
0.58484,0.5831662,0.8899083,0.27809787,0.30674213,0.3050683,,,0.24568409,0.26467878,,,0.27565128,0.28193468
0.5812702,0.58529824,0.89307845,0.27349007,0.30778015,0.31180817,,,0.26898235,0.28327638,,,0.28077698,0.28892714
0.585918,0.5931317,0.8925792,0.28647053,0.29944748,0.3066612,,,0.26725364,0.2892875,,,0.28317642,0.29175127
0.58423567,0.58768535,0.8912977,0.28062332,0.30361235,0.30706203,,,0.27586555,0.29608917,,,0.28328145,0.2907818
0.5820194,0.5811289,0.88713294,0.27601534,0.30600405,0.30511355,,,0.27651304,0.28179634,,,0.28950167,0.2925483
0.58142823,0.5836278,0.88939667,0.27565932,0.3057689,0.3079685,,,0.26125383,0.28134292,,,0.27849734,0.29010224
0.5716424,0.58170414,0.88937944,0.2639671,0.3076753,0.31773704,,,0.26835996,0.27353317,,,0.28344828,0.28941375
0.5727308,0.5870997,0.8918833,0.26794714,0.30478364,0.31915253,,,0.2797382,0.29496217,,,0.2868998,0.29787558
0.57745457,0.5868627,0.88838977,0.27592748,0.30152708,0.3109352,,,0.24837816,0.27833205,,,0.26990342,0.2941581
0.57911956,0.5814916,0.8904253,0.27018583,0.30893373,0.31130576,,,0.25369012,0.26110816,,,0.2782988,0.27893025
0.5847906,0.5802624,0.8917634,0.27328962,0.31150097,0.3069728,,,0.29471242,0.3000108,,,0.29112166,0.2893653
0.58377033,0.58350873,0.89070773,0.27657127,0.30719906,0.30693746,,,0.26190138,0.2754569,,,0.2820117,0.28651303
0.5820615,0.5771415,0.8875735,0.27162957,0.31043196,0.30551195,,,0.2568379,0.25445575,,,0.2793889,0.27832472
0.58310866,0.5846524,0.89050853,0.27725255,0.3058561,0.30739987,,,0.28887612,0.25734776,,,0.2900204,0.27971876
0.57656956,0.57894635,0.8891884,0.2663275,0.31024206,0.31261885,,,0.26149303,0.25961697,,,0.28286493,0.2816189
0.5856044,0.57960355,0.8897289,0.27547908,0.31012535,0.30412447,,,0.27663404,0.2797172,,,0.287485,0.28251195
0.58140904,0.59201324,0.8919003,0.28152204,0.299887,0.3104912,,,0.26312602,0.2894768,,,0.27862847,0.29284483
0.57361794,0.58184665,0.89156586,0.2638988,0.30971915,0.31794786,,,0.26223677,0.25877482,,,0.27869505,0.28225154
0.57148373,0.5905777,0.8900925,0.27196896,0.29951477,0.31860876,,,0.2456637,0.2829979,,,0.26981223,0.29559332
0.5788624,0.58252835,0.89098275,0.27040803,0.3084544,0.31212032,,,0.25697446,0.26065654,,,0.2743463,0.27989012
0.5913714,0.57835317,0.89115244,0.27857214,0.31279927,0.29978102,,,0.29322612,0.2663806,,,0.29270577,0.2766754
0.5868314,0.5814873,0.89248735,0.2758314,0.311,0.3056559,,,0.28297418,0.27544028,,,0.2953561,0.28571516
0.57776845,0.58406913,0.8907121,0.2711255,0.30664295,0.31294364,,,0.27020985,0.27926534,,,0.28721792,0.29281265
0.57835764,0.5847557,0.88938874,0.27372462,0.30463302,0.3110311,,,0.2616794,0.28109068,,,0.276933,0.28998995
0.5831939,0.5703944,0.88788706,0.26570123,0.31749266,0.30469316,,,0.2656936,0.25211483,,,0.286331,0.27088684
0.57473254,0.57788026,0.8902264,0.26238638,0.31234616,0.31549388,,,0.25874597,0.2815011,,,0.27890885,0.2915572
0.5819981,0.56928295,0.8887847,0.2624964,0.3195017,0.30678654,,,0.2723974,0.26214844,,,0.28895193,0.28077728
0.58056855,0.5845657,0.8903193,0.2748149,0.30575365,0.3097508,,,0.2835589,0.27803212,,,0.2836938,0.2878623
0.58496946,0.5814307,0.8927,0.27370018,0.31126928,0.3077305,,,0.27222568,0.25512958,,,0.2915126,0.27941793
0.58197474,0.58260554,0.89175963,0.2728207,0.30915403,0.30978483,,,0.2733034,0.2517414,,,0.28409576,0.27938318
0.5929836,0.5850451,0.89221346,0.28581524,0.30716836,0.29922986,,,0.27897447,0.26164532,,,0.28513694,0.27304476
0.5809369,0.5890113,0.89114755,0.27880067,0.30213624,0.31021065,,,0.27438414,0.29438823,,,0.28355944,0.29723537
0.58447397,0.58271384,0.8912521,0.2759357,0.30853826,0.30677813,,,0.2805165,0.2719586,,,0.29207468,0.28543282
0.5882769,0.57948196,0.8908362,0.27692276,0.31135416,0.3025592,,,0.2730298,0.26344866,,,0.28382522,0.2789818
0.58034575,0.5838516,0.8919757,0.27222162,0.30812413,0.31162995,,,0.26176572,0.27962798,,,0.27805513,0.2915423
0.5858906,0.57390845,0.8892551,0.270544,0.3153466,0.30336446,,,0.28504312,0.27924144,,,0.29644638,0.28407168
0.5817536,0.5760572,0.8883796,0.26943123,0.31232238,0.30662596,,,0.28514922,0.26629758,,,0.2948683,0.28757238
0.5851668,0.5789877,0.89099514,0.27315938,0.31200743,0.30582833,,,0.29103202,0.285869,,,0.2960385,0.2904324
0.58636713,0.58670366,0.8925101,0.28056067,0.30580646,0.306143,,,0.27599293,0.27328253,,,0.2876302,0.284266
0.5746206,0.58325213,0.89080226,0.2670704,0.3075502,0.31618172,,,0.27517903,0.27708828,,,0.2883851,0.29171908
0.58645475,0.5760374,0.88998646,0.2725057,0.31394905,0.3035317,,,0.28842908,0.26141202,,,0.29821253,0.27801865
0.5766374,0.58351356,0.8913192,0.2688318,0.3078056,0.31468177,,,0.25196284,0.24168175,,,0.27809727,0.2753576
0.5654392,0.58373034,0.8878143,0.26135528,0.30408394,0.32237506,,,0.25030333,0.2556895,,,0.27481133,0.28662962
0.5794866,0.5807915,0.8920341,0.26824397,0.31124264,0.3125475,,,0.2759353,0.27802885,,,0.28837347,0.29070038
0.5810483,0.5875299,0.8917975,0.27678066,0.30426764,0.31074923,,,0.29750758,0.30011898,,,0.2913295,0.29527158
0.57439244,0.58634937,0.8921095,0.2686323,0.30576015,0.31771708,,,0.28093547,0.29974025,,,0.28464687,0.30177557
0.582955,0.58412194,0.8884279,0.27864903,0.30430597,0.3054729,,,0.28091294,0.27330238,,,0.28177387,0.2843073
0.5816428,0.583974,0.89252466,0.2730921,0.30855072,0.3108819,,,0.28057772,0.27074265,,,0.28990012,0.28566718
0.5814634,0.5858656,0.89247626,0.2748528,0.30661058,0.3110128,,,0.28350884,0.28541034,,,0.29072618,0.28797144
0.5712807,0.5781666,0.8887656,0.26068175,0.31059897,0.31748486,,,0.2686761,0.25896686,,,0.28349006,0.28337038
0.5775102,0.58282554,0.89048123,0.26985455,0.30765563,0.312971,,,0.28246164,0.2787634,,,0.2870987,0.28765398
0.57906914,0.58345497,0.8897779,0.2727462,0.30632293,0.31070876,,,0.2682346,0.29871988,,,0.27744734,0.29231673
0.58605635,0.58878505,0.89121526,0.28362614,0.3024302,0.3051589,,,0.26272565,0.27581674,,,0.27755868,0.28904015
0.58618313,0.5813564,0.8915295,0.2760101,0.31017303,0.3053463,,,0.2824933,0.26325727,,,0.28597987,0.28073746
0.57798016,0.5709497,0.88797176,0.26095808,0.3170221,0.3099916,,,0.26098388,0.2772367,,,0.28518432,0.28863597
0.58056474,0.57768,0.89043134,0.26781338,0.31275135,0.3098666,,,0.29079884,0.24834692,,,0.29461908,0.27386254
0.57899815,0.5740603,0.8881694,0.26488912,0.31410903,0.3091712,,,0.28554463,0.2529704,,,0.28618473,0.27593488
0.58801675,0.5754384,0.88823247,0.27522266,0.3127941,0.30021572,,,0.26336986,0.24812675,,,0.2843088,0.27586436
0.5834589,0.5800839,0.8890623,0.27448046,0.30897844,0.30560344,,,0.2637353,0.2529924,,,0.2844147,0.2799536
0.5855119,0.5831482,0.8906461,0.27801406,0.30749786,0.30513412,,,0.28917015,0.2801171,,,0.2922564,0.28262407
0.57830805,0.5820937,0.8903285,0.2700733,0.30823475,0.31202042,,,0.27312,0.2515185,,,0.28786057,0.28250176
0.58533806,0.57881457,0.89177793,0.2723747,0.31296337,0.30643988,,,0.28556037,0.27669626,,,0.29007328,0.2828011
0.5803127,0.5877639,0.89007354,0.2780031,0.30230963,0.3097608,,,0.25958174,0.29126716,,,0.27657062,0.29128462
0.58159614,0.5822853,0.88876873,0.2751127,0.30648345,0.3071726,,,0.26975083,0.272902,,,0.28464532,0.29085702
0.5859959,0.58302724,0.889897,0.27912617,0.30686975,0.30390108,,,0.2853986,0.2685036,,,0.2889589,0.28348827
0.58241504,0.58491856,0.8912848,0.27604878,0.30636626,0.30886978,,,0.27178156,0.26770455,,,0.2828806,0.2836852
0.58432055,0.58266056,0.89190084,0.27508026,0.30924028,0.3075803,,,0.27317923,0.27002597,,,0.28590858,0.28410238
0.5897647,0.572549,0.8894759,0.27283782,0.3169269,0.29971117,,,0.26653057,0.25273257,,,0.2894392,0.27448928
0.56960446,0.5769942,0.8864149,0.2601837,0.30942076,0.3168105,,,0.26926243,0.27319342,,,0.27913725,0.28740597
0.5777292,0.5897224,0.8917782,0.27567345,0.30205578,0.31404895,,,0.27088022,0.2825054,,,0.28428477,0.29290032
0.58344936,0.57875675,0.890965,0.2712412,0.31220818,0.30751556,,,0.2775752,0.27862322,,,0.2914458,0.28753674
0.5802643,0.5840467,0.8897191,0.2745918,0.30567247,0.30945492,,,0.2668892,0.2938866,,,0.27904624,0.28997707
0.5828136,0.5848738,0.89237493,0.27531248,0.30750114,0.3095613,,,0.28002024,0.2916934,,,0.28463376,0.2912467
0.57854545,0.58325976,0.88826877,0.27353638,0.30500907,0.30972338,,,0.26653725,0.2650481,,,0.28473824,0.28537267
0.5850185,0.5810145,0.8905069,0.2755261,0.3094924,0.3054884,,,0.27249593,0.2700011,,,0.28394407,0.28720665
0.5845829,0.58385146,0.8901368,0.2782976,0.30628532,0.30555385,,,0.28920484,0.29056948,,,0.29027057,0.29223025
0.5893532,0.58021677,0.89299977,0.2765702,0.312783,0.30364656,,,0.30147243,0.2609011,,,0.29899406,0.28331053
0.5758186,0.56717527,0.88638407,0.25660986,0.31920874,0.3105654,,,0.25188583,0.25161082,,,0.2823698,0.27791327
0.5812567,0.5833366,0.8882931,0.27630013,0.30495656,0.30703646,,,0.29684323,0.28378737,,,0.2961738,0.290807
0.5868031,0.58747554,0.8893884,0.28489023,0.30191284,0.3025853,,,0.27096587,0.29078752,,,0.2831757,0.29782742
0.58268833,0.5803367,0.8905854,0.2724396,0.31024873,0.3078971,,,0.26021546,0.25838172,,,0.2789867,0.27811575
0.5745977,0.5756006,0.8888296,0.26136875,0.31322896,0.31423187,,,0.25644642,0.2700919,,,0.28125793,0.2903819
0.57742375,0.57614934,0.88861275,0.2649603,0.31246346,0.31118906,,,0.27697402,0.2516529,,,0.2854457,0.27532536
0.58905596,0.57836723,0.88977605,0.2776472,0.31140876,0.30072004,,,0.28402573,0.27251536,,,0.29636246,0.27931446
0.58185816,0.5825257,0.8907418,0.27364206,0.3082161,0.3088836,,,0.2879203,0.26695704,,,0.29074174,0.28122574
0.5873858,0.57765883,0.88976705,0.2752775,0.31210828,0.30238134,,,0.24664861,0.28401017,,,0.2778828,0.28776205
0.5842569,0.5822257,0.89093065,0.27555192,0.30870497,0.30667377,,,0.27400613,0.25026363,,,0.2860185,0.2734874
0.58267415,0.59073603,0.89341366,0.2799965,0.30267763,0.31073952,,,0.26916587,0.28312123,,,0.28238708,0.2931149
0.5819963,0.5824114,0.8897282,0.27467954,0.30731678,0.30773187,,,0.25980568,0.27253884,,,0.2842998,0.28606927
0.5726942,0.58171386,0.88820523,0.26620275,0.30649143,0.3155111,,,0.2555815,0.2925232,,,0.2781909,0.29308027
0.57679224,0.5756465,0.8893232,0.26311558,0.31367666,0.31253093,,,0.28223175,0.25526494,,,0.29279768,0.27634853
0.57840484,0.5811182,0.89126855,0.26825446,0.31015038,0.31286377,,,0.2665276,0.27798927,,,0.28112513,0.29228693
0.57429004,0.577325,0.8886834,0.26293164,0.3113584,0.31439334,,,0.26232922,0.27090186,,,0.27924615,0.28927362
0.58515763,0.5704092,0.8899493,0.2656175,0.31954014,0.3047917,,,0.27223194,0.2630334,,,0.29112178,0.2780152
0.58323675,0.5827311,0.8899052,0.27606273,0.30717403,0.3066684,,,0.2800864,0.28026426,,,0.2882411,0.28941393
0.5733697,0.58314645,0.88896537,0.2675507,0.30581897,0.31559575,,,0.26060247,0.2648012,,,0.28029186,0.2862972
0.5764216,0.5856121,0.89205986,0.26997393,0.30644768,0.31563818,,,0.24100733,0.27655172,,,0.27296823,0.29408884
0.5882915,0.5854181,0.89155644,0.2821532,0.30613834,0.30326492,,,0.27212238,0.2637257,,,0.2880873,0.2808038
0.5793799,0.5784955,0.8900602,0.26781523,0.31156468,0.31068027,,,0.25780576,0.25822234,,,0.28074443,0.2781369
0.5818411,0.5747229,0.89072394,0.26584005,0.31600106,0.30888283,,,0.26999313,0.2560827,,,0.28674197,0.27600437
0.5804068,0.58724856,0.89049447,0.27716088,0.3032459,0.31008768,,,0.28443474,0.3074357,,,0.28333324,0.29776454
0.5777439,0.57392204,0.88981676,0.26184916,0.31589472,0.31207287,,,0.2574879,0.2587822,,,0.2794165,0.27727753
0.59188545,0.575929,0.8913764,0.27643812,0.31544733,0.29949087,,,0.27674115,0.27901262,,,0.29408574,0.28563297
0.5786117,0.58536786,0.8906052,0.27337432,0.30523735,0.31199354,,,0.25370783,0.26867038,,,0.2766177,0.28835964
0.5808466,0.5843137,0.8899437,0.27521658,0.30563003,0.3090971,,,0.29178727,0.27004153,,,0.28970218,0.28481793
0.5844748,0.58576286,0.8916731,0.27856457,0.30591023,0.3071983,,,0.27001774,0.28203553,,,0.2814662,0.2866863
0.58061594,0.5790517,0.89042765,0.26923996,0.31137598,0.3098117,,,0.27950162,0.2712162,,,0.2897507,0.28421587
0.59001267,0.5779346,0.8886341,0.2793132,0.31069946,0.29862142,,,0.2864365,0.26156592,,,0.29088563,0.27466506
0.58704436,0.58340764,0.891177,0.279275,0.30776936,0.30413264,,,0.28280395,0.28235596,,,0.29337734,0.28981477
0.5836053,0.5801155,0.88948035,0.2742405,0.3093648,0.305875,,,0.27155334,0.25815338,,,0.28881562,0.2803899
0.58314914,0.57895654,0.8882224,0.27388328,0.30926585,0.30507326,,,0.25859392,0.26446915,,,0.28134245,0.283247
0.57679343,0.5857166,0.8882868,0.2742232,0.30257022,0.3114934,,,0.260369,0.28919804,,,0.2808131,0.29091948
0.5782516,0.58186233,0.8893481,0.27076584,0.30748576,0.3110965,,,0.26338845,0.2693329,,,0.2788818,0.28644526
0.58248246,0.5751542,0.89054984,0.2670868,0.31539565,0.30806738,,,0.26628655,0.2672214,,,0.2859034,0.27765983
0.5809443,0.5769439,0.88861984,0.26926833,0.31167597,0.30767554,,,0.2938677,0.28458554,,,0.2942832,0.28516716
0.58396566,0.57524467,0.890615,0.26859534,0.31537032,0.30664933,,,0.25795782,0.2823375,,,0.28647125,0.28317952
0.57782876,0.57763994,0.8890394,0.2664293,0.31139946,0.31121063,,,0.2593071,0.24912864,,,0.27882636,0.2761234
0.5825269,0.58396375,0.89075226,0.27573842,0.3067885,0.30822533,,,0.2539531,0.2693252,,,0.2779135,0.28723222
0.5836203,0.5756984,0.8889632,0.27035546,0.31326485,0.3053429,,,0.2799694,0.2567432,,,0.28850955,0.2799524
0.5715486,0.5827976,0.88936794,0.2649783,0.3065703,0.3178193,,,0.2550223,0.27510315,,,0.27161962,0.29280323
0.58348256,0.58551055,0.8907101,0.278283,0.30519956,0.30722755,,,0.2675317,0.3002134,,,0.28668034,0.30085075
0.57914627,0.5801118,0.8902741,0.26898402,0.31016225,0.31112778,,,0.2757597,0.27275395,,,0.28603268,0.28622442
0.5822666,0.5776775,0.8874721,0.27247196,0.30979466,0.30520552,,,0.2689181,0.24661696,,,0.2858956,0.27611566
0.5759165,0.58415246,0.8890313,0.2710377,0.30487883,0.31311476,,,0.27694333,0.26739043,,,0.28319764,0.28892076
0.58569896,0.58213645,0.8882139,0.2796216,0.30607736,0.30251485,,,0.27516913,0.26417768,,,0.288638,0.27714068
0.5703893,0.58302164,0.88932294,0.26408798,0.3063013,0.31893367,,,0.25790048,0.2733099,,,0.27827752,0.29184514
0.58685875,0.5848979,0.8924905,0.27926612,0.30759263,0.30563176,,,0.30535245,0.30394274,,,0.29340643,0.29703343
0.5815813,0.5787528,0.8892894,0.27104473,0.31053656,0.30770808,,,0.2600757,0.27370578,,,0.28527623,0.28470445
0.584268,0.5899577,0.8891604,0.2850653,0.29920268,0.30489242,,,0.27221245,0.29102504,,,0.28420782,0.2936949
0.5734913,0.5835073,0.88810337,0.26889527,0.304596,0.31461203,,,0.27067918,0.27452493,,,0.27707046,0.28339654
0.5774275,0.58073527,0.89110565,0.26705718,0.31037033,0.3136781,,,0.24246407,0.2643401,,,0.27105218,0.28167486
0.59018934,0.57650447,0.8900911,0.2766027,0.31358665,0.29990178,,,0.27248907,0.2661562,,,0.28831214,0.27952248
0.578496,0.58424926,0.8900928,0.27265245,0.30584353,0.3115968,,,0.2673288,0.26025748,,,0.27856994,0.27746838
0.58341956,0.57963115,0.8899047,0.27314597,0.3102736,0.30648518,,,0.26253742,0.2698511,,,0.28582054,0.28358966
0.581043,0.5821251,0.88987243,0.27329576,0.30774724,0.30882937,,,0.28279394,0.26473945,,,0.29043198,0.27931052
0.5852386,0.5854,0.8903966,0.28024197,0.3049966,0.30515802,,,0.28458905,0.27550775,,,0.2919029,0.28634524
0.5795145,0.5894319,0.8913762,0.2775702,0.30194432,0.3118617,,,0.2727484,0.27918255,,,0.280643,0.29321623
0.5850264,0.5791333,0.8915662,0.27259344,0.31243294,0.30653983,,,0.28637296,0.28590906,,,0.2925077,0.28979748
0.58201814,0.5717244,0.88800013,0.26574242,0.31627572,0.305982,,,0.26240587,0.23568624,,,0.28577054,0.2705167
0.5781694,0.57296026,0.88970935,0.26142037,0.31674904,0.3115399,,,0.27415037,0.26350582,,,0.28848112,0.28140068
0.5793789,0.57626504,0.8902393,0.26540464,0.31397426,0.3108604,,,0.26453364,0.25207895,,,0.28587478,0.27933234
0.5756968,0.57938385,0.89119744,0.26388323,0.3118136,0.31550062,,,0.2837544,0.2578488,,,0.2869318,0.28124565
0.5770925,0.57711935,0.8873503,0.26686156,0.31023097,0.3102578,,,0.25898796,0.26606798,,,0.27613658,0.28462774
0.5779458,0.5811686,0.89078915,0.2683252,0.30962062,0.31284338,,,0.28558433,0.26087964,,,0.2886963,0.2779762
0.5879369,0.5869198,0.889884,0.28497267,0.3029642,0.30194712,,,0.28063512,0.2951212,,,0.28786552,0.29134768
0.5768384,0.57743675,0.8875862,0.266689,0.31014937,0.31074774,,,0.25016445,0.244272,,,0.2703967,0.2747805
0.58887017,0.584807,0.89199114,0.28168607,0.3071841,0.3031209,,,0.2716288,0.26732624,,,0.28443813,0.28147197
0.57555616,0.5797211,0.8913758,0.26390147,0.3116547,0.31581962,,,0.2603451,0.26877803,,,0.28327715,0.28913397
0.5835285,0.5863452,0.89039373,0.27947998,0.30404854,0.30686522,,,0.2608471,0.27945805,,,0.27502084,0.28963506
0.577572,0.58312786,0.88972527,0.27097458,0.3065974,0.31215328,,,0.26820654,0.26837903,,,0.28299648,0.28575015
0.583596,0.58073425,0.8894961,0.27483416,0.30876184,0.3059001,,,0.25157928,0.27014107,,,0.27921915,0.28138417
0.58855015,0.5863438,0.89309347,0.2818005,0.30674964,0.30454332,,,0.2772615,0.26112795,,,0.28820753,0.27759963
0.5721571,0.57820356,0.88969153,0.26066905,0.31148803,0.3175345,,,0.28096747,0.27225316,,,0.28858685,0.28209597
0.5772197,0.5790982,0.88936186,0.2669561,0.31026363,0.31214213,,,0.2566834,0.29047513,,,0.28427482,0.29357523
0.5879046,0.5846914,0.891568,0.28102797,0.3068766,0.30366343,,,0.29356694,0.28606802,,,0.29414898,0.2907576
0.58594227,0.5870509,0.8959299,0.2770633,0.30887896,0.3099876,,,0.29576278,0.28791404,,,0.29983526,0.29604024
0.5818151,0.5835324,0.8911628,0.27418476,0.30763036,0.30934763,,,0.27698314,0.25400543,,,0.29117686,0.2805491
0.58115804,0.5770519,0.89158213,0.2666278,0.31453025,0.3104241,,,0.28551364,0.2954799,,,0.28417397,0.29770267
0.584576,0.5783325,0.8912818,0.27162677,0.31294924,0.3067057,,,0.25804263,0.25696033,,,0.28406084,0.27895647
0.5873091,0.585088,0.89119065,0.2812065,0.30610263,0.30388153,,,0.3012268,0.28751987,,,0.29867405,0.294998
0.5889037,0.5777552,0.88866395,0.27799493,0.3109088,0.29976028,,,0.27731198,0.29349536,,,0.29029107,0.28792703
0.5752165,0.5781521,0.8892825,0.26408607,0.3111304,0.31406605,,,0.2792158,0.26538503,,,0.28936368,0.28397256
0.58715904,0.57369995,0.8889024,0.27195656,0.31520247,0.3017434,,,0.28182018,0.26819873,,,0.29625052,0.28447402
0.58273494,0.579713,0.8905586,0.27188933,0.3108456,0.30782366,,,0.2762556,0.27006727,,,0.29238594,0.28289938
0.57283133,0.58259994,0.8881238,0.26730746,0.30552387,0.31529248,,,0.27976644,0.27260417,,,0.28762037,0.29081625
0.5768701,0.5795312,0.8878614,0.2685399,0.30833018,0.3109913,,,0.26707327,0.25845158,,,0.27881455,0.28171158
0.5814174,0.57769465,0.88848233,0.27062964,0.31078774,0.307065,,,0.27706224,0.2521813,,,0.28782403,0.2775364
0.5843189,0.5812428,0.8908777,0.27468395,0.30963492,0.30655885,,,0.30117494,0.27319527,,,0.2992524,0.28411686
0.5764549,0.58662987,0.8909192,0.27216554,0.30428934,0.31446433,,,0.27506715,0.28221655,,,0.2808113,0.2943728
0.5809488,0.5690321,0.8877604,0.2622205,0.31872833,0.30681157,,,0.2761057,0.23413002,,,0.29123765,0.26725847
0.5861063,0.5776884,0.88952774,0.27426702,0.31183928,0.30342138,,,0.28422892,0.2803182,,,0.29420733,0.28244203
0.58495194,0.57613075,0.88883865,0.2722441,0.31270784,0.30388665,,,0.25895864,0.27191156,,,0.28711706,0.28353977
0.58542466,0.5748623,0.8915135,0.26877338,0.31665128,0.30608892,,,0.2817911,0.2811011,,,0.29449922,0.2933371
0.57889134,0.573709,0.887183,0.26541728,0.31347406,0.30829173,,,0.2726996,0.25228477,,,0.28764677,0.2738948
0.58094585,0.5829545,0.89016694,0.27373344,0.3072124,0.3092211,,,0.26869965,0.2775491,,,0.28279585,0.29071712
0.5812121,0.58169043,0.88907236,0.27383024,0.30738187,0.3078602,,,0.2743994,0.2717067,,,0.28902406,0.28922153
0.58906245,0.5826566,0.89126134,0.28045774,0.30860472,0.3021989,,,0.2550614,0.28010792,,,0.28007966,0.2879486
0.57892835,0.57210124,0.88513434,0.26589525,0.3130331,0.306206,,,0.2583055,0.2333222,,,0.27706128,0.2707411
0.58399665,0.57257193,0.8915688,0.26499975,0.3189969,0.3075722,,,0.25654358,0.26281178,,,0.27886665,0.2786479
0.5775719,0.57889664,0.889808,0.26666063,0.3109113,0.312236,,,0.27438104,0.28763866,,,0.28878123,0.28975886
0.5853816,0.5812434,0.89207786,0.27454716,0.31083447,0.30669624,,,0.28413135,0.27825594,,,0.29121935,0.28813165
0.5880637,0.57830703,0.89050627,0.27586448,0.31219923,0.30244255,,,0.3056612,0.2813459,,,0.2956406,0.28196245
0.57500947,0.5745218,0.88969517,0.25983608,0.3151734,0.3146857,,,0.26299715,0.2595451,,,0.28307158,0.28384334
0.579896,0.577111,0.89027506,0.26673192,0.31316406,0.3103791,,,0.27586168,0.2634433,,,0.29091972,0.28416246
0.5885816,0.57700974,0.8874804,0.27811098,0.31047064,0.29889876,,,0.26729214,0.25507432,,,0.28561717,0.27400857
0.58571184,0.5773227,0.88890904,0.27412552,0.31158632,0.3031972,,,0.26837373,0.25704706,,,0.2826692,0.27322686
0.5769143,0.57691133,0.8878682,0.26595742,0.3109569,0.31095392,,,0.27824008,0.26427227,,,0.28823084,0.28333074
0.5830761,0.58393574,0.889805,0.27720684,0.30586928,0.3067289,,,0.2876687,0.28337908,,,0.29246092,0.2899719
0.58284664,0.58434105,0.89184886,0.27533883,0.3075078,0.30900222,,,0.26991063,0.2739554,,,0.2869162,0.28740323
0.5799217,0.58491135,0.8886796,0.27615345,0.30376828,0.3087579,,,0.26674634,0.27659035,,,0.2793678,0.28298122
0.58437884,0.5849104,0.8920641,0.27722514,0.3071537,0.30768526,,,0.28862125,0.29741156,,,0.29068518,0.29850435
0.57719994,0.57872033,0.8882142,0.2677061,0.30949384,0.31101424,,,0.25951642,0.2672674,,,0.28087854,0.28651655
0.5890753,0.5821728,0.89127165,0.27997655,0.30909878,0.30219626,,,0.30385023,0.26858878,,,0.3001697,0.2830013
0.57674843,0.58220065,0.8890693,0.26987982,0.3068686,0.31232083,,,0.25233972,0.25625288,,,0.27432084,0.2769925
0.5811724,0.58877856,0.89020914,0.27974182,0.30143058,0.30903673,,,0.26584703,0.28014654,,,0.28014904,0.28336972
0.573063,0.577374,0.8884393,0.2619977,0.31106532,0.31537628,,,0.2602982,0.2569843,,,0.27970022,0.2806455
0.5775558,0.57738745,0.88972694,0.2652163,0.31233948,0.31217116,,,0.28813398,0.26656657,,,0.2926767,0.28187543
0.5802481,0.58275163,0.8915771,0.27142262,0.3088255,0.311329,,,0.26624626,0.28860712,,,0.27998072,0.2917375
0.57885134,0.58521706,0.8906565,0.273412,0.30543935,0.31180507,,,0.2657358,0.27891952,,,0.28351945,0.29025233
0.5802906,0.58819664,0.8905425,0.2779448,0.3023458,0.31025183,,,0.2666613,0.27794474,,,0.2796458,0.28830177
0.5883679,0.5821658,0.89072615,0.2798075,0.30856037,0.30235827,,,0.28894413,0.261586,,,0.2935062,0.28298324
0.58691466,0.5822501,0.892533,0.27663177,0.3102829,0.30561835,,,0.29659593,0.27140695,,,0.29824102,0.28227508
0.5774673,0.5870681,0.89110327,0.27343214,0.3040352,0.31363595,,,0.2825663,0.27690834,,,0.29219574,0.2902602
0.58571523,0.57818556,0.8913671,0.27253377,0.31318146,0.30565178,,,0.27778614,0.26209027,,,0.29044104,0.2727998
0.5738463,0.5862158,0.88865125,0.27141082,0.30243546,0.31480497,,,0.2614336,0.2791087,,,0.2799859,0.29075086
0.5798187,0.5828222,0.8898211,0.27281982,0.3069989,0.3100024,,,0.25690895,0.28396308,,,0.27946824,0.28455293
0.589071,0.5828419,0.89247346,0.27943945,0.30963153,0.30340242,,,0.29212743,0.26908267,,,0.2911049,0.28119248
0.5751726,0.5754462,0.88763934,0.26297945,0.31219316,0.31246674,,,0.26723582,0.25948167,,,0.27923262,0.27523583
0.57903016,0.5839437,0.89019555,0.27277833,0.30625182,0.3111654,,,0.2634163,0.27532822,,,0.2871657,0.28671747
0.5772278,0.5835088,0.8909269,0.26980966,0.3074181,0.31369913,,,0.2777019,0.28040576,,,0.286627,0.29120493
0.58826745,0.5811401,0.89167655,0.27773106,0.31053638,0.30340904,,,0.28680694,0.2725219,,,0.28980082,0.2802524
0.57943445,0.580219,0.8915408,0.2681126,0.31132185,0.31210637,,,0.25694573,0.27176565,,,0.28036827,0.2858051
0.58794206,0.5817449,0.89195347,0.27773356,0.3102085,0.30401134,,,0.28093952,0.27723324,,,0.2923326,0.28804016
0.5747179,0.58057916,0.8886598,0.26663727,0.3080806,0.3139419,,,0.25810558,0.24610841,,,0.28319067,0.27240002
0.576957,0.5830089,0.8888922,0.2710737,0.3058833,0.3119352,,,0.28169674,0.2769174,,,0.28494692,0.28963667
0.57928294,0.58681697,0.8902215,0.27587843,0.3034045,0.31093854,,,0.2835741,0.28769654,,,0.28415364,0.29073185
0.5816877,0.5863801,0.89056987,0.27749795,0.30418974,0.30888218,,,0.25222796,0.29180682,,,0.27427846,0.29268426
0.5739137,0.58167803,0.8878428,0.26774895,0.30616474,0.31392908,,,0.2672292,0.28582674,,,0.28118312,0.29268914
0.57572156,0.5842035,0.88855726,0.27136773,0.30435383,0.31283575,,,0.24301285,0.25932014,,,0.2734589,0.28400546
0.5861734,0.5765112,0.8919299,0.27075475,0.31541866,0.30575645,,,0.26953864,0.26679903,,,0.28815222,0.2802261
0.57749283,0.5841681,0.8899383,0.2717226,0.30577022,0.31244546,,,0.28302157,0.2891521,,,0.28668928,0.29170382
0.5824459,0.57155395,0.8890461,0.26495373,0.3174922,0.3066002,,,0.26975554,0.2563691,,,0.28858113,0.276003
0.57341814,0.5789702,0.8896779,0.26271045,0.3107077,0.31625974,,,0.2732786,0.2698071,,,0.2812884,0.2867416
0.5852001,0.5829233,0.8925749,0.27554846,0.3096516,0.30737484,,,0.27342415,0.2846213,,,0.29086345,0.29433715
0.58681315,0.58410347,0.8925554,0.27836114,0.308452,0.30574232,,,0.29193145,0.28463894,,,0.29493552,0.29257607
0.58524364,0.5901637,0.8920841,0.2833233,0.30192035,0.30684042,,,0.269516,0.2861172,,,0.28246647,0.29041594
0.5848435,0.58095336,0.89071625,0.27508062,0.3097629,0.30587274,,,0.26768786,0.26387423,,,0.28363013,0.27963984
0.57863295,0.56965184,0.88911545,0.25916934,0.3194636,0.3104825,,,0.265193,0.2570436,,,0.28742218,0.279935
0.57722044,0.57849944,0.890417,0.2653029,0.31191754,0.31319654,,,0.27150643,0.27329236,,,0.28626013,0.28779697
0.58557415,0.5765331,0.88981706,0.27229017,0.31328398,0.3042429,,,0.28505147,0.27153337,,,0.29346788,0.284312
0.5850929,0.5785285,0.89101046,0.27261096,0.31248194,0.30591756,,,0.27002543,0.25031137,,,0.28613067,0.2716419
0.58486474,0.58259606,0.89240336,0.27505744,0.3098073,0.30753863,,,0.25480086,0.28513497,,,0.28042215,0.2946986
0.5773063,0.57948756,0.88919246,0.26760137,0.3097049,0.3118862,,,0.2636913,0.25799477,,,0.285159,0.27918088
0.58715385,0.5804338,0.890139,0.27744865,0.3097052,0.30298513,,,0.25339794,0.25091916,,,0.280661,0.27625543
0.5854485,0.5732812,0.89091045,0.26781934,0.31762916,0.30546188,,,0.25082976,0.25841534,,,0.2834186,0.27356702
0.5788478,0.5759114,0.8895791,0.26518005,0.31366777,0.31073135,,,0.26073748,0.27155066,,,0.28287023,0.28925437
0.5862525,0.5827058,0.889567,0.2793913,0.30686122,0.3033145,,,0.29001987,0.29032892,,,0.28987145,0.29071087
0.5747613,0.5736743,0.8895124,0.25892317,0.3158381,0.31475115,,,0.26655746,0.26129693,,,0.29250103,0.2792827
0.5842286,0.58417773,0.8901057,0.27830052,0.30592805,0.3058772,,,0.25053787,0.2631839,,,0.27430278,0.27813995
0.5811112,0.5902252,0.8928613,0.2784751,0.3026361,0.3117501,,,0.26643103,0.29176265,,,0.28244996,0.29364806
0.5793908,0.57772505,0.88856757,0.26854837,0.31084245,0.30917668,,,0.2607321,0.24948758,,,0.28321826,0.27549326
0.581464,0.57893693,0.8882395,0.27216136,0.30930263,0.30677557,,,0.2658592,0.29135633,,,0.28393936,0.28865433
0.5828451,0.5775136,0.88809854,0.27226013,0.31058496,0.30525345,,,0.28319782,0.2603935,,,0.29179722,0.2778449
0.5823996,0.58288497,0.8909794,0.27430522,0.30809438,0.30857974,,,0.2896285,0.2720673,,,0.2918759,0.28156453
0.57422304,0.57518935,0.88898385,0.26042855,0.3137945,0.3147608,,,0.26763022,0.29422975,,,0.28297704,0.29664588
0.58121675,0.5756632,0.8904061,0.26647383,0.31474292,0.30918938,,,0.26909357,0.24527454,,,0.28492838,0.2730955
0.5821718,0.5780995,0.8911155,0.2691558,0.313016,0.3089437,,,0.2765621,0.25620586,,,0.28725272,0.27906024
0.57851505,0.5817226,0.8906516,0.2695861,0.30892897,0.31213653,,,0.27666473,0.29176527,,,0.2896037,0.2902578
0.5866828,0.58580244,0.89255774,0.2799275,0.3067553,0.30587494,,,0.2779395,0.27760148,,,0.29047406,0.28638804
0.5829076,0.5768738,0.8869369,0.27284455,0.31006306,0.30402923,,,0.24352747,0.25538784,,,0.27493614,0.27365327
0.5761675,0.5765439,0.884903,0.26780838,0.30835915,0.30873555,,,0.25038373,0.26822674,,,0.27540785,0.28518063
0.5886135,0.5880344,0.89067596,0.28597194,0.30264157,0.30206245,,,0.28611773,0.2789194,,,0.289667,0.28448832
0.587065,0.5847976,0.8930669,0.27879572,0.30826926,0.3060019,,,0.28327292,0.3055961,,,0.29145873,0.29700625
0.57621384,0.57559276,0.8872524,0.2645542,0.31165963,0.31103855,,,0.2781378,0.26173276,,,0.2882201,0.2824552
0.58866,0.574894,0.88857883,0.27497512,0.31368488,0.2999189,,,0.2937563,0.2704345,,,0.298127,0.2814169
0.5842998,0.58443797,0.8885194,0.28021836,0.30408144,0.3042196,,,0.2703892,0.2569028,,,0.28560966,0.28294945
0.57696223,0.5814319,0.8898473,0.26854682,0.3084154,0.3128851,,,0.24843705,0.26251036,,,0.2767288,0.28301686
0.5824051,0.5793904,0.88953894,0.27225655,0.31014854,0.30713385,,,0.28579873,0.25688642,,,0.29607475,0.28020334
0.58426833,0.5767039,0.8893054,0.27166682,0.3126015,0.30503708,,,0.26613092,0.25138897,,,0.27978623,0.2688889
0.57947564,0.5806943,0.8898077,0.27036226,0.30911338,0.31033206,,,0.2616741,0.26534325,,,0.28677416,0.28308386
0.58841705,0.5748397,0.89114493,0.27211183,0.31630522,0.30272788,,,0.24859846,0.26603442,,,0.2796923,0.2821588
0.58266234,0.58035815,0.8896188,0.27340168,0.30926067,0.30695647,,,0.2696371,0.27689695,,,0.284604,0.28814018
0.5859097,0.5779301,0.886152,0.2776878,0.30822194,0.3002423,,,0.27308863,0.253303,,,0.28990257,0.28006583
0.57523835,0.5895884,0.88929224,0.2755345,0.29970384,0.3140539,,,0.24934518,0.27317238,,,0.271524,0.29007977
0.58071816,0.58092475,0.8883997,0.2732432,0.30747497,0.30768156,,,0.2817768,0.27066135,,,0.28980976,0.2847787
0.5847658,0.5799947,0.890824,0.27393645,0.31082934,0.30605823,,,0.27765077,0.27595627,,,0.28959793,0.2849443
0.5788372,0.5753521,0.88894767,0.26524168,0.31359553,0.3101104,,,0.28785586,0.26974893,,,0.29386938,0.285506
0.5816859,0.57931036,0.8907581,0.2702381,0.3114478,0.30907226,,,0.27118075,0.2765869,,,0.28586686,0.28557807
0.57657385,0.5806346,0.88888043,0.268328,0.30824584,0.31230658,,,0.2485972,0.26979786,,,0.27226895,0.2859792
0.5804243,0.57211983,0.89059365,0.2619505,0.31847382,0.31016934,,,0.29327947,0.2678004,,,0.2954626,0.27619684
0.58609104,0.580969,0.8912388,0.2758212,0.31026983,0.30514777,,,0.28023583,0.26991707,,,0.28834218,0.2826141
0.5795243,0.57635456,0.88762295,0.26825583,0.31126845,0.30809873,,,0.25708193,0.25770223,,,0.27935088,0.27647042
0.5814134,0.58157736,0.8892703,0.2737205,0.3076929,0.30785686,,,0.26779133,0.26450098,,,0.27996302,0.284653
0.57709575,0.5835485,0.89110583,0.26953846,0.30755728,0.31401002,,,0.27380443,0.2707507,,,0.28841066,0.28570324
0.5745589,0.57094836,0.8868548,0.2586525,0.3159064,0.31229585,,,0.25521898,0.26938814,,,0.28431737,0.28266084
0.5815978,0.5768167,0.889192,0.2692225,0.3123753,0.30759418,,,0.27581358,0.26030266,,,0.2912135,0.28336716
0.5751598,0.5808609,0.88805926,0.26796138,0.3071984,0.31289953,,,0.2635392,0.26225573,,,0.27877146,0.2860362
0.58020914,0.5826549,0.89025784,0.27260613,0.307603,0.31004876,,,0.27887744,0.276281,,,0.2862631,0.29064167
0.5888493,0.5792887,0.88985425,0.27828377,0.31056553,0.30100495,,,0.26542485,0.2522298,,,0.28804165,0.27596343
0.579328,0.58813596,0.8924668,0.27499723,0.30433077,0.31313872,,,0.26576918,0.27714777,,,0.28573364,0.29403615
0.5753393,0.5868543,0.8918825,0.27031106,0.30502826,0.31654322,,,0.24778807,0.28626245,,,0.273782,0.30158007
0.58556867,0.5788913,0.88897663,0.2754833,0.31008536,0.30340797,,,0.2711004,0.2740813,,,0.28657532,0.28404647
0.5798367,0.58276033,0.8890167,0.27358037,0.30625635,0.30917996,,,0.27848345,0.27169752,,,0.288688,0.2866137
0.5885398,0.5762008,0.89077556,0.273965,0.31457478,0.30223578,,,0.28222787,0.28955746,,,0.29140043,0.2861982
0.5835304,0.5838853,0.89189583,0.2755199,0.30801052,0.3083654,,,0.27366382,0.2641253,,,0.2882468,0.28205925
0.5796274,0.58194834,0.8901386,0.27143717,0.30819023,0.31051117,,,0.26885712,0.25570232,,,0.28573847,0.28160745
0.57299316,0.5776955,0.88931966,0.261369,0.31162417,0.3163265,,,0.24642742,0.2519999,,,0.273946,0.27587855
0.58008826,0.58065605,0.89209324,0.26865107,0.3114372,0.31200498,,,0.24901336,0.27439386,,,0.27621412,0.28577316
0.5786627,0.5832739,0.88920593,0.2727306,0.3059321,0.3105433,,,0.27466816,0.27532655,,,0.27747136,0.28566968
0.5761076,0.57903713,0.8905433,0.2646014,0.3115062,0.31443572,,,0.26434833,0.28923035,,,0.2837209,0.28964776
0.5816082,0.57769,0.8900955,0.2692027,0.31240547,0.3084873,,,0.2888384,0.27000868,,,0.29057056,0.28203702
0.58130586,0.5767799,0.8893891,0.26869673,0.31260914,0.30808318,,,0.2755494,0.26561278,,,0.2873463,0.28502315
0.5844734,0.57994723,0.8921454,0.2722752,0.31219816,0.30767202,,,0.2797091,0.2771942,,,0.28957176,0.28688186
0.58648145,0.5772538,0.8899667,0.27376854,0.3127129,0.30348527,,,0.26918036,0.26639527,,,0.29023284,0.28146106
0.577348,0.57238424,0.8900963,0.25963593,0.31771207,0.3127483,,,0.26778817,0.25899923,,,0.2870503,0.2817313
0.5847024,0.5823928,0.8889606,0.27813458,0.3065678,0.30425823,,,0.2560585,0.2535367,,,0.27729428,0.27883136
0.57780796,0.57946897,0.8884708,0.26880604,0.30900192,0.31066293,,,0.25090277,0.27939248,,,0.2726214,0.29191113
0.58417785,0.5887273,0.8906122,0.28229302,0.30188483,0.30643427,,,0.27663523,0.2837159,,,0.2823795,0.28694463
0.5813607,0.57100296,0.8885916,0.26377207,0.31758863,0.3072309,,,0.27174497,0.25281632,,,0.29017913,0.277363
0.58895683,0.5803646,0.89124304,0.27807838,0.31087846,0.3022862,,,0.2769814,0.28212923,,,0.28719026,0.28399682
0.57827526,0.5777733,0.8896766,0.26637197,0.3119033,0.3114013,,,0.27409542,0.25783366,,,0.28191084,0.28488225
0.5879305,0.5813336,0.8912648,0.27799928,0.30993122,0.3033343,,,0.27997023,0.27346975,,,0.29387397,0.28340137
0.5732571,0.5770069,0.8891946,0.26106942,0.31218767,0.31593746,,,0.2790221,0.27789646,,,0.28541827,0.2953207
0.57817656,0.581719,0.8900406,0.26985496,0.3083216,0.31186402,,,0.27531987,0.29707962,,,0.28590447,0.29944444
0.58340275,0.57820266,0.8888976,0.27270776,0.310695,0.3054949,,,0.27073383,0.28218365,,,0.28731668,0.28620946
0.5793553,0.5841378,0.88954055,0.2739526,0.3054027,0.3101852,,,0.25996298,0.2623533,,,0.2774387,0.28218454
0.5761322,0.5784373,0.88965124,0.26491827,0.3112139,0.31351906,,,0.26851052,0.2805214,,,0.2810526,0.29305166
0.58037305,0.57913995,0.8900882,0.2694248,0.31094825,0.30971515,,,0.28408355,0.2650184,,,0.29058582,0.27918714
0.57189053,0.5788671,0.8908339,0.25992364,0.3119669,0.31894344,,,0.29072845,0.27228433,,,0.29111505,0.2877769
0.58270586,0.58081007,0.8901149,0.27340102,0.30930483,0.30740905,,,0.2767648,0.2637968,,,0.2883923,0.28152186
0.5872369,0.5794915,0.8890375,0.2776909,0.309546,0.3018006,,,0.28253108,0.28916436,,,0.28873652,0.2906795
0.5824185,0.5770024,0.88904524,0.27037573,0.31204277,0.30662668,,,0.28518254,0.26908463,,,0.2925564,0.28363818
0.5758325,0.578258,0.8889402,0.2651502,0.3106823,0.3131078,,,0.26872313,0.25308263,,,0.2839715,0.276123
0.5749279,0.58139175,0.8891606,0.26715904,0.30776888,0.3142327,,,0.2846859,0.29375648,,,0.28579724,0.29665768
0.5819468,0.5830064,0.8889108,0.27604246,0.30590433,0.30696392,,,0.2720071,0.28909576,,,0.28161538,0.28770983
0.57771325,0.57584167,0.88941467,0.26414025,0.313573,0.31170142,,,0.28983814,0.27105576,,,0.2907629,0.2851432
0.57316923,0.5673425,0.88657343,0.25393832,0.3192309,0.3134042,,,0.27266896,0.2438727,,,0.28718853,0.26938367
0.57826257,0.58766174,0.89014506,0.27577925,0.30248332,0.3118825,,,0.25944966,0.27696872,,,0.27640796,0.28711045
0.577743,0.5792716,0.8873039,0.26971072,0.30803227,0.3095609,,,0.27056026,0.2679811,,,0.2833019,0.28621727
0.5765553,0.58351123,0.89080036,0.26926625,0.30728906,0.314245,,,0.27819687,0.26411211,,,0.28569627,0.28180307
0.58549476,0.5748818,0.889471,0.27090555,0.3145892,0.30397624,,,0.27593493,0.27035868,,,0.28431702,0.27705348
0.5870179,0.5812345,0.89121544,0.27703702,0.30998087,0.3041975,,,0.25976634,0.28601742,,,0.2827022,0.2855113
0.5875423,0.57506233,0.8898687,0.2727359,0.3148064,0.30232644,,,0.2742951,0.2409324,,,0.29066408,0.2712171
0.5835581,0.57423836,0.88844484,0.26935154,0.31420654,0.30488682,,,0.25879872,0.27248502,,,0.28130937,0.2857641
0.569695,0.5818393,0.88871497,0.26281935,0.30687565,0.31901997,,,0.2654673,0.2804258,,,0.27797484,0.29031014
0.58666515,0.5802434,0.890287,0.27662152,0.31004363,0.3036219,,,0.3054968,0.27036297,,,0.30051607,0.28341216
0.58534014,0.5807116,0.8906009,0.27545083,0.30988932,0.30526078,,,0.27701712,0.27423286,,,0.28814536,0.281884
0.5906024,0.57702345,0.89290094,0.27472496,0.31587744,0.3022985,,,0.28070474,0.288917,,,0.29129493,0.28483248
0.5786663,0.5778419,0.8905631,0.26594514,0.3127212,0.31189674,,,0.27006292,0.25185508,,,0.2798742,0.2798999
0.5768777,0.57815254,0.8885589,0.26647133,0.3104064,0.3116812,,,0.24473059,0.26437104,,,0.26889455,0.28423023
0.5849665,0.57809097,0.89002407,0.27303338,0.3119331,0.3050576,,,0.2517861,0.26665384,,,0.2778511,0.2855693
0.5853425,0.5765407,0.8901146,0.27176863,0.3135739,0.30477208,,,0.26877975,0.26631916,,,0.29026186,0.28528094
0.579779,0.5870185,0.89073735,0.27606016,0.30371886,0.31095833,,,0.2907433,0.27308786,,,0.29250002,0.28900135
0.5750253,0.58319473,0.8874267,0.27079338,0.30423194,0.31240135,,,0.24699461,0.26934314,,,0.27197963,0.28716266
0.5795645,0.5843983,0.88924485,0.274718,0.30484653,0.30968034,,,0.25690162,0.27782845,,,0.28344434,0.29412478
0.58322,0.58769935,0.88934463,0.2815748,0.30164522,0.30612457,,,0.27114064,0.306777,,,0.28048497,0.29788125
0.5820935,0.58437216,0.8913721,0.27509356,0.30699992,0.3092786,,,0.25564885,0.27037454,,,0.28079307,0.28735477
0.580739,0.5841745,0.89144087,0.27347267,0.30726635,0.31070185,,,0.25476885,0.2750548,,,0.2847619,0.28901547
0.5791031,0.5806216,0.89092356,0.26880115,0.31030196,0.31182045,,,0.2737453,0.27571177,,,0.2859065,0.2837301
0.57908714,0.5748302,0.8867238,0.2671935,0.31189364,0.30763668,,,0.27124035,0.26910758,,,0.28178018,0.2803269
0.57386607,0.582175,0.88903224,0.2670089,0.30685717,0.31516612,,,0.27069926,0.27421921,,,0.28550184,0.2881031
0.58267736,0.58286226,0.8909954,0.27454424,0.30813313,0.30831802,,,0.27752233,0.29181325,,,0.28728563,0.2926619
0.5882769,0.58440447,0.8912381,0.28144324,0.30683368,0.30296123,,,0.26665467,0.28598905,,,0.28104955,0.2889809
0.58049977,0.5875345,0.8888381,0.2791962,0.30130357,0.30833828,,,0.27545214,0.27404475,,,0.28447646,0.2882017
0.5911521,0.59029186,0.89232135,0.28912258,0.3020295,0.30116928,,,0.282907,0.28501928,,,0.2877903,0.28816164
0.5896597,0.5749421,0.88890916,0.27569264,0.31396705,0.29924947,,,0.26845378,0.25667274,,,0.28617638,0.2742691
0.5892184,0.57443905,0.8923936,0.27126384,0.31795454,0.3031752,,,0.29295892,0.2551862,,,0.2958665,0.2776196
0.5792966,0.5747136,0.8881631,0.2658471,0.3134495,0.3088665,,,0.2776488,0.25197262,,,0.28848898,0.27183175
0.57843864,0.58395106,0.89241797,0.2699718,0.30846685,0.31397927,,,0.26113105,0.27039236,,,0.27863586,0.28999633
0.5841223,0.5824944,0.8907249,0.27589178,0.30823052,0.3066026,,,0.26984584,0.28229094,,,0.2809173,0.28382766
0.57887226,0.5809548,0.8897688,0.2700582,0.30881405,0.31089658,,,0.25383693,0.26694363,,,0.27725196,0.284724
0.5859804,0.5756775,0.890328,0.27132994,0.31465048,0.30434757,,,0.27231473,0.27025998,,,0.2903307,0.28076124
0.58081716,0.5915443,0.8897669,0.2825945,0.29822266,0.30894977,,,0.28242218,0.29013395,,,0.28762084,0.29382187
0.58672625,0.5794903,0.88937974,0.27683687,0.30988938,0.30265343,,,0.27817297,0.26941192,,,0.28840697,0.27939188
0.58877814,0.5825363,0.8914897,0.2798248,0.30895334,0.3027115,,,0.28312796,0.28014314,,,0.29111618,0.2836842
0.5805239,0.57817394,0.88819,0.27050787,0.31001604,0.30766606,,,0.26379985,0.28419423,,,0.28483832,0.28832173
0.57487667,0.58041435,0.8890138,0.26627725,0.3085994,0.3141371,,,0.25834483,0.24659896,,,0.2774368,0.28119105
0.58080876,0.5830877,0.8903028,0.27359366,0.3072151,0.30949402,,,0.28293204,0.26338696,,,0.28926623,0.28307557
0.58151233,0.57415116,0.88949203,0.26617146,0.31534088,0.3079797,,,0.26530236,0.25788957,,,0.2879668,0.28038836
0.57941484,0.5855968,0.892111,0.27290064,0.3065142,0.31269616,,,0.27774632,0.27693152,,,0.28708202,0.2902953
0.5902109,0.5789108,0.8893868,0.27973497,0.31047595,0.29917586,,,0.2732836,0.25797373,,,0.28874952,0.27602583
0.5734521,0.5779505,0.8884547,0.26294792,0.3105042,0.31500256,,,0.24423051,0.26692206,,,0.2754702,0.28963017
0.57979625,0.57690823,0.8902364,0.26646805,0.3133282,0.31044018,,,0.27524823,0.2687602,,,0.28921658,0.2800277
0.5691565,0.5785257,0.8874664,0.26021582,0.3089407,0.3183099,,,0.2526195,0.2579409,,,0.27077448,0.2812181
0.5829103,0.5843814,0.89175165,0.27554,0.3073703,0.3088414,,,0.25819743,0.2791112,,,0.27844954,0.28575802
0.58440715,0.58538675,0.89200497,0.27778888,0.30661827,0.30759788,,,0.2789855,0.27892894,,,0.29174107,0.29359728
0.5823915,0.5849172,0.8908299,0.27647877,0.30591273,0.30843842,,,0.2728631,0.2944758,,,0.2791056,0.28803635
0.5790787,0.5839617,0.89043224,0.27260816,0.3064705,0.31135356,,,0.27399534,0.2804289,,,0.28594983,0.29059798
0.5770395,0.58207434,0.88641286,0.27270103,0.30433846,0.30937332,,,0.26437366,0.24679232,,,0.28086263,0.2787159
0.5748194,0.5811032,0.88693374,0.2689889,0.30583048,0.3121143,,,0.2561109,0.25420326,,,0.27249616,0.2825116
0.5890354,0.5838523,0.8940338,0.2788539,0.3101815,0.3049984,,,0.2918437,0.2970044,,,0.29414552,0.29186422
0.59011567,0.5832776,0.8905073,0.28288597,0.3072297,0.3003916,,,0.29178756,0.2759546,,,0.29049665,0.27913433
0.5837181,0.5792881,0.88924104,0.27376527,0.30995286,0.30552286,,,0.2825703,0.25851625,,,0.2902488,0.2779804
0.5777481,0.5817771,0.892514,0.26701117,0.31073695,0.31476593,,,0.28095287,0.25498354,,,0.28767157,0.2820238
0.57703376,0.58721447,0.8902141,0.27403414,0.30299962,0.31318033,,,0.24003333,0.2904132,,,0.27099735,0.29615414
0.5863825,0.5897567,0.8889414,0.28719783,0.29918468,0.3025589,,,0.28942108,0.28278148,,,0.28931415,0.28841144
0.5798576,0.5823417,0.8922866,0.26991266,0.30994493,0.312429,,,0.28330958,0.26542485,,,0.29020315,0.28479773
0.57800794,0.5771241,0.890334,0.26479805,0.3132099,0.31232607,,,0.25145197,0.25903988,,,0.27700377,0.28249532
0.5802356,0.5799091,0.8905474,0.2695973,0.3106383,0.3103118,,,0.26945066,0.2489695,,,0.28510004,0.2821825
0.58394504,0.57759297,0.89139,0.27014798,0.31379706,0.307445,,,0.2912203,0.28108186,,,0.2997989,0.2895261
0.5913054,0.58034855,0.8908953,0.28075868,0.3105467,0.29958987,,,0.29866427,0.2716388,,,0.2965036,0.28574806
0.59158266,0.5758141,0.8884157,0.2789811,0.31260157,0.29683304,,,0.29381526,0.27304935,,,0.29619575,0.28098452
0.5891385,0.59104896,0.89090246,0.289285,0.2998535,0.30176395,,,0.2894985,0.28491116,,,0.28925556,0.28761137
0.5792314,0.5804245,0.8881999,0.27145588,0.3077755,0.3089686,,,0.27321482,0.2644238,,,0.28223222,0.28006595
0.58378345,0.5843858,0.89189,0.27627927,0.30750418,0.30810654,,,0.26242667,0.28648132,,,0.2798586,0.2869197
0.5734726,0.5765918,0.88705885,0.2630056,0.310467,0.31358618,,,0.25371486,0.2493844,,,0.2754985,0.279666
0.5788981,0.5853666,0.8920687,0.272196,0.30670208,0.3131706,,,0.27994734,0.28258544,,,0.28651989,0.29184562
0.5802073,0.57936025,0.88982093,0.26974666,0.31046063,0.3096136,,,0.2684003,0.2648942,,,0.28286588,0.28047276
0.58875406,0.5749153,0.8877696,0.27589977,0.3128543,0.29901552,,,0.29612112,0.27717584,,,0.29213184,0.28030527
0.5841178,0.579506,0.8912772,0.27234662,0.3117712,0.30715936,,,0.2768765,0.25109714,,,0.28476822,0.27486807
0.5812553,0.5850798,0.89136946,0.27496564,0.30628967,0.31011415,,,0.29432857,0.26263982,,,0.29521543,0.28244424
0.5775815,0.5793377,0.8903739,0.26654536,0.31103617,0.31279236,,,0.2606746,0.24335432,,,0.28374642,0.27986473
0.57334304,0.57629466,0.88961333,0.26002437,0.31331867,0.3162703,,,0.24868518,0.2637356,,,0.27668613,0.28201073
0.5816811,0.5792651,0.89075303,0.2701931,0.31148797,0.30907202,,,0.28366357,0.26499027,,,0.29028028,0.27964264
0.57493186,0.58008015,0.8884466,0.26656538,0.30836648,0.31351477,,,0.28446954,0.265038,,,0.28765154,0.28760666
0.58305347,0.58434355,0.8926136,0.27478343,0.30827004,0.30956012,,,0.2780459,0.29415667,,,0.2893002,0.29096204
0.5752849,0.5921167,0.8878055,0.27959603,0.29568887,0.31252068,,,0.27756685,0.27893168,,,0.2807833,0.29510027
0.5891703,0.5826163,0.8915202,0.28026634,0.30890393,0.30234998,,,0.27901506,0.27708888,,,0.2896818,0.28989005
0.5823256,0.5783621,0.88881147,0.27187622,0.31044936,0.3064859,,,0.2535817,0.26755363,,,0.2800141,0.28228354
0.58654976,0.5866507,0.889745,0.2834555,0.30309427,0.30319524,,,0.29826707,0.30395883,,,0.29546928,0.2969191
0.5764544,0.57924914,0.88724107,0.26846248,0.30799192,0.31078666,,,0.2685389,0.25518692,,,0.28221852,0.2812364
0.5828821,0.5854728,0.8899242,0.27843076,0.30445135,0.30704206,,,0.2788788,0.2693178,,,0.28238595,0.2859792
0.5866176,0.58091074,0.8896948,0.27783358,0.308784,0.30307716,,,0.28458893,0.27787173,,,0.29057193,0.28168565
0.5807781,0.5792302,0.8882778,0.27173048,0.30904764,0.3074997,,,0.25217456,0.2703504,,,0.2756229,0.2807353
0.58583546,0.5825212,0.8891813,0.27917534,0.30666012,0.30334586,,,0.25833172,0.2652201,,,0.2816857,0.27858323
0.578393,0.5793028,0.8887911,0.2689047,0.3094883,0.3103981,,,0.26874042,0.2682529,,,0.28519106,0.2845794
0.5816821,0.577997,0.89079493,0.26888424,0.31279784,0.3091128,,,0.27572817,0.28421253,,,0.28600228,0.2897939
0.5699626,0.5789893,0.88677573,0.26217628,0.30778635,0.31681305,,,0.25480598,0.27389032,,,0.27513677,0.28844547
0.58561736,0.5815017,0.89174503,0.275374,0.31024337,0.30612773,,,0.27934945,0.2751314,,,0.2894382,0.2855444
0.5797384,0.58402944,0.89166147,0.27210635,0.30763203,0.3119231,,,0.27288336,0.2838037,,,0.28450108,0.29481018
0.5788709,0.582533,0.891262,0.2701419,0.308729,0.3123911,,,0.2745208,0.27631474,,,0.2855397,0.2892226
0.58341014,0.5830971,0.89010334,0.2764039,0.30700624,0.3066932,,,0.27825695,0.27380264,,,0.284207,0.28337818
0.5862411,0.5761834,0.89156973,0.27085483,0.3153863,0.30532855,,,0.27533787,0.25169957,,,0.2878964,0.27259046
0.5798402,0.5858964,0.89247036,0.2732662,0.306574,0.31263018,,,0.25484258,0.28579706,,,0.27616698,0.29066926
0.58259004,0.5824206,0.8904485,0.27456218,0.30802786,0.3078584,,,0.26932716,0.2600547,,,0.2819674,0.28218383
0.58116186,0.58299714,0.88876885,0.2753902,0.30577165,0.30760694,,,0.26387537,0.2883016,,,0.27915674,0.29051787
0.58487,0.5824676,0.89029294,0.2770447,0.30782527,0.3054229,,,0.2776143,0.2859354,,,0.28823942,0.28767747
0.576448,0.57308745,0.88984245,0.25969297,0.31675506,0.3133945,,,0.27229667,0.26002795,,,0.28708947,0.27934235
0.58685744,0.5802508,0.89265865,0.27444965,0.3124078,0.30580115,,,0.29900515,0.29211986,,,0.29930443,0.29033273
0.5770863,0.5843501,0.8899678,0.27146864,0.3056177,0.31288147,,,0.27456158,0.26527375,,,0.28378785,0.28444064
0.58083665,0.5758677,0.8884733,0.26823115,0.3126055,0.30763656,,,0.27757972,0.2701761,,,0.28922945,0.28550065
0.5817543,0.58396924,0.89052474,0.27519882,0.3065555,0.30877042,,,0.2677629,0.29058468,,,0.28310084,0.2919184
0.5784192,0.58118707,0.89108664,0.26851958,0.30989963,0.3126675,,,0.26248145,0.28596705,,,0.28316247,0.29516023
0.5878735,0.57771635,0.89179,0.27379984,0.31407368,0.3039165,,,0.2715844,0.2746086,,,0.2911511,0.28706944
0.586961,0.5754889,0.89106095,0.2713889,0.31557208,0.30410004,,,0.28401822,0.2700466,,,0.2921152,0.2801385
0.57617533,0.58392,0.8882978,0.27179754,0.3043778,0.31212246,,,0.25104213,0.2778042,,,0.27628046,0.28793865
0.58464134,0.5747142,0.89064264,0.26871288,0.31592846,0.3060013,,,0.26247942,0.26121116,,,0.2851351,0.27950573
0.59261703,0.57888234,0.8907028,0.2807966,0.31182045,0.29808575,,,0.2798128,0.2705472,,,0.28917164,0.27779526
0.5837505,0.5775638,0.8898026,0.27151167,0.3122388,0.30605215,,,0.2733153,0.24752796,,,0.28905982,0.27469003
0.5908505,0.5776944,0.8915369,0.277008,0.31384248,0.30068642,,,0.2887929,0.25751936,,,0.29283667,0.2772637
0.5833882,0.57980204,0.8895919,0.27359837,0.30978984,0.30620366,,,0.29597723,0.27120483,,,0.29788995,0.2847032
0.5775285,0.57915974,0.8890657,0.26762253,0.30990595,0.3115372,,,0.2653386,0.26039338,,,0.28442556,0.27964294
0.5809186,0.5819073,0.88918155,0.27364427,0.30727434,0.308263,,,0.26109588,0.27241838,,,0.27967298,0.28864396
0.57637405,0.5825553,0.8903061,0.26862323,0.30775082,0.31393206,,,0.274113,0.27556002,,,0.281532,0.28529668
0.58474255,0.58270234,0.8903365,0.27710843,0.30763412,0.3055939,,,0.2688607,0.27544326,,,0.27990013,0.2811634
0.57508445,0.57795167,0.8879854,0.2650507,0.31003374,0.31290096,,,0.26266885,0.2522118,,,0.2812816,0.27466547
0.586185,0.5800886,0.8897023,0.27657127,0.3096137,0.30351734,,,0.28129107,0.2776342,,,0.29257882,0.2845248
0.5737292,0.588478,0.8903638,0.27184343,0.30188578,0.3166346,,,0.27562833,0.28451222,,,0.28317016,0.29391903
0.5849143,0.57376826,0.8870727,0.2716099,0.31330442,0.30215836,,,0.25854874,0.26368523,,,0.285735,0.27943414
0.5795414,0.5718658,0.88953817,0.26186907,0.3176723,0.30999672,,,0.2699178,0.26384056,,,0.2898944,0.27976483
0.57090056,0.5874156,0.88745904,0.2708571,0.30004346,0.31655848,,,0.258426,0.28176826,,,0.27666527,0.2967583
0.58077765,0.5771902,0.8890164,0.26895142,0.31182623,0.3082388,,,0.26972795,0.27774817,,,0.28437096,0.28534418
0.58546376,0.58377516,0.89285624,0.27638268,0.30908108,0.30739248,,,0.28430617,0.28956944,,,0.28599876,0.29384875
0.5838053,0.5783463,0.8911063,0.27104527,0.31276006,0.30730104,,,0.27211708,0.26752043,,,0.28625202,0.28164023
0.5845049,0.57520854,0.88892436,0.27078915,0.31371576,0.3044194,,,0.26597524,0.25900155,,,0.28513438,0.2794391
0.57421803,0.5712472,0.88857687,0.2568884,0.31732965,0.31435883,,,0.26514208,0.2693643,,,0.28468418,0.28702897
0.58224535,0.57275516,0.88814026,0.2668602,0.31538516,0.30589497,,,0.27576005,0.2559321,,,0.29034692,0.27777046
0.5835271,0.5758501,0.8891461,0.27023113,0.31329596,0.305619,,,0.28515995,0.26092887,,,0.29183412,0.27748817
0.585146,0.57935226,0.8906274,0.27387094,0.31127506,0.3054813,,,0.26783264,0.2673192,,,0.29192853,0.28704256
0.5901551,0.57508624,0.89069265,0.2745487,0.31560642,0.30053753,,,0.28728223,0.27024716,,,0.2951957,0.28297615
0.5839292,0.5786487,0.89082396,0.2717539,0.31217527,0.30689478,,,0.24197805,0.26556945,,,0.2760712,0.27821308
0.58041644,0.5714345,0.88877845,0.2630725,0.31734395,0.308362,,,0.28297853,0.2479803,,,0.2933302,0.28356922
0.5803296,0.5858685,0.88987005,0.27632797,0.30400163,0.3095405,,,0.27808195,0.28617048,,,0.28203148,0.2884407
0.5815165,0.581511,0.89001346,0.27301407,0.30850244,0.30849695,,,0.2879852,0.2858513,,,0.28942227,0.2908448
0.5813036,0.5816783,0.8913852,0.27159667,0.30970693,0.3100816,,,0.27300304,0.29469383,,,0.28803754,0.29618293
0.58607197,0.5773387,0.8872614,0.27614927,0.3099227,0.30118942,,,0.26132876,0.2635364,,,0.28345472,0.2771988
0.57282066,0.58298504,0.8868301,0.26897562,0.30384505,0.31400943,,,0.26556402,0.26876622,,,0.28338552,0.28806657
0.5864097,0.58667076,0.88974226,0.2833382,0.3030715,0.30333257,,,0.27562565,0.2767082,,,0.2778474,0.28728938
0.5723021,0.58014256,0.8849789,0.2674657,0.3048364,0.31267685,,,0.26124078,0.2560556,,,0.27962232,0.27975506
0.5785351,0.58176184,0.89064527,0.26965165,0.30888343,0.3121102,,,0.27686077,0.27408487,,,0.28268087,0.28778946
0.58449566,0.5815046,0.88998747,0.27601278,0.3084829,0.3054918,,,0.27496105,0.27458656,,,0.2800935,0.28438842
0.57495797,0.58006644,0.8898728,0.26515162,0.30980635,0.31491482,,,0.25332105,0.2624272,,,0.2751031,0.28165042
0.58071935,0.5840802,0.8905097,0.27428985,0.3064295,0.30979037,,,0.2901054,0.26236552,,,0.29287648,0.28246987
0.5850116,0.5790428,0.8900445,0.27400988,0.31100172,0.3050329,,,0.2902254,0.2746693,,,0.29889774,0.2872715
0.58097994,0.5806907,0.891023,0.2706477,0.31033224,0.31004298,,,0.26500773,0.27913874,,,0.28367865,0.29093105
0.590487,0.5782664,0.89148194,0.27727145,0.31321555,0.30099493,,,0.2742291,0.25601143,,,0.2909972,0.27422273
0.57608485,0.5848741,0.8899582,0.2710008,0.30508405,0.3138733,,,0.27263665,0.27283406,,,0.2839856,0.28729725
0.5854345,0.576407,0.8895271,0.27231443,0.31312007,0.3040926,,,0.27468055,0.2663197,,,0.29000163,0.28329676
0.5921795,0.5735266,0.89192915,0.273777,0.31840247,0.2997496,,,0.29137486,0.27042156,,,0.29834908,0.27828497
0.5730639,0.5771493,0.8881317,0.26208156,0.31098235,0.3150677,,,0.2728632,0.2570889,,,0.2889297,0.28280532
0.5798975,0.5816666,0.8906604,0.2709037,0.30899382,0.31076288,,,0.25540185,0.26970446,,,0.2755422,0.286519
0.58551496,0.57960993,0.8898481,0.27527678,0.31023818,0.30433315,,,0.26611543,0.26291597,,,0.28762466,0.28452516
0.5885647,0.588626,0.8909885,0.28620225,0.30236244,0.30242378,,,0.29191977,0.26670116,,,0.28800142,0.28230107
0.5752286,0.5788349,0.88903844,0.26502502,0.31020355,0.31380987,,,0.25374025,0.2572801,,,0.28112614,0.2821542
0.581336,0.5824169,0.88792187,0.27583104,0.30550498,0.30658585,,,0.26394933,0.25367326,,,0.2837602,0.2800284
0.58166087,0.574178,0.8896547,0.26618415,0.31547672,0.30799383,,,0.25316685,0.24851978,,,0.28498036,0.2776469
0.5889218,0.58934855,0.892048,0.28622234,0.30269945,0.30312622,,,0.29493338,0.29835284,,,0.2891361,0.294195
0.58066773,0.57416594,0.8894416,0.26539207,0.31527567,0.30877388,,,0.28264827,0.2572195,,,0.29162246,0.27753258
0.578776,0.5837964,0.88777435,0.27479804,0.30397797,0.30899835,,,0.24509174,0.272471,,,0.27161568,0.28741693
0.5825043,0.57270384,0.88852054,0.26668757,0.3158167,0.30601627,,,0.25976127,0.25471413,,,0.2817164,0.2790615
0.5792494,0.58194983,0.8910925,0.27010673,0.30914265,0.3118431,,,0.26404017,0.28363258,,,0.28168786,0.29466355
0.58353937,0.58720434,0.8902912,0.2804525,0.30308688,0.30675185,,,0.27610546,0.27478057,,,0.28764033,0.28841555
0.58804333,0.5842204,0.8917664,0.2804973,0.30754602,0.3037231,,,0.29168797,0.26815623,,,0.29494584,0.28184533
0.5862525,0.5818931,0.88902545,0.2791202,0.3071323,0.30277288,,,0.2926675,0.28283995,,,0.291911,0.28855562
0.5841902,0.57664037,0.8892423,0.2715882,0.31260198,0.30505216,,,0.27129263,0.2622757,,,0.28743857,0.27708912
0.5884837,0.5881805,0.89078814,0.28587598,0.30260772,0.3023045,,,0.26649326,0.28370398,,,0.28929484,0.28745902
0.58775866,0.58187723,0.8886087,0.2810272,0.30673146,0.30085003,,,0.25981075,0.27845472,,,0.28012842,0.28232664
0.58322537,0.5820945,0.8889249,0.27639502,0.30683035,0.30569947,,,0.2798245,0.2756607,,,0.29003662,0.2882905
0.5791557,0.5830499,0.8919502,0.2702554,0.3089003,0.3127945,,,0.26293254,0.28661275,,,0.27867687,0.29476416
0.5764812,0.5885606,0.889264,0.27577782,0.3007034,0.31278276,,,0.24695754,0.2654069,,,0.26956123,0.28624845
0.57826245,0.5801058,0.88794214,0.2704261,0.30783635,0.3096797,,,0.26793677,0.2558058,,,0.2818389,0.2817707
0.57333887,0.5830692,0.89045453,0.26595354,0.30738533,0.31711566,,,0.277802,0.29886734,,,0.28643495,0.29828954
0.5726048,0.5795177,0.8890736,0.2630489,0.3095559,0.31646883,,,0.26786184,0.279342,,,0.28433597,0.29228485
0.580353,0.58350897,0.89137197,0.27249002,0.307863,0.31101894,,,0.2573887,0.2831185,,,0.282542,0.29176617
0.58146274,0.5761713,0.8887807,0.2688533,0.31260943,0.30731797,,,0.2701792,0.26844382,,,0.2867157,0.28199196
0.5866265,0.58139396,0.8902473,0.2777732,0.30885333,0.30362076,,,0.27608466,0.29911822,,,0.28751874,0.29046363
0.5784133,0.5833655,0.8889832,0.27279562,0.3056177,0.31056988,,,0.28053212,0.3104118,,,0.28280318,0.29634738
0.58696437,0.5844072,0.89262664,0.27874494,0.30821943,0.30566227,,,0.25178605,0.2602722,,,0.27654427,0.2772771
0.5802427,0.5837949,0.88890785,0.27512974,0.30511296,0.30866516,,,0.2516315,0.28743005,,,0.28074074,0.29706573
0.5787209,0.5743402,0.8889992,0.26406193,0.314659,0.3102783,,,0.26379615,0.27653843,,,0.28207195,0.28682208
0.5825425,0.58497524,0.8889267,0.27859098,0.3039515,0.30638427,,,0.28509486,0.2637344,,,0.2905088,0.28261936
0.58454573,0.57883227,0.88970065,0.27367735,0.31086838,0.30515492,,,0.2849905,0.261038,,,0.29138577,0.2798375
0.58928406,0.58104986,0.8891934,0.28114045,0.30814362,0.2999094,,,0.28384954,0.2748807,,,0.29366183,0.28308332
0.58230823,0.58931947,0.8907865,0.28084123,0.301467,0.30847824,,,0.27177083,0.28439367,,,0.28009558,0.29109186
0.57722473,0.5847539,0.88932097,0.27265763,0.3045671,0.31209624,,,0.26375574,0.29748648,,,0.28058946,0.29874283
0.5815275,0.5816376,0.89068276,0.27248234,0.30904514,0.3091553,,,0.2746051,0.25745273,,,0.28984004,0.2816906
0.57503176,0.5860898,0.88990486,0.27121675,0.303815,0.31487304,,,0.2790522,0.27015722,,,0.28013265,0.28990358
0.5806773,0.5775635,0.89082605,0.26741475,0.31326252,0.31014878,,,0.27425277,0.26030976,,,0.2916758,0.27526098
0.5757466,0.58800846,0.88631624,0.27743882,0.29830778,0.31056964,,,0.25695765,0.27565056,,,0.27770543,0.29154742
0.59173876,0.57789993,0.8907834,0.2788552,0.31288356,0.29904473,,,0.29522425,0.26431686,,,0.29953188,0.27821875
0.5821759,0.58449006,0.88925135,0.27741468,0.30476123,0.30707538,,,0.29113555,0.283601,,,0.29017717,0.2898563
0.5807539,0.5791697,0.8911697,0.26875383,0.3120001,0.31041586,,,0.27436936,0.28862137,,,0.28939986,0.2927547
0.57902205,0.578526,0.88679796,0.2707501,0.30827194,0.3077759,,,0.27565175,0.27964258,,,0.28568417,0.28601688
0.5732925,0.5791539,0.88719517,0.26525122,0.30804127,0.31390268,,,0.26528198,0.24223411,,,0.28179783,0.27901375
0.5783053,0.5837747,0.88788736,0.2741927,0.3041126,0.309582,,,0.27459425,0.26597512,,,0.28465265,0.28374982
0.58208185,0.5825418,0.8879441,0.27667964,0.30540222,0.3058622,,,0.27146792,0.27051324,,,0.28462416,0.28083074
0.58086056,0.5912988,0.89205265,0.28010678,0.30075377,0.31119204,,,0.26841015,0.295843,,,0.27908856,0.29917473
0.5849146,0.58239305,0.8913598,0.2759478,0.30896682,0.30644524,,,0.27446854,0.26209402,,,0.28890818,0.28434128
0.58050764,0.58967936,0.8914286,0.2787584,0.30174923,0.31092095,,,0.28256464,0.2851494,,,0.2850883,0.28419638
0.5881683,0.57999706,0.8890673,0.27909815,0.30907017,0.3008989,,,0.26724654,0.26890045,,,0.28288716,0.28274107
0.5769517,0.58230317,0.88788193,0.27137285,0.30557883,0.3109303,,,0.2583716,0.27382183,,,0.27664548,0.29355752
0.58339715,0.5752524,0.88906497,0.2695846,0.31381255,0.30566782,,,0.27434486,0.26405472,,,0.2859431,0.27996314
0.58749413,0.57777715,0.88950497,0.2757663,0.31172782,0.30201083,,,0.26398152,0.26883328,,,0.28381407,0.28105384
0.5757189,0.5863769,0.89055026,0.27154553,0.30417335,0.31483138,,,0.27576208,0.2741868,,,0.2838589,0.29484183
0.57720363,0.5845367,0.8936283,0.268112,0.30909163,0.31642467,,,0.2819289,0.2844603,,,0.28963548,0.29196072
0.5737839,0.57483464,0.88643354,0.26218492,0.31159896,0.31264973,,,0.23944938,0.24524212,,,0.2729454,0.27370834
0.5778526,0.579944,0.8926551,0.26514155,0.31271106,0.31480247,,,0.27594143,0.27870262,,,0.28573227,0.29434663
0.5909588,0.5826726,0.89067554,0.28295588,0.3080029,0.2997167,,,0.2606653,0.26513964,,,0.2773621,0.2763549
0.58258164,0.580773,0.889969,0.27338564,0.309196,0.30738735,,,0.24976772,0.28386062,,,0.27740532,0.28792173
0.5762241,0.568591,0.885867,0.2589481,0.317276,0.3096429,,,0.27812016,0.24599344,,,0.29156333,0.27604854
0.57926315,0.57840204,0.88765174,0.2700135,0.30924964,0.30838853,,,0.2661692,0.272434,,,0.28618044,0.2830013
0.5857444,0.5752994,0.8911212,0.26992255,0.31582183,0.30537683,,,0.26180005,0.25581264,,,0.2788934,0.2767431
0.57792294,0.57127976,0.88860583,0.26059687,0.31732607,0.3106829,,,0.2683587,0.26896995,,,0.28383654,0.2797312
0.584738,0.5784135,0.89095193,0.27219957,0.31253844,0.30621392,,,0.29059756,0.26493037,,,0.2954712,0.274548
0.57815444,0.5727476,0.8895723,0.2613297,0.31682473,0.31141788,,,0.28121334,0.2712856,,,0.28912842,0.28283793
0.57942814,0.5862423,0.88820493,0.27746546,0.30196267,0.30877686,,,0.29124612,0.2715996,,,0.28990632,0.28660125
0.5891454,0.58256686,0.88977736,0.28193492,0.3072105,0.30063194,,,0.26672083,0.28354996,,,0.27885896,0.28654802
0.586383,0.57359827,0.8885973,0.27138394,0.31499904,0.30221432,,,0.28693378,0.2512957,,,0.29676062,0.27293688
0.57643807,0.57225895,0.88649,0.26220703,0.31423104,0.31005192,,,0.24468023,0.2535808,,,0.28174216,0.27859664
0.57748544,0.58781767,0.88628113,0.27902198,0.29846346,0.3087957,,,0.25535786,0.26923698,,,0.27425003,0.2856769
0.57820034,0.57510924,0.89097786,0.26233172,0.31586862,0.31277752,,,0.2584659,0.2614656,,,0.2853263,0.28097755
0.58408743,0.5761188,0.8901966,0.2700097,0.31407773,0.30610913,,,0.27552843,0.25668645,,,0.28960925,0.2789479
0.57997227,0.57588863,0.88823736,0.26762354,0.31234872,0.3082651,,,0.25980872,0.24199665,,,0.28555268,0.2742079
0.584245,0.579913,0.8901377,0.27402043,0.3102246,0.3058926,,,0.26338142,0.25879705,,,0.28572422,0.28229797
0.580775,0.57923996,0.8887972,0.27121776,0.30955726,0.3080222,,,0.28265256,0.26762807,,,0.29015738,0.28639853
0.5942682,0.5799669,0.8882629,0.28597218,0.30829602,0.29399472,,,0.28394848,0.27034223,,,0.289052,0.2773009
0.5815302,0.5861585,0.894629,0.27305973,0.3084705,0.3130988,,,0.30006462,0.29822576,,,0.29126906,0.29859155
0.5772569,0.58252144,0.8902037,0.26957464,0.30768228,0.3129468,,,0.26429588,0.2706793,,,0.28074408,0.28462863
0.5823705,0.58221996,0.88967466,0.2749158,0.3074547,0.30730414,,,0.2743187,0.28725702,,,0.28679883,0.28988647
0.5826913,0.58091176,0.891805,0.27179807,0.31089324,0.30911368,,,0.25333202,0.29188508,,,0.2786582,0.28840572
0.5794655,0.57958823,0.8895741,0.2694797,0.30998582,0.31010854,,,0.26409793,0.25340158,,,0.27811813,0.2787451
0.58021176,0.5824042,0.8912714,0.2713446,0.30886716,0.3110596,,,0.27780998,0.27496922,,,0.28324777,0.28292435
0.57585776,0.573002,0.8896182,0.25924152,0.31661624,0.31376046,,,0.24054891,0.249062,,,0.27446765,0.2777382
0.58208644,0.5867168,0.8906357,0.2781675,0.30391896,0.30854928,,,0.2800972,0.27945036,,,0.28497964,0.28776264
0.58405447,0.57451767,0.8908781,0.26769412,0.31636035,0.30682355,,,0.2605679,0.24660218,,,0.2880596,0.272968
0.5881361,0.5739455,0.8884778,0.2736038,0.31453228,0.30034173,,,0.2864914,0.2737627,,,0.29232502,0.28200465
0.5804839,0.5731194,0.88776827,0.26583505,0.31464887,0.30728436,,,0.25225067,0.2439915,,,0.27830654,0.2724772
0.5829811,0.5800741,0.88953555,0.27351964,0.30946147,0.30655444,,,0.27456492,0.2506686,,,0.28475833,0.27441233
0.5773407,0.5761242,0.88581824,0.26764667,0.30969405,0.30847752,,,0.2714935,0.27436495,,,0.28187376,0.28527677
0.57811546,0.5889034,0.88794833,0.27907056,0.2990449,0.30983287,,,0.28623688,0.2918225,,,0.28298408,0.29579985
0.56817824,0.57698196,0.8884568,0.25670338,0.31147486,0.32027858,,,0.269449,0.25419492,,,0.28493464,0.28031784
0.5817516,0.5823195,0.88920736,0.27486372,0.30688787,0.30745578,,,0.2737077,0.25033307,,,0.2825756,0.27814674
0.59054935,0.576279,0.89190054,0.27492785,0.3156215,0.30135113,,,0.29030347,0.27934653,,,0.29641736,0.28566158
0.58341664,0.58198285,0.8898203,0.27557927,0.30783737,0.30640358,,,0.27304888,0.28746492,,,0.2848134,0.2945279
0.58239365,0.5801889,0.88968205,0.27290046,0.30949318,0.3072884,,,0.27310908,0.26954335,,,0.28660107,0.28599924
0.5888851,0.57905376,0.89077455,0.2771644,0.31172073,0.30188936,,,0.29127592,0.2758246,,,0.29779238,0.2854786
0.58380604,0.5811429,0.8905841,0.27436483,0.3094412,0.30677807,,,0.25672483,0.28314394,,,0.2809221,0.28965354
0.5795684,0.5794151,0.8899439,0.26903957,0.3105288,0.3103755,,,0.24910474,0.28599745,,,0.27150685,0.28631556
0.5790179,0.5723153,0.8881807,0.26315242,0.31586546,0.30916286,,,0.24801266,0.24335206,,,0.27554542,0.2758537
0.5782517,0.58529425,0.8890944,0.27445155,0.30380017,0.3108427,,,0.25502574,0.26869327,,,0.2746927,0.28277498
0.5809206,0.5750873,0.888008,0.2679999,0.3129207,0.30708742,,,0.25615096,0.23690331,,,0.283149,0.27219987
0.58104885,0.58486867,0.89066863,0.2752489,0.30579996,0.30961978,,,0.28503162,0.2958336,,,0.28487533,0.29154724
0.5785504,0.57726073,0.8873378,0.26847327,0.31007713,0.30878747,,,0.26830113,0.26621848,,,0.28209573,0.27954936
0.578336,0.5830456,0.8912513,0.27013028,0.30820572,0.31291533,,,0.25719285,0.25732207,,,0.27927452,0.28317207
0.5769826,0.5759391,0.8879291,0.2649926,0.31199002,0.31094652,,,0.26466018,0.25286168,,,0.28418207,0.2761233
0.57586026,0.5916069,0.8911709,0.2762962,0.29956406,0.31531072,,,0.26311117,0.2559086,,,0.27730733,0.28490746
0.5793807,0.57948875,0.8912092,0.26766032,0.31172037,0.31182843,,,0.26956838,0.27835035,,,0.28439242,0.28797835
0.5836514,0.5823058,0.8923415,0.27361572,0.3100357,0.30869007,,,0.28109092,0.28119397,,,0.2900458,0.2909963
0.5829744,0.58889854,0.8922827,0.27959013,0.30338424,0.3093084,,,0.28344363,0.29676932,,,0.29049146,0.29463863
0.5875377,0.57333845,0.8886424,0.27223378,0.31530392,0.30110466,,,0.27232885,0.271721,,,0.2923448,0.2824946
0.5844486,0.58129823,0.8910216,0.2747252,0.30972338,0.30657303,,,0.26518393,0.2538517,,,0.28567123,0.27922267
0.59143555,0.5804548,0.8907348,0.2811556,0.31027997,0.29929924,,,0.30185765,0.28449196,,,0.29968983,0.2838698
0.5773736,0.57640755,0.8900806,0.2637006,0.31367302,0.31270695,,,0.27017885,0.27712637,,,0.28273988,0.28796917
0.57835543,0.5867801,0.8887754,0.2763601,0.30199534,0.31041998,,,0.27252108,0.28421205,,,0.27846116,0.28842634
0.5843229,0.56804276,0.8878003,0.2645654,0.31975752,0.30347735,,,0.27615142,0.25257653,,,0.2910124,0.26840353
0.57218623,0.584617,0.8884751,0.26832813,0.3038581,0.3162889,,,0.24515265,0.2871982,,,0.2740932,0.29610074
0.5799909,0.58896446,0.8899675,0.27898782,0.3010031,0.30997664,,,0.27389377,0.29775184,,,0.28607386,0.30092353
0.5780852,0.5829233,0.8891176,0.27189088,0.3061943,0.3110324,,,0.27487063,0.27501225,,,0.28547114,0.28831136
0.58155054,0.5818604,0.8894963,0.27391458,0.30763596,0.30794585,,,0.29121846,0.28444582,,,0.29557192,0.29039645
0.5743983,0.57573557,0.88611656,0.26401728,0.310381,0.31171829,,,0.24715137,0.2629025,,,0.2774322,0.2811455
0.579587,0.57001424,0.8880464,0.26155484,0.31803215,0.3084594,,,0.2617917,0.25135702,,,0.28519368,0.27784973
0.5848502,0.57808685,0.88835686,0.27458018,0.31027,0.30350667,,,0.2769937,0.26024693,,,0.28756022,0.27231538
0.5807748,0.5743611,0.88862985,0.26650602,0.31426877,0.30785507,,,0.30204844,0.28508872,,,0.30118412,0.29211485
0.57910776,0.58435476,0.8898512,0.2736113,0.30549645,0.31074345,,,0.27920562,0.28127193,,,0.2845037,0.28983885
0.5826781,0.5727373,0.88810974,0.26730555,0.31537253,0.30543172,,,0.24738973,0.26759183,,,0.27564615,0.27916008
0.58291185,0.5754026,0.8902326,0.26808184,0.31483,0.30732077,,,0.2812659,0.2628646,,,0.2850579,0.27891976
0.5868191,0.5772476,0.88964957,0.27441722,0.3124019,0.3028304,,,0.25819898,0.25028938,,,0.28122926,0.26919216
0.5816344,0.5735153,0.88927615,0.26587355,0.31576085,0.30764174,,,0.27025312,0.23408633,,,0.29248357,0.26768816
0.57907397,0.5710792,0.8859584,0.2641948,0.31487918,0.3068844,,,0.24762344,0.24189764,,,0.2800535,0.2740674
0.57548106,0.57296276,0.8886236,0.25982022,0.31566083,0.31314254,,,0.24623877,0.24118876,,,0.27256387,0.2739306
0.5825635,0.5842335,0.8882751,0.27852196,0.30404156,0.30571157,,,0.264772,0.28067744,,,0.28039825,0.28832
0.57800543,0.58094805,0.89054126,0.26841217,0.30959326,0.31253588,,,0.261622,0.29261184,,,0.28404385,0.29423636
0.57628524,0.5852035,0.8893384,0.2721504,0.30413485,0.31305313,,,0.27068907,0.2638564,,,0.2858085,0.28761518
0.5786166,0.57587516,0.89001995,0.26447183,0.3141448,0.31140333,,,0.26472783,0.25068843,,,0.2848792,0.27271503
0.58031017,0.57864034,0.89194643,0.26700413,0.31330603,0.3116362,,,0.2841528,0.25992018,,,0.28993243,0.2798248
0.58656025,0.5880817,0.89279526,0.2818467,0.30471355,0.30623502,,,0.27315307,0.27421528,,,0.2881822,0.28468347
0.5819024,0.57091165,0.89049447,0.26231956,0.31958282,0.30859208,,,0.2616862,0.25463462,,,0.28330845,0.28054368
0.5796365,0.57913154,0.89068824,0.26807982,0.3115567,0.31105173,,,0.24942994,0.26076263,,,0.27583742,0.28203452
0.57870674,0.5790367,0.8893511,0.26839232,0.31031442,0.3106444,,,0.26356214,0.26522565,,,0.27827036,0.28042752
0.58464646,0.5829954,0.8905292,0.27711266,0.3075338,0.30588275,,,0.26889592,0.26128036,,,0.2852599,0.28190535
0.5836617,0.5702491,0.8903216,0.26358914,0.32007253,0.30665994,,,0.2799126,0.25570327,,,0.29156828,0.27243268
0.5776355,0.5800545,0.8893265,0.26836354,0.309272,0.311691,,,0.2544542,0.27105808,,,0.28330696,0.28838193
0.58588743,0.5747887,0.889858,0.2708181,0.31506932,0.30397058,,,0.26263434,0.25483382,,,0.28676015,0.28307664
0.5816436,0.5807208,0.8906749,0.27168947,0.3099541,0.3090313,,,0.2688883,0.2728598,,,0.28201455,0.28444332
0.59044635,0.5784602,0.8892556,0.279651,0.31079537,0.29880923,,,0.27680176,0.25485557,,,0.2885391,0.2750016
0.5788814,0.5830138,0.8889503,0.27294487,0.30593652,0.3100689,,,0.2596792,0.27834797,,,0.28273088,0.28792346
0.5900232,0.5922432,0.89321566,0.28905082,0.3009724,0.30319238,,,0.2479648,0.2907787,,,0.27697027,0.2894892
0.5854536,0.5772753,0.8906329,0.27209598,0.31335765,0.3051793,,,0.26867986,0.26227593,,,0.28814083,0.2785902
0.57453835,0.5856656,0.8906423,0.26956165,0.3049767,0.31610394,,,0.26306933,0.26971304,,,0.27748078,0.28815335
0.57734984,0.5888183,0.89129573,0.27487248,0.30247736,0.31394583,,,0.27468264,0.2719757,,,0.28324765,0.29294497
0.5807259,0.5840855,0.8896594,0.27515197,0.30557394,0.30893356,,,0.26482135,0.28287137,,,0.2806822,0.29542345
0.577454,0.58142495,0.88920027,0.26967865,0.30777532,0.3117463,,,0.27822793,0.2912941,,,0.29082525,0.29203057
0.5827646,0.58685344,0.8912576,0.27836055,0.30440408,0.3084929,,,0.25927502,0.278046,,,0.27895308,0.2901696
0.5867361,0.58081275,0.89352185,0.27402705,0.31270903,0.3067857,,,0.2746343,0.27209795,,,0.28913045,0.28190225
0.5894357,0.5779647,0.89247763,0.27492273,0.31451297,0.303042,,,0.28189468,0.29850566,,,0.29584938,0.29528123
0.5756223,0.5749308,0.8892591,0.261294,0.3143283,0.31363678,,,0.25651246,0.28188962,,,0.28405172,0.28746146
0.57562697,0.57601637,0.887731,0.26391226,0.3117147,0.3121041,,,0.26890433,0.26375306,,,0.28335023,0.28240305
0.5804629,0.57904,0.8906584,0.2688445,0.3116184,0.3101955,,,0.2707407,0.27001542,,,0.28753567,0.28858215
0.58706635,0.575825,0.89170307,0.27118832,0.31587803,0.30463666,,,0.26282585,0.2542467,,,0.281335,0.2763226
0.5832678,0.5798976,0.89089006,0.27227527,0.31099254,0.3076223,,,0.27663392,0.26661354,,,0.29278243,0.28777528
0.5788405,0.57309014,0.8894598,0.26247078,0.3163697,0.31061935,,,0.25938517,0.27804846,,,0.28464836,0.283288
0.5740473,0.5926984,0.89117306,0.2755726,0.29847473,0.3171258,,,0.26504147,0.29409188,,,0.27327317,0.2996366
0.58274925,0.58347076,0.89075,0.27546996,0.3072793,0.3080008,,,0.29049915,0.25341535,,,0.29447395,0.2753594
0.58408964,0.5776959,0.8868754,0.2749102,0.30917943,0.3027857,,,0.2699998,0.27560407,,,0.28538096,0.28516567
0.5791672,0.5740459,0.888676,0.26453704,0.31463015,0.30950886,,,0.2712978,0.26879418,,,0.2867568,0.28492582
0.5717479,0.5905672,0.89000696,0.27230817,0.29943973,0.318259,,,0.2589028,0.28709912,,,0.27370477,0.2944026
0.58613217,0.57541883,0.8899816,0.27156937,0.3145628,0.30384946,,,0.26451808,0.26426983,,,0.2883677,0.28558016
0.57793677,0.57639205,0.8890418,0.26528704,0.31264973,0.311105,,,0.25386345,0.25406414,,,0.27960378,0.27987725
0.57939315,0.5711732,0.88746756,0.26309878,0.31629437,0.3080744,,,0.23795235,0.23229396,,,0.27180165,0.26302505
0.5827183,0.58125395,0.88883746,0.2751348,0.3075835,0.30611914,,,0.25833774,0.2766918,,,0.27796894,0.28402418
0.57027566,0.58510906,0.89079285,0.26459193,0.30568373,0.32051712,,,0.26514494,0.2685964,,,0.2802722,0.29253352
0.5856284,0.58826095,0.8908957,0.28299367,0.30263472,0.30526727,,,0.27918774,0.2864787,,,0.2904688,0.28885895
0.57840025,0.5754282,0.88948584,0.26434255,0.3140577,0.31108564,,,0.27441067,0.27056074,,,0.2940768,0.28335345
0.5839987,0.585092,0.8914465,0.27764428,0.3063544,0.30744773,,,0.3025906,0.27921647,,,0.29599935,0.28717226
0.58670753,0.57660544,0.89089,0.2724229,0.31428462,0.30418253,,,0.28622323,0.26121652,,,0.29806507,0.2789845
0.58866704,0.5904471,0.8910586,0.28805548,0.30061156,0.30239165,,,0.27726525,0.28718024,,,0.28808564,0.2896474
0.5878663,0.576526,0.89213836,0.27225387,0.31561244,0.30427212,,,0.3001551,0.27944344,,,0.30424297,0.28596878
0.5858365,0.5849682,0.889849,0.28095573,0.3048808,0.30401248,,,0.27535343,0.26826608,,,0.2823038,0.28162622
0.58299756,0.58351314,0.8891313,0.2773794,0.30561817,0.30613375,,,0.2754926,0.30224872,,,0.28247374,0.29688913
0.5715835,0.5786042,0.88990086,0.26028687,0.31129664,0.31831735,,,0.25695086,0.24966681,,,0.277039,0.28559792
0.5826869,0.57964647,0.88867784,0.27365553,0.30903137,0.30599093,,,0.28788155,0.27055675,,,0.29022974,0.28835595
0.58098114,0.5838736,0.8892419,0.2756129,0.30536824,0.30826074,,,0.24742895,0.28290015,,,0.27486336,0.29328984
0.57993996,0.5811441,0.8887102,0.27237386,0.3075661,0.30877024,,,0.2755201,0.26539153,,,0.28073686,0.27832395
0.5769249,0.5882511,0.89112836,0.27404767,0.30287725,0.31420344,,,0.27347356,0.28568208,,,0.285259,0.29721224
0.5756055,0.5788551,0.8901915,0.26426917,0.31133634,0.31458592,,,0.27136505,0.27106595,,,0.28053904,0.28217995
0.57184815,0.58265316,0.88834494,0.26615638,0.30569178,0.3164968,,,0.24295056,0.28957796,,,0.27126938,0.29733843
0.58572847,0.5817618,0.89063066,0.27685958,0.30886889,0.3049022,,,0.29505926,0.28051037,,,0.29211587,0.2834006
0.5741042,0.57573104,0.8883021,0.26153314,0.31257105,0.3141979,,,0.2631443,0.2742387,,,0.28631103,0.2869768
0.5746622,0.5779887,0.8885911,0.26405972,0.3106025,0.31392896,,,0.25410527,0.2637822,,,0.28335398,0.279665
0.58900416,0.58222115,0.89137524,0.27985007,0.3091541,0.30237108,,,0.2896526,0.24897379,,,0.2894032,0.27561945
0.5774321,0.5859065,0.8928102,0.27052844,0.30690366,0.31537807,,,0.24567479,0.28117228,,,0.2747228,0.29113603
0.58010334,0.5830617,0.8893221,0.273843,0.30626035,0.3092187,,,0.27194893,0.26098597,,,0.28019547,0.28086543
0.5757033,0.5783398,0.8891148,0.2649284,0.31077492,0.3134114,,,0.26197022,0.26309282,,,0.27968186,0.28423715
0.58267456,0.578486,0.888775,0.2723856,0.31028897,0.30610043,,,0.27580464,0.2684279,,,0.29053056,0.28024775
0.58352023,0.57397765,0.887805,0.2696929,0.31382734,0.30428475,,,0.28477055,0.28044546,,,0.29484367,0.28548914
0.58963335,0.58640593,0.8925484,0.28349084,0.3061425,0.3029151,,,0.2841527,0.27267134,,,0.28844285,0.28752953
0.5783057,0.5818025,0.88666743,0.27344078,0.30486494,0.3083617,,,0.25699914,0.2682218,,,0.28242165,0.2834069
0.5821111,0.5760164,0.8913381,0.26678944,0.31532168,0.309227,,,0.2725243,0.25926214,,,0.28767514,0.27625656
0.57508326,0.5745457,0.88926935,0.26035953,0.31472373,0.31418616,,,0.25272596,0.24474311,,,0.28251952,0.28050327
0.5871422,0.58260524,0.89092064,0.27882683,0.3083154,0.3037784,,,0.2845587,0.26912248,,,0.29059303,0.2840954
0.58444726,0.58566034,0.8901641,0.27994353,0.30450374,0.3057168,,,0.28271115,0.26159042,,,0.28788215,0.27984625
0.58159554,0.5738041,0.8885071,0.26689243,0.3147031,0.30691165,,,0.26721185,0.25307822,,,0.28839642,0.27742887
0.57180065,0.5780896,0.88650525,0.26338494,0.3084157,0.31470466,,,0.25838375,0.23600674,,,0.27726895,0.27338827
0.5884081,0.57916105,0.8898834,0.27768576,0.31072235,0.3014753,,,0.27577126,0.25905824,,,0.28797638,0.2762543
0.575967,0.57870084,0.8900806,0.26458728,0.31137973,0.31411356,,,0.2888568,0.26856756,,,0.2900126,0.28879172
0.580171,0.58077353,0.89168024,0.26926422,0.31090677,0.3115093,,,0.27123475,0.278468,,,0.283382,0.28906703
0.5828972,0.5768621,0.89033043,0.26942885,0.31346834,0.30743325,,,0.28399247,0.27375072,,,0.29392272,0.2850436
0.58103085,0.5720751,0.8875695,0.2655365,0.31549436,0.30653864,,,0.27015245,0.2509938,,,0.2896639,0.27671283
0.5771123,0.58007,0.89052874,0.2666536,0.31045872,0.31341642,,,0.28104252,0.2689237,,,0.28622347,0.28577012
0.5833112,0.5835181,0.8901593,0.27667004,0.30664116,0.30684805,,,0.28968483,0.26719755,,,0.29053533,0.2866565
0.58015186,0.5757278,0.8883302,0.2675495,0.31260234,0.3081783,,,0.25176924,0.27690822,,,0.28086144,0.28834152
0.59064126,0.5858935,0.8886639,0.28787088,0.30277038,0.29802263,,,0.28954446,0.24907285,,,0.29039115,0.27320063
0.5772494,0.5810741,0.8883837,0.26993984,0.30730957,0.31113428,,,0.27513355,0.28224725,,,0.28554618,0.28815073
0.59062785,0.58119285,0.88944644,0.2823742,0.30825365,0.29881865,,,0.28836727,0.26480073,,,0.29476708,0.2772928
0.58004683,0.58098274,0.8898026,0.271227,0.30881983,0.30975574,,,0.2885902,0.2771247,,,0.29071003,0.2855621
0.5767182,0.5826572,0.8883647,0.27101076,0.30570745,0.31164646,,,0.26942474,0.2773353,,,0.28391218,0.29355502
0.58137685,0.5814397,0.8894358,0.2733807,0.30799615,0.30805898,,,0.28726566,0.27479845,,,0.29068792,0.28656155
0.5736358,0.5866827,0.889786,0.2705325,0.30310333,0.3161502,,,0.2588333,0.27078968,,,0.275272,0.29345292
0.58734745,0.58771276,0.8918721,0.28318816,0.30415928,0.3045246,,,0.27925265,0.29366785,,,0.2913128,0.2999727
0.5808397,0.5749022,0.89108837,0.26465356,0.31618613,0.3102486,,,0.27208722,0.26239204,,,0.28888124,0.27840614
0.5827179,0.5894201,0.8900617,0.2820763,0.3006416,0.30734378,,,0.26570386,0.2745431,,,0.282629,0.28806865
0.57429475,0.581113,0.8892362,0.26617146,0.3081233,0.31494153,,,0.25915653,0.24430972,,,0.27335662,0.27433503
0.5738311,0.5775964,0.889619,0.2618085,0.31202257,0.3157879,,,0.26912493,0.27028227,,,0.28491223,0.2871741
0.576524,0.58087975,0.88861513,0.26878858,0.30773544,0.31209117,,,0.26414287,0.26721197,,,0.2853114,0.28316242
0.5837351,0.58648443,0.8906251,0.27959442,0.3041407,0.30689,,,0.27643317,0.27344102,,,0.28316045,0.2840494
0.5837364,0.58192825,0.8925112,0.27315348,0.31058294,0.30877477,,,0.28556854,0.27192938,,,0.29357135,0.28709692
0.5880784,0.57808745,0.88909006,0.27707577,0.3110026,0.30101168,,,0.2749803,0.2788573,,,0.28884518,0.28262955
0.5857372,0.58082134,0.8897927,0.27676582,0.3089714,0.3040555,,,0.2731275,0.2525534,,,0.29193896,0.27155572
0.5857191,0.57879317,0.889608,0.27490425,0.31081486,0.30388892,,,0.27569944,0.27407587,,,0.28588367,0.28787678
0.5873415,0.58294237,0.8904653,0.27981848,0.307523,0.3031239,,,0.27894372,0.2755338,,,0.28932142,0.2895258
0.5783266,0.5708113,0.89079416,0.2583437,0.3199829,0.31246758,,,0.26799083,0.27645355,,,0.2912025,0.28427494
0.57585263,0.5869659,0.88994116,0.2728774,0.30297524,0.31408852,,,0.25837553,0.2542364,,,0.27506018,0.2820816
0.5840118,0.57531834,0.89041275,0.26891738,0.3150944,0.30640095,,,0.27470982,0.25678682,,,0.29155123,0.27498126
0.5807034,0.58338976,0.89177436,0.27231878,0.3083846,0.31107098,,,0.2759356,0.2726428,,,0.2871223,0.28537166
0.57765245,0.57394356,0.88937527,0.2622208,0.31543165,0.31172276,,,0.2599439,0.25690597,,,0.28255993,0.28148437
0.57699335,0.5837725,0.88875026,0.27201563,0.30497772,0.31175685,,,0.27311033,0.2737007,,,0.27906495,0.28358996
0.57197666,0.5777583,0.8896252,0.26010978,0.31186688,0.31764853,,,0.25691086,0.26183873,,,0.27817672,0.27813387
0.58364844,0.57523036,0.887538,0.2713408,0.31230766,0.30388957,,,0.28372252,0.26936615,,,0.29029077,0.2852416
0.5848564,0.5850266,0.89249,0.27739298,0.3074634,0.30763364,,,0.28564382,0.28854042,,,0.29051417,0.29147524
0.58680594,0.58315885,0.89248073,0.27748406,0.30932188,0.3056748,,,0.2882341,0.2618304,,,0.29432267,0.28438085
0.5804385,0.5831958,0.8902426,0.27339172,0.30704677,0.30980408,,,0.27904022,0.2648691,,,0.2856323,0.28885686
0.5812923,0.5785552,0.8885066,0.2713409,0.30995136,0.30721432,,,0.2654879,0.25245088,,,0.2817675,0.2764387
0.5839802,0.57689846,0.8893713,0.27150738,0.31247282,0.30539107,,,0.27380162,0.25092453,,,0.28872752,0.27573627
0.5872359,0.5824805,0.8896326,0.28008378,0.30715215,0.3023967,,,0.295959,0.2788192,,,0.2936166,0.289743
0.583145,0.5699502,0.8910446,0.26205063,0.3210944,0.3078996,,,0.25659835,0.25586534,,,0.28695488,0.2748863
0.57217026,0.57881814,0.8889332,0.26205516,0.3101151,0.31676298,,,0.256154,0.2636242,,,0.2737484,0.28653145
0.5902329,0.5857171,0.8893013,0.28664875,0.30358416,0.29906833,,,0.26769727,0.27549106,,,0.28497744,0.28385597
0.5865258,0.57578915,0.8901984,0.27211648,0.31440932,0.30367267,,,0.26334226,0.26227695,,,0.28818625,0.278481
0.5892936,0.5848663,0.89119184,0.28296804,0.30632555,0.30189824,,,0.26996243,0.26376206,,,0.28916758,0.28052557
0.58253855,0.5797902,0.89002687,0.27230185,0.3102367,0.30748832,,,0.28432852,0.27594775,,,0.29146123,0.2895288
0.58088434,0.57607484,0.88971174,0.26724744,0.3136369,0.3088274,,,0.2667672,0.26398695,,,0.2867337,0.27591407
0.58302236,0.58134675,0.8889791,0.27539003,0.30763233,0.30595672,,,0.26472038,0.2814343,,,0.27976513,0.2836933
0.5782247,0.5784001,0.8911393,0.26548547,0.31273925,0.3129146,,,0.26261032,0.26349282,,,0.28555053,0.28660995
0.58204234,0.5822549,0.8892531,0.27504414,0.3069982,0.30721074,,,0.25966054,0.26630765,,,0.27864873,0.28533053
0.57387185,0.58332574,0.88816786,0.26902974,0.3048421,0.314296,,,0.27722389,0.27417934,,,0.28590566,0.29015362
0.5787767,0.5882159,0.8907112,0.27628148,0.30249524,0.3119344,,,0.25183123,0.28172684,,,0.2753352,0.2928604
0.5843657,0.58492863,0.89249575,0.2767986,0.30756712,0.30813003,,,0.27647805,0.27204448,,,0.28498292,0.28641653
0.58330566,0.588481,0.89172596,0.2800607,0.30324495,0.3084203,,,0.28380907,0.2845363,,,0.28734553,0.29356027
0.5771441,0.585594,0.8896946,0.2730435,0.30410057,0.3125505,,,0.27546114,0.29498827,,,0.28098643,0.29240036
0.5743983,0.5929914,0.89022696,0.27716267,0.2972356,0.31582874,,,0.28773445,0.28353226,,,0.28617775,0.29434788
0.57847255,0.5761135,0.88712835,0.26745772,0.31101483,0.3086558,,,0.273997,0.27387685,,,0.28503639,0.28821284
0.58112025,0.56676215,0.8886493,0.25923318,0.32188708,0.30752897,,,0.28335583,0.26502723,,,0.29746282,0.28008312
0.5859357,0.5775604,0.8894441,0.27405202,0.3118837,0.3035084,,,0.27396303,0.25643873,,,0.28176922,0.26967895
0.5818358,0.578703,0.88989216,0.27064663,0.31118917,0.30805635,,,0.25855517,0.27448088,,,0.28056276,0.28590798
0.57905203,0.5831993,0.890505,0.27174634,0.3073057,0.31145298,,,0.27615947,0.2757855,,,0.28116238,0.2862206
0.5641669,0.58622086,0.88787735,0.26251042,0.30165648,0.32371044,,,0.2712105,0.29054952,,,0.28147733,0.3011729
0.57673514,0.5832764,0.8903479,0.26966363,0.3070715,0.31361276,,,0.25307393,0.28025365,,,0.27405226,0.28842074
0.5798073,0.57959044,0.8913897,0.268008,0.3117993,0.31158245,,,0.274572,0.26172936,,,0.2859602,0.28015912
0.5819019,0.5814249,0.8884915,0.27483523,0.30706668,0.30658966,,,0.26242208,0.2707318,,,0.27576292,0.2794717
0.5809641,0.57773834,0.8911343,0.26756805,0.31339604,0.3101703,,,0.29663587,0.2907089,,,0.28969663,0.28847146
0.5730503,0.582261,0.8888832,0.26642817,0.30662215,0.31583285,,,0.25748318,0.26810712,,,0.276568,0.28986788
0.5819652,0.5794332,0.8900215,0.2713769,0.3105883,0.3080563,,,0.26878303,0.27002293,,,0.2831095,0.2836371
0.5839235,0.57397246,0.88942087,0.26847517,0.31544834,0.3054973,,,0.2621358,0.27378887,,,0.28370202,0.28627378
0.5802321,0.5884361,0.8912587,0.27740955,0.30282253,0.31102657,,,0.27887642,0.26380217,,,0.28330374,0.284375
0.58211875,0.58222485,0.88935846,0.27498513,0.30713362,0.3072397,,,0.26883173,0.27558732,,,0.28921682,0.28318304
0.5698485,0.5741431,0.88795954,0.25603205,0.31381643,0.31811106,,,0.23820657,0.26079482,,,0.2727291,0.28677505
0.5803125,0.5860459,0.89136046,0.274998,0.30531448,0.3110479,,,0.26597035,0.27308667,,,0.2848751,0.28834766
0.5861245,0.58201456,0.89032173,0.27781725,0.30830723,0.3041973,,,0.28594267,0.28271466,,,0.28901404,0.28700316
0.57985663,0.5792775,0.88886076,0.2702734,0.30958325,0.30900413,,,0.28222477,0.28760833,,,0.28675646,0.2930166
0.5853647,0.5723802,0.8908995,0.2668454,0.3185193,0.30553478,,,0.2811671,0.25531232,,,0.29313666,0.2791549
0.5861972,0.57669055,0.8900916,0.2727962,0.31340098,0.30389434,,,0.2692567,0.27308738,,,0.28879392,0.28078532
0.581308,0.57968205,0.8880144,0.27297562,0.30833238,0.30670643,,,0.2515567,0.26437044,,,0.27653676,0.28564662
0.58196914,0.5875636,0.8903725,0.27916026,0.30280888,0.3084033,,,0.29227722,0.27919084,,,0.29213554,0.28829986
0.5750145,0.58326316,0.8874683,0.27080935,0.30420512,0.3124538,,,0.2502669,0.2657864,,,0.2754473,0.28180557
0.581223,0.5773026,0.89111567,0.26740992,0.3138131,0.30989265,,,0.25615984,0.2801035,,,0.28189647,0.28878993
0.5844021,0.5912442,0.89154226,0.28410405,0.30029804,0.30714017,,,0.26174504,0.27971083,,,0.28162968,0.29160237
0.5778929,0.58404016,0.8903305,0.27160257,0.30629033,0.3124376,,,0.2587896,0.28671008,,,0.27685452,0.29151833
0.57934606,0.57414657,0.8874464,0.2660463,0.31329978,0.30810028,,,0.27065742,0.2645648,,,0.28280658,0.2807415
0.5785903,0.5817225,0.89088035,0.26943243,0.30915785,0.31229007,,,0.2610727,0.26793504,,,0.2832594,0.2836393
0.5884031,0.57298756,0.88976336,0.2716273,0.3167758,0.30136025,,,0.2664913,0.25209606,,,0.2885093,0.2722931
0.57018244,0.5789165,0.88753664,0.26156223,0.3086202,0.31735426,,,0.25505036,0.27020556,,,0.28197658,0.28955775
0.57588726,0.58992326,0.8883606,0.27744997,0.2984373,0.3124733,,,0.26124793,0.28720617,,,0.28311557,0.29399717
0.57986164,0.57890165,0.88837534,0.27038795,0.3094737,0.3085137,,,0.2764091,0.2837397,,,0.29058897,0.28920496
0.5860224,0.5769106,0.8879809,0.2749521,0.31107026,0.3019585,,,0.25483727,0.25208914,,,0.28251028,0.27120167
0.5919384,0.58965975,0.8912703,0.2903279,0.30161047,0.29933184,,,0.2764116,0.3000573,,,0.28569132,0.28822428
0.58641297,0.57987237,0.8918313,0.274454,0.31195897,0.30541837,,,0.28331852,0.2775563,,,0.29169017,0.2817316
0.57725096,0.5865632,0.8899485,0.2738657,0.30338526,0.31269753,,,0.2872216,0.28857493,,,0.28626794,0.28999227
0.5803053,0.5799999,0.8894606,0.27084464,0.30946064,0.3091553,,,0.29276007,0.2734676,,,0.29394442,0.2920469
0.5855259,0.577726,0.8896204,0.27363145,0.31189442,0.30409455,,,0.27991605,0.24537176,,,0.2919343,0.27134138
0.59263426,0.5780357,0.893099,0.27757102,0.31506324,0.3004647,,,0.2955407,0.28297657,,,0.30008775,0.28395903
0.57728755,0.5849579,0.89008486,0.27216065,0.3051269,0.31279725,,,0.29226375,0.28915834,,,0.2875877,0.29262924
0.5761852,0.5761623,0.89112294,0.26122463,0.3149606,0.31493765,,,0.27467704,0.27025104,,,0.28378934,0.28574556
0.59434,0.57858855,0.8923123,0.28061628,0.31372374,0.29797226,,,0.2892924,0.25387245,,,0.29391092,0.2715872
0.5778665,0.58310306,0.8907652,0.2702043,0.3076622,0.31289876,,,0.24679196,0.2755013,,,0.27810848,0.28490186
0.5827149,0.58535355,0.8898169,0.27825153,0.3044634,0.30710202,,,0.26428992,0.27596682,,,0.28148055,0.28639233
0.583774,0.5810046,0.8926504,0.27212816,0.3116458,0.30887645,,,0.2925051,0.26887208,,,0.29704046,0.2853251
0.58128595,0.5832068,0.88885325,0.27563947,0.30564648,0.3075673,,,0.26154995,0.2546472,,,0.28133422,0.27998334
0.5756749,0.58851516,0.8903639,0.27382618,0.3018487,0.31468898,,,0.25520086,0.2921505,,,0.27460104,0.29903656
0.58114356,0.58605516,0.89067507,0.2765236,0.30461997,0.30953157,,,0.25651062,0.27815688,,,0.2780894,0.28569692
0.57588035,0.57799685,0.8905385,0.26333874,0.3125416,0.3146581,,,0.25913262,0.27109975,,,0.28073114,0.2862249
0.58452046,0.58271414,0.8916296,0.27560508,0.30891538,0.30710906,,,0.2707761,0.27924764,,,0.2843929,0.2857712
0.58310604,0.5825073,0.89038503,0.27522838,0.30787766,0.30727893,,,0.2731365,0.26875263,,,0.28768528,0.28129554
0.58000934,0.5761658,0.8909835,0.2651916,0.31481773,0.31097418,,,0.27835697,0.26929832,,,0.29128343,0.28307176
0.5813066,0.5853709,0.8906975,0.27598,0.30532658,0.3093909,,,0.27289492,0.26976418,,,0.28345722,0.28320366
0.575629,0.5808321,0.8884156,0.26804554,0.30758345,0.31278658,,,0.2436387,0.2778293,,,0.27314925,0.28861177
0.5750845,0.5758414,0.8903098,0.26061606,0.31446844,0.31522536,,,0.24627674,0.26618832,,,0.27588356,0.28746158
0.580349,0.58149874,0.89047617,0.27137166,0.30897737,0.31012708,,,0.27784288,0.24907863,,,0.28161633,0.27148497
0.5785311,0.5869547,0.8908827,0.2746032,0.3039279,0.31235152,,,0.25481564,0.28998876,,,0.27293038,0.29510403
0.58687234,0.5795533,0.89103013,0.27539557,0.31147677,0.30415773,,,0.2617377,0.2377705,,,0.2783261,0.26015913
0.5726105,0.58587563,0.8893548,0.2691313,0.3034792,0.31674433,,,0.26194698,0.27439559,,,0.2814471,0.28731078
0.58997643,0.5834787,0.8890207,0.28443444,0.305542,0.29904425,,,0.26536256,0.2678699,,,0.28698474,0.28140998
0.58452535,0.57783484,0.8912554,0.2711048,0.31342053,0.30673003,,,0.2767294,0.25896317,,,0.2917391,0.28169817
0.58252966,0.59129643,0.89119196,0.28263414,0.29989552,0.3086623,,,0.27140152,0.29120696,,,0.28257066,0.29709262
0.57683384,0.5787074,0.88844943,0.26709175,0.3097421,0.31161565,,,0.27264893,0.27052748,,,0.28704464,0.28453118
0.5860239,0.57326996,0.89042693,0.26886696,0.31715697,0.304403,,,0.25653493,0.2659077,,,0.28604972,0.28112346
0.57839525,0.5775185,0.8881441,0.26776975,0.3106255,0.30974877,,,0.2622462,0.26298547,,,0.28400666,0.27858782
0.58543134,0.57683146,0.8872311,0.2750317,0.31039965,0.30179977,,,0.26946443,0.2617532,,,0.2854969,0.28049684
0.5797192,0.5822834,0.88974124,0.27226132,0.30745786,0.31002206,,,0.26613092,0.27153862,,,0.28312045,0.28438896
0.5804516,0.57518995,0.8902126,0.26542896,0.31502265,0.309761,,,0.28336447,0.290183,,,0.2897017,0.29161924
0.58275855,0.585389,0.8885771,0.27957046,0.3031881,0.30581856,,,0.25662243,0.29504275,,,0.27948833,0.29738086
0.5830645,0.57986057,0.8884616,0.27446342,0.30860108,0.30539715,,,0.26519173,0.26736176,,,0.28247494,0.28069717
0.58321506,0.5789491,0.8920775,0.2700867,0.31312835,0.3088624,,,0.27252954,0.26740062,,,0.28886926,0.2790969
0.58109105,0.5835808,0.8891013,0.27557057,0.30552047,0.30801022,,,0.28562385,0.25082737,,,0.28817016,0.2786109
0.57815564,0.5851434,0.8892923,0.27400678,0.30414885,0.3111366,,,0.279432,0.29574734,,,0.28895873,0.29340094
0.5805931,0.57564723,0.8870506,0.26918972,0.3114034,0.30645752,,,0.29761338,0.28142744,,,0.3000489,0.29132092
0.57959425,0.5895963,0.89072484,0.2784657,0.30112857,0.31113058,,,0.26570338,0.28289872,,,0.2774157,0.29119724
0.5888115,0.5764925,0.8906254,0.27467853,0.314133,0.30181396,,,0.28782576,0.2727058,,,0.28957278,0.27637684
0.58473563,0.5859668,0.8931952,0.27750725,0.3072284,0.30845958,,,0.2915699,0.26414335,,,0.29152,0.28480488
0.57913643,0.5790106,0.888425,0.2697221,0.30941433,0.3092885,,,0.25646144,0.2437191,,,0.27874058,0.27802837
0.57040155,0.58470416,0.89023554,0.26487017,0.30553138,0.319834,,,0.2614671,0.2948252,,,0.27914035,0.3018099
0.58250487,0.5838024,0.8904988,0.2758084,0.30669647,0.307994,,,0.2757616,0.27943194,,,0.28958267,0.28808945
0.5799569,0.57618725,0.8861589,0.26998526,0.30997163,0.306202,,,0.2536382,0.2776792,,,0.28118336,0.28446257
0.5800921,0.57887244,0.8870249,0.27193964,0.30815244,0.3069328,,,0.26274592,0.27211803,,,0.28083146,0.2814042
0.57958937,0.5753758,0.8892033,0.26576185,0.3138275,0.30961394,,,0.27035785,0.2678054,,,0.2863776,0.27708173
0.5799043,0.5767368,0.8899239,0.26671726,0.31318706,0.31001955,,,0.27326167,0.26071393,,,0.28690708,0.28152478
0.58032334,0.5792178,0.8899373,0.26960385,0.3107195,0.30961394,,,0.2623446,0.27060306,,,0.28140056,0.28232187
0.5826514,0.57827055,0.89101976,0.26990217,0.3127492,0.30836838,,,0.26786482,0.27905476,,,0.28560084,0.28726453
0.5789421,0.58272374,0.88953507,0.27213085,0.30681127,0.3105929,,,0.28212923,0.28411865,,,0.29256672,0.29553902
0.5879257,0.5773156,0.8916165,0.27362472,0.31430095,0.3036909,,,0.27031183,0.29232514,,,0.28984457,0.28885496
0.5765984,0.58035475,0.89045566,0.26649743,0.31010097,0.31385732,,,0.2711813,0.2667712,,,0.28672272,0.2840951
0.5729167,0.58178246,0.88907814,0.26562095,0.30729574,0.3161615,,,0.26893878,0.25855374,,,0.28123957,0.2831658
0.583235,0.58160895,0.8915299,0.27331412,0.3099209,0.30829483,,,0.26649725,0.26004553,,,0.28438926,0.27812678
0.5827013,0.5913085,0.8912299,0.28277987,0.29992145,0.3085286,,,0.271868,0.28508878,,,0.27756786,0.293859
0.5917424,0.5736619,0.89075285,0.27465147,0.31709093,0.29901046,,,0.28771168,0.26892847,,,0.29729605,0.28091055
0.58504605,0.57890224,0.89080805,0.27314025,0.3119058,0.305762,,,0.28679675,0.27321362,,,0.2915712,0.28612357
0.5773367,0.5752435,0.88981366,0.2627666,0.31457013,0.31247687,,,0.2809214,0.24879467,,,0.2875247,0.27415502
0.5717861,0.58158255,0.8874316,0.2659371,0.30584902,0.31564546,,,0.2603475,0.26424944,,,0.28137064,0.29187167
0.57659245,0.5844543,0.889485,0.27156174,0.3050307,0.31289256,,,0.2454089,0.2628829,,,0.27143604,0.2849226
0.58268714,0.5838537,0.89161205,0.2749288,0.30775833,0.3089249,,,0.25699735,0.27790326,,,0.2783736,0.28658324
0.57228446,0.5809392,0.8892648,0.2639588,0.30832565,0.31698036,,,0.24762768,0.26424867,,,0.27444655,0.2866453
0.57703125,0.5813571,0.8887849,0.2696035,0.30742776,0.31175363,,,0.24641973,0.28221625,,,0.27608967,0.29273748
0.5791508,0.5829396,0.8916975,0.2703929,0.3087579,0.31254673,,,0.2933495,0.288409,,,0.2928626,0.29337263
0.59322524,0.5812415,0.89094186,0.28352487,0.30970037,0.29771662,,,0.27465594,0.27837223,,,0.2874462,0.27972692
0.57575667,0.57455117,0.88901067,0.26129723,0.31445944,0.31325394,,,0.27427262,0.26702273,,,0.28387737,0.28594393
0.5850581,0.5856887,0.89370847,0.27703834,0.30801976,0.30865037,,,0.28266507,0.26456356,,,0.29147744,0.28674817
0.58652925,0.5892525,0.8932599,0.28252184,0.3040074,0.30673063,,,0.28033334,0.27890283,,,0.28612202,0.28922528
0.58070326,0.581633,0.8925038,0.26983243,0.31087083,0.31180054,,,0.27044654,0.27504534,,,0.28809112,0.28519094
0.58492124,0.58871067,0.8901621,0.2834698,0.30145144,0.30524087,,,0.28826445,0.28934807,,,0.29121822,0.2919256
0.5830406,0.5857544,0.89196247,0.27683252,0.30620807,0.30892187,,,0.2894802,0.265195,,,0.2867937,0.28337502
0.5763878,0.5820137,0.8899677,0.2684338,0.307954,0.31357992,,,0.27926236,0.28768814,,,0.28649092,0.29106677
0.5772398,0.5764389,0.88895607,0.2647226,0.31251723,0.31171632,,,0.2542445,0.27278686,,,0.28201032,0.28496492
0.57487476,0.5832964,0.8918588,0.26631236,0.3085624,0.31698406,,,0.23970008,0.25352198,,,0.26919985,0.2814489
0.5853127,0.57957834,0.8891823,0.27570868,0.30960405,0.30386966,,,0.26379168,0.25681812,,,0.2827726,0.27557576
0.58267534,0.5765879,0.89129096,0.2679723,0.31470305,0.30861562,,,0.28499943,0.26925159,,,0.29480082,0.28573114
0.5816647,0.58505356,0.89124763,0.2754706,0.30619407,0.30958295,,,0.28387046,0.2833088,,,0.28952593,0.29254538
0.5859697,0.5769023,0.89069676,0.2721752,0.3137945,0.30472708,,,0.27198243,0.26440483,,,0.28522563,0.28061265
0.5798032,0.5754367,0.8882955,0.26694447,0.31285876,0.30849224,,,0.24946034,0.27003664,,,0.27729875,0.286344
0.58012927,0.5820267,0.8892419,0.2729141,0.30721515,0.3091126,,,0.24340922,0.2710861,,,0.27236032,0.28521353
0.57952917,0.5772842,0.88798803,0.26882535,0.3107038,0.30845886,,,0.2564193,0.26501626,,,0.28063977,0.28414154
0.58357066,0.5731298,0.889998,0.26670235,0.3168683,0.30642742,,,0.28029674,0.2687838,,,0.29021186,0.28023303
0.5872892,0.5817888,0.8904514,0.27862662,0.3086626,0.30316216,,,0.2712217,0.27219516,,,0.28402072,0.28056198
0.58361244,0.5740217,0.8880403,0.26959383,0.3140186,0.30442786,,,0.2897877,0.28315377,,,0.29128236,0.2856292
0.5789641,0.5781382,0.89182234,0.26528,0.3136841,0.31285816,,,0.26541877,0.26819295,,,0.28419834,0.28479332
0.59086895,0.5883586,0.89076877,0.28845882,0.30241013,0.29989976,,,0.2677756,0.2770623,,,0.2793256,0.28798127
0.56866074,0.5765203,0.88734096,0.2578401,0.31082064,0.31868023,,,0.2506333,0.25361735,,,0.27665293,0.2803774
0.5889995,0.58085716,0.8907074,0.2791493,0.30985022,0.30170786,,,0.2810657,0.28598434,,,0.29114175,0.28633904
0.58491635,0.5847987,0.89156914,0.2781459,0.30677044,0.30665278,,,0.25808316,0.2715184,,,0.2801404,0.28773004
0.5862688,0.57583594,0.88921505,0.27288967,0.3133791,0.30294627,,,0.26767212,0.27682066,,,0.2875752,0.28348005
0.57859594,0.58145255,0.88883036,0.27121812,0.30737782,0.31023443,,,0.27330178,0.29112,,,0.2857492,0.29525238
0.5838138,0.5774285,0.89121914,0.2700231,0.31379068,0.3074054,,,0.26666093,0.2756536,,,0.28321934,0.28775775
0.57961124,0.5806073,0.8892936,0.27092487,0.30868638,0.30968243,,,0.27490145,0.28067857,,,0.28611887,0.28907824
0.5807426,0.574698,0.88851845,0.26692212,0.31382048,0.30777586,,,0.27177805,0.25126112,,,0.28598446,0.2783062
0.5795115,0.5691088,0.88830817,0.2603122,0.31919932,0.30879658,,,0.2676571,0.27002472,,,0.2860433,0.28401232
0.58266497,0.5819355,0.889576,0.27502447,0.3076405,0.30691105,,,0.27649343,0.28097194,,,0.2838084,0.28796375
0.58530605,0.58240616,0.8907471,0.27696514,0.3083409,0.30544102,,,0.30047345,0.2733978,,,0.29649204,0.28159237
0.57646203,0.58283126,0.8892857,0.2700076,0.30645442,0.31282365,,,0.26868075,0.2698071,,,0.2794975,0.2856143
0.58554155,0.58270514,0.89148086,0.27676588,0.30877566,0.30593926,,,0.24919951,0.2813027,,,0.2767871,0.28986907
0.57433736,0.582091,0.8893139,0.26711446,0.3072229,0.3149765,,,0.2551307,0.27306503,,,0.27228075,0.29005677
0.5824604,0.5756618,0.88662523,0.27149695,0.31096345,0.30416483,,,0.26785964,0.24302244,,,0.28493333,0.26909494
0.58228934,0.59079623,0.891455,0.28163058,0.30065876,0.30916566,,,0.2715205,0.30073702,,,0.28048885,0.29562426
0.58721256,0.58290994,0.89127177,0.27885073,0.30836183,0.3040592,,,0.2779191,0.27139938,,,0.28991222,0.28095716
0.5818299,0.5771283,0.88869846,0.27025974,0.31157017,0.30686855,,,0.26302075,0.2593245,,,0.28405052,0.277686
0.5773021,0.58190966,0.88930196,0.2699098,0.3073923,0.31199986,,,0.27096117,0.26964247,,,0.28659517,0.284981
0.59394693,0.5741622,0.89064115,0.27746803,0.3164789,0.29669416,,,0.28676122,0.26002705,,,0.29566407,0.27671915
0.58066285,0.5765332,0.88927245,0.2679236,0.31273925,0.3086096,,,0.29402936,0.28050804,,,0.29957223,0.28403252
0.58653986,0.58527744,0.8928178,0.2789995,0.30754036,0.30627793,,,0.3002112,0.26856768,,,0.2960055,0.28697324
0.5879042,0.58873713,0.8913417,0.28529966,0.30260456,0.30343747,,,0.27382553,0.27372402,,,0.28490168,0.2859931
0.58230317,0.5762449,0.8903067,0.2682414,0.31406176,0.3080035,,,0.26964033,0.27351725,,,0.28465432,0.28323674
0.5837518,0.5860419,0.8898305,0.2799632,0.3037886,0.30607873,,,0.25008696,0.2784738,,,0.27552968,0.28958786
0.58686626,0.5805445,0.8883441,0.27906662,0.30779964,0.30147785,,,0.2746821,0.2674749,,,0.28429967,0.28294992
0.5831456,0.5830029,0.89325476,0.2728938,0.31025183,0.31010914,,,0.27009094,0.2670461,,,0.29077512,0.28706676
0.58360285,0.5843804,0.8916825,0.2763008,0.30730206,0.3080796,,,0.2760604,0.27752972,,,0.28132182,0.28697658
0.58576363,0.57953024,0.88926053,0.2760334,0.30973023,0.30349684,,,0.269584,0.28226918,,,0.2835256,0.29238415
0.5858792,0.57592356,0.8917855,0.27001727,0.31586194,0.3059063,,,0.26217878,0.25695407,,,0.28852385,0.27564085
0.5844046,0.58748204,0.8893834,0.2825033,0.30190128,0.30497873,,,0.29847133,0.28326356,,,0.29496872,0.29254597
0.5828259,0.57900465,0.89299554,0.268835,0.3139909,0.31016964,,,0.26108932,0.2754318,,,0.2820083,0.28437656
0.582808,0.5716174,0.8905407,0.26388466,0.31892335,0.30773276,,,0.25482845,0.24525505,,,0.28395027,0.27284586
0.5780808,0.5869942,0.889604,0.27547097,0.3026098,0.3115232,,,0.24673212,0.25954622,,,0.27246082,0.2823056
0.58068836,0.58690697,0.89170325,0.27589214,0.30479622,0.31101483,,,0.27638483,0.28655553,,,0.28790605,0.29290187
0.5859691,0.58749884,0.8893032,0.28416467,0.30180442,0.30333418,,,0.293055,0.26548153,,,0.29130083,0.28274328
0.5757362,0.5840125,0.88952744,0.27022135,0.30551487,0.31379116,,,0.26993477,0.2967847,,,0.28319794,0.29206342
0.58087283,0.5809052,0.88941497,0.272363,0.30850983,0.3085422,,,0.28649616,0.26342314,,,0.28540325,0.28106678
0.5839119,0.577973,0.88918406,0.27270085,0.31121105,0.30527216,,,0.26089025,0.24430668,,,0.28000027,0.2707504
0.5783756,0.58482325,0.88961804,0.2735808,0.3047948,0.31124246,,,0.2610246,0.2821352,,,0.28128183,0.2871186
0.57707715,0.5780627,0.88943946,0.26570046,0.3113767,0.31236225,,,0.23661286,0.2734899,,,0.27466357,0.2876637
0.5765345,0.57748795,0.8894354,0.26458704,0.31194746,0.3129009,,,0.279662,0.27200955,,,0.2907142,0.28905624
0.57924235,0.5790685,0.8905951,0.2677158,0.31152654,0.31135267,,,0.28769374,0.2614087,,,0.28924644,0.27895558
0.5709408,0.5785432,0.88540787,0.26407605,0.30686474,0.31446713,,,0.24230945,0.25941128,,,0.27332944,0.2869928
0.5783618,0.5879479,0.8915379,0.2747718,0.30359,0.3131761,,,0.27456564,0.2815392,,,0.28219962,0.29201758
0.5809002,0.5826009,0.8897951,0.2737059,0.3071943,0.308895,,,0.26145387,0.27093017,,,0.27972132,0.28690374
0.5768119,0.5756974,0.88876534,0.263744,0.3130679,0.31195343,,,0.25888002,0.25819546,,,0.28021002,0.28526437
0.58715594,0.5848923,0.89182556,0.28022265,0.30693328,0.30466962,,,0.2847165,0.2910759,,,0.29022932,0.2904628
0.57949716,0.589998,0.8884454,0.28104973,0.29844743,0.30894828,,,0.26625437,0.28557688,,,0.27683896,0.29018342
0.5761729,0.57698476,0.8888672,0.2642905,0.31188238,0.31269425,,,0.2693609,0.2601524,,,0.28612489,0.28268188
0.5899185,0.5743228,0.88974565,0.27449566,0.31542283,0.29982716,,,0.29670435,0.26362044,,,0.29511464,0.2732349
0.59552574,0.5806817,0.8913475,0.2848599,0.31066585,0.2958218,,,0.2880392,0.27059692,,,0.29567838,0.27571708
0.5822017,0.5700464,0.88743883,0.2648093,0.3173924,0.3052371,,,0.26449782,0.26418275,,,0.28607756,0.2773682
0.5744008,0.5845767,0.89069563,0.26828188,0.3061189,0.31629485,,,0.25667113,0.26462257,,,0.27820927,0.289643
0.5810431,0.57453716,0.88836855,0.26721174,0.3138314,0.30732542,,,0.2770208,0.2814771,,,0.28906834,0.28351307
0.5850021,0.58209395,0.89272565,0.2743705,0.31063163,0.30772346,,,0.28837073,0.28147435,,,0.29415983,0.28828174
0.58429074,0.58265346,0.89132726,0.275617,0.30867374,0.30703646,,,0.2796715,0.26985645,,,0.2940852,0.28242838
0.57821155,0.57711756,0.8894552,0.2658739,0.31233764,0.31124365,,,0.26223123,0.27195257,,,0.2825631,0.29051024
0.5867413,0.58137846,0.8927653,0.2753545,0.31138682,0.30602396,,,0.2832297,0.2911824,,,0.29139137,0.29239666
0.5841905,0.5781983,0.8892417,0.2731471,0.31104338,0.3050512,,,0.26333296,0.27343684,,,0.28511935,0.28434092
0.5839671,0.5851251,0.8925004,0.27659178,0.3073753,0.3085333,,,0.28591883,0.28292137,,,0.29356247,0.28984714
0.5817748,0.5788323,0.88909185,0.27151525,0.31025952,0.30731708,,,0.2855808,0.25460213,,,0.29420328,0.27763808
0.57494044,0.5876149,0.890164,0.27239132,0.30254912,0.31522357,,,0.25657803,0.2698468,,,0.2768315,0.28973705
0.58282477,0.57935584,0.89044607,0.2717346,0.31109017,0.30762124,,,0.2861004,0.2642967,,,0.28992778,0.2835564
0.5748916,0.58706856,0.88963056,0.27232957,0.30256206,0.314739,,,0.26106215,0.29323912,,,0.2762944,0.29425424
0.5843775,0.5794201,0.8906119,0.27318573,0.3111918,0.30623436,,,0.29299533,0.28400683,,,0.29101425,0.28553385
0.57749116,0.5865388,0.8902945,0.27373546,0.3037557,0.31280333,,,0.2698248,0.27898198,,,0.280779,0.29465455
0.5689007,0.5825809,0.8870759,0.26440573,0.30449498,0.3181752,,,0.2506904,0.27568752,,,0.2798587,0.29228443
0.5844918,0.5855615,0.8912255,0.27882773,0.30566406,0.3067338,,,0.28433824,0.2659207,,,0.28853953,0.28262842
0.5819082,0.57879305,0.8912075,0.26949376,0.31241447,0.3092993,,,0.28020668,0.26559865,,,0.2879871,0.284602
0.5823472,0.57907355,0.8895498,0.27187103,0.31047618,0.30720252,,,0.28545094,0.2907983,,,0.29091215,0.29358578
0.5773777,0.576909,0.8897227,0.26456392,0.31281376,0.3123451,,,0.2719587,0.26283455,,,0.28934294,0.2857408
0.5850429,0.57638997,0.89143324,0.26999962,0.31504327,0.30639035,,,0.2707792,0.27633983,,,0.28758812,0.28758037
0.5774267,0.5822097,0.8877606,0.2718758,0.30555087,0.3103339,,,0.24989653,0.25427985,,,0.27253348,0.27385116
0.5863656,0.57709426,0.88907146,0.2743883,0.31197727,0.30270594,,,0.2887569,0.26769537,,,0.29577655,0.2775647
0.5824492,0.5756149,0.8888655,0.26919866,0.31325054,0.30641627,,,0.26515806,0.2871942,,,0.28917956,0.2884035
0.5888393,0.58681905,0.891798,0.28386033,0.30497897,0.30295873,,,0.29619998,0.280244,,,0.29374784,0.28729415
0.5764816,0.5800916,0.89052033,0.26605284,0.31042874,0.31403875,,,0.2726133,0.27913356,,,0.28416175,0.28649175
0.57964396,0.58616495,0.89102435,0.27478456,0.3048594,0.3113804,,,0.27855164,0.2880667,,,0.28783655,0.29265916
0.58430827,0.57418126,0.8898113,0.2686782,0.31563008,0.30550307,,,0.27816284,0.26833498,,,0.2953301,0.28128946
0.58338,0.5756285,0.8870643,0.27194422,0.31143576,0.3036843,,,0.2710412,0.28915548,,,0.28778398,0.28673536
0.58065367,0.57471335,0.8888907,0.26647633,0.31417733,0.30823702,,,0.27110946,0.2654158,,,0.28406936,0.2792356
0.584266,0.58643997,0.89165485,0.27905118,0.30521482,0.30738878,,,0.27895766,0.26958728,,,0.2853725,0.28585714
0.5807674,0.57511604,0.88889116,0.26699227,0.31377512,0.30812377,,,0.2830791,0.25390142,,,0.28841132,0.27669525
0.5830579,0.58121413,0.8910708,0.2732013,0.3098566,0.30801284,,,0.29493582,0.28060097,,,0.29280567,0.28957993
0.5758423,0.58996123,0.8913633,0.27444023,0.3014021,0.315521,,,0.25525433,0.27196097,,,0.2759183,0.29185802
0.5786684,0.5719728,0.88815546,0.26248574,0.31618267,0.30948704,,,0.2657888,0.25881642,,,0.28204942,0.2798605
0.57543516,0.5810079,0.8883947,0.2680484,0.30738676,0.3129595,,,0.24959373,0.25837576,,,0.27720731,0.28137666
0.58437693,0.5828046,0.88969743,0.27748406,0.30689287,0.30532056,,,0.2761768,0.26727235,,,0.28625917,0.28370833
0.5784503,0.57664955,0.89011556,0.2649843,0.313466,0.31166524,,,0.2769879,0.27375317,,,0.28813064,0.28829986
0.57674,0.58595943,0.8893267,0.27337277,0.30336726,0.31258667,,,0.25464576,0.28014684,,,0.2779383,0.29134244
0.5763521,0.58649147,0.88962764,0.27321595,0.30313617,0.31327552,,,0.25797594,0.28340274,,,0.2792226,0.29256052
0.58254987,0.58531713,0.8918012,0.27606577,0.3064841,0.30925137,,,0.26521742,0.2818792,,,0.28303123,0.29084003
0.5817249,0.58740497,0.89073044,0.2783994,0.30332547,0.30900556,,,0.2676642,0.2699831,,,0.28314006,0.28533673
0.57681656,0.5819932,0.89005584,0.26875395,0.3080626,0.31323928,,,0.256581,0.257082,,,0.27583778,0.28194028
0.5827842,0.5698906,0.88742054,0.26525426,0.31752992,0.30463636,,,0.269154,0.24183404,,,0.2934628,0.26875436
0.57391465,0.58403426,0.8892447,0.2687043,0.30521035,0.31532997,,,0.27329463,0.2851289,,,0.28669405,0.29501927
0.576432,0.58185947,0.8895429,0.26874858,0.3076834,0.3131109,,,0.26916337,0.26766992,,,0.28459162,0.28103697
0.5828976,0.58155173,0.8911464,0.2733029,0.3095947,0.30824882,,,0.29102653,0.28589648,,,0.29336596,0.28932565
0.58669686,0.57215613,0.8878773,0.27097577,0.3157211,0.30118036,,,0.26125425,0.23402059,,,0.2883225,0.26604217
0.5809533,0.5808126,0.8900719,0.2716939,0.3092594,0.3091187,,,0.2783093,0.27160865,,,0.28313673,0.28182286
0.5765913,0.5754648,0.88904357,0.26301253,0.31357878,0.31245226,,,0.27320933,0.24685484,,,0.28526717,0.276659
0.5833926,0.58215326,0.88951313,0.2760328,0.3073598,0.30612046,,,0.2755611,0.26988322,,,0.28504997,0.2851594
0.5738653,0.5912663,0.89056754,0.27456403,0.29930127,0.31670225,,,0.27037257,0.2741421,,,0.2807631,0.2926635
0.58537734,0.57913023,0.88975304,0.27475458,0.31062275,0.30437565,,,0.26395935,0.26052743,,,0.28429866,0.27532083
0.5800675,0.57795215,0.88813436,0.2698853,0.3101822,0.30806684,,,0.2844113,0.26915646,,,0.28885585,0.28398293
0.58941627,0.5766325,0.89092505,0.27512372,0.31429255,0.30150878,,,0.2701152,0.27587593,,,0.28937048,0.28419286
0.58544636,0.57614136,0.89042187,0.27116585,0.3142805,0.3049755,,,0.2957554,0.2727794,,,0.29439598,0.27984262
0.5784258,0.59048724,0.88909066,0.27982247,0.29860336,0.31066477,,,0.25935304,0.27276963,,,0.27094454,0.28644484
0.575603,0.582718,0.88722503,0.271096,0.30450702,0.31162202,,,0.2770322,0.25400823,,,0.2866947,0.28256315
0.5861027,0.5816896,0.88990116,0.27789116,0.30821157,0.30379844,,,0.2686727,0.26006138,,,0.28362304,0.27521098
0.5797664,0.58164585,0.88911146,0.27230078,0.3074656,0.30934507,,,0.2613629,0.2861097,,,0.27560854,0.28992105
0.58423775,0.5758481,0.8899426,0.27014333,0.31409442,0.30570477,,,0.28102988,0.27961457,,,0.294949,0.28750294
0.5887718,0.58127224,0.89166963,0.27837443,0.3103974,0.3028978,,,0.27056217,0.27960992,,,0.28917646,0.28460985
0.5755477,0.5779896,0.8897772,0.2637601,0.3117876,0.3142295,,,0.27088833,0.2829072,,,0.28623688,0.29235554
0.57411397,0.5769851,0.88729227,0.26380682,0.31030715,0.3131783,,,0.25486135,0.2599116,,,0.27870536,0.28682727
0.57300365,0.58076036,0.8913669,0.2623971,0.31060654,0.31836325,,,0.28119582,0.26803446,,,0.28499615,0.28582728
0.5822026,0.5736561,0.8892797,0.26657903,0.31562358,0.30707705,,,0.26793253,0.26399285,,,0.28878593,0.28004593
0.58046556,0.5813453,0.8913121,0.27049875,0.3099668,0.31084657,,,0.2977854,0.30084848,,,0.29614288,0.29853404
0.58790016,0.58532923,0.89051414,0.28271532,0.30518484,0.3026139,,,0.28077954,0.27227753,,,0.28950566,0.28751898
0.58233213,0.5828743,0.891229,0.27397746,0.30835468,0.30889684,,,0.28018558,0.28448272,,,0.29174262,0.2876945
0.58513534,0.5759826,0.89153713,0.26958078,0.31555456,0.3064018,,,0.2840851,0.2632581,,,0.29052758,0.273709
0.5892166,0.57688594,0.8895422,0.2765603,0.31265628,0.30032563,,,0.27191144,0.27860022,,,0.28570867,0.27840024
0.58100843,0.57892203,0.89059246,0.269338,0.31167042,0.30958402,,,0.25202602,0.25091034,,,0.28074908,0.27581894
0.5841743,0.5823735,0.8909247,0.27562308,0.3085512,0.30675042,,,0.27177584,0.27924407,,,0.2847566,0.28470504
0.5782932,0.577476,0.8882072,0.26756203,0.31073117,0.309914,,,0.25669503,0.25676233,,,0.27622986,0.27479392
0.5872052,0.5801835,0.88994896,0.2774397,0.30976546,0.3027438,,,0.28699392,0.29832906,,,0.29279333,0.29430997
0.58502126,0.575513,0.8922608,0.26827347,0.31674778,0.30723953,,,0.26349622,0.26542097,,,0.28955615,0.28519303
0.5744134,0.57205564,0.88777995,0.25868917,0.31572425,0.31336647,,,0.25761706,0.26420385,,,0.28292686,0.2832908
0.5809635,0.5811255,0.89051956,0.27156943,0.30939406,0.30955607,,,0.29094243,0.27387488,,,0.29177976,0.2872864
0.5828651,0.5842969,0.89060074,0.2765612,0.30630392,0.30773568,,,0.2702673,0.24759185,,,0.2852584,0.27855784
0.58281195,0.5721838,0.8892479,0.2657478,0.31706417,0.306436,,,0.28660542,0.2583139,,,0.2925974,0.27367455
0.56727487,0.5802882,0.8882537,0.2593093,0.30796558,0.32097888,,,0.25409305,0.27383566,,,0.2777815,0.2920248
0.58065987,0.58417094,0.88989496,0.27493584,0.30572402,0.3092351,,,0.2655385,0.27122605,,,0.28337044,0.28544027
0.5824567,0.58532345,0.89011556,0.2776646,0.3047921,0.30765885,,,0.26451325,0.27782565,,,0.2825156,0.28781104
0.58128405,0.5798141,0.89002347,0.27107465,0.3102094,0.30873942,,,0.270997,0.26702887,,,0.2830124,0.28302187
0.5779944,0.57781345,0.8886368,0.26717103,0.31082338,0.31064242,,,0.25499976,0.26879853,,,0.27979833,0.2870953
0.58452314,0.58284503,0.88923866,0.27812952,0.30639362,0.3047155,,,0.288534,0.2738843,,,0.29269934,0.27994794
0.5796126,0.5859059,0.8921379,0.27338064,0.30623198,0.31252527,,,0.28135002,0.2817102,,,0.28736317,0.2908401
0.5727389,0.5851011,0.8886199,0.2692201,0.30351877,0.315881,,,0.24819273,0.252272,,,0.27284282,0.28153992
0.57971275,0.58374894,0.89078665,0.27267504,0.3070377,0.3110739,,,0.28419715,0.2643276,,,0.28797996,0.2789647
0.56894207,0.5736544,0.8865635,0.256033,0.31290907,0.3176214,,,0.24911523,0.26134634,,,0.27211016,0.27882433
0.5785684,0.5803851,0.88940877,0.26954466,0.30902374,0.31084043,,,0.27452415,0.26872343,,,0.28207994,0.28095257
0.5815097,0.5878587,0.8896775,0.27969086,0.30181885,0.30816782,,,0.28671342,0.2632699,,,0.29281998,0.27582365
0.5830891,0.5702389,0.89011836,0.26320958,0.31987953,0.3070293,,,0.26524854,0.24653172,,,0.29318517,0.27035367
0.58645916,0.57159865,0.8877875,0.2702703,0.31618887,0.30132836,,,0.2624129,0.26138717,,,0.28843683,0.27501994
0.578019,0.58355045,0.8888855,0.27268398,0.30533504,0.31086648,,,0.2730884,0.27082276,,,0.2864387,0.28435147
0.58176607,0.56793135,0.88764924,0.26204818,0.31971788,0.30588317,,,0.25441062,0.24847728,,,0.28322953,0.27136958
0.58566594,0.57084084,0.8892142,0.26729256,0.31837338,0.30354828,,,0.27946734,0.25347447,,,0.29241747,0.27385443
0.5827765,0.5814342,0.8904165,0.27379417,0.3089823,0.30764002,,,0.27959168,0.28965455,,,0.2875064,0.2901715
0.5867073,0.57895136,0.8896602,0.27599853,0.31070876,0.30295283,,,0.2932788,0.2892477,,,0.29233617,0.28346795
0.5751192,0.57500756,0.8875795,0.2625472,0.312572,0.31246036,,,0.23892486,0.26309365,,,0.27467722,0.28217882
0.5783411,0.57842636,0.8895358,0.2672317,0.31110942,0.31119466,,,0.2751478,0.2461316,,,0.28886813,0.274525
0.5820613,0.5839137,0.89117825,0.27479672,0.30726457,0.30911696,,,0.26316208,0.2665487,,,0.28307718,0.28436488
0.5830401,0.5802889,0.8869171,0.2764119,0.30662823,0.303877,,,0.26148945,0.2730422,,,0.2830351,0.28086752
0.57440495,0.57794225,0.886067,0.26628023,0.30812472,0.31166202,,,0.2412973,0.25913018,,,0.273898,0.28411412
0.58165133,0.5745268,0.8901028,0.2660753,0.31557602,0.30845147,,,0.2658075,0.2548526,,,0.28731555,0.2804312
0.5817647,0.5790074,0.8888288,0.27194327,0.30982143,0.30706412,,,0.2878933,0.25273752,,,0.2901457,0.2699359
0.5798405,0.5827447,0.8884066,0.27417868,0.3056618,0.30856603,,,0.26445442,0.25677824,,,0.2795083,0.2849322
0.5823471,0.57230115,0.89010024,0.26454806,0.31779903,0.3077531,,,0.26522005,0.27502173,,,0.28661615,0.28334033
0.5855948,0.5832045,0.88998723,0.27881205,0.30678272,0.30439246,,,0.2825045,0.27328706,,,0.29222053,0.28845745
0.5845592,0.57869065,0.8895674,0.27368248,0.31087673,0.30500817,,,0.27050447,0.2609191,,,0.2884583,0.2781453
0.5762714,0.5835123,0.8898101,0.26997364,0.30629778,0.31353867,,,0.29040432,0.28008837,,,0.2883796,0.2898187
0.5787225,0.57509905,0.88936985,0.26445162,0.31427085,0.31064743,,,0.2700774,0.25212944,,,0.2860301,0.2782455
0.57645917,0.5757623,0.8881922,0.26402926,0.3124299,0.311733,,,0.25704932,0.24890256,,,0.28045177,0.276343
0.57721484,0.57910645,0.88779324,0.26852804,0.3086868,0.3105784,,,0.2703002,0.25739014,,,0.28602767,0.2841329
0.5846718,0.57403624,0.890949,0.26775908,0.3169127,0.30627716,,,0.29118967,0.2475332,,,0.29791242,0.27137792
0.58148885,0.57785034,0.8889531,0.2703861,0.31110275,0.30746424,,,0.26710743,0.2728541,,,0.28480464,0.28219724
0.5786041,0.58114386,0.8890727,0.27067524,0.30792886,0.3104686,,,0.25826144,0.28186643,,,0.28350896,0.2929049
0.58507794,0.58424866,0.89130974,0.2780168,0.30706114,0.30623186,,,0.25721103,0.27064753,,,0.28024524,0.28127962
0.57515,0.57828677,0.88818586,0.26525092,0.3098991,0.31303585,,,0.27442545,0.26611483,,,0.27941483,0.28142625
0.5805979,0.5797327,0.8893406,0.27098995,0.30960792,0.30874276,,,0.26951867,0.25644702,,,0.28621274,0.27974427
0.588193,0.57782304,0.8913142,0.2747019,0.3134911,0.30312115,,,0.27922934,0.25209677,,,0.28807455,0.26798934
0.5766002,0.5714861,0.88917863,0.25890768,0.31769252,0.31257844,,,0.26407194,0.26401538,,,0.2847991,0.28003496
0.5826586,0.57478124,0.8886079,0.2688319,0.31382668,0.30594933,,,0.2620483,0.23180962,,,0.28673965,0.2623152
0.57666826,0.5884861,0.89159286,0.27356148,0.30310678,0.3149246,,,0.26202816,0.29144216,,,0.27845335,0.2971189
0.57803416,0.5879512,0.8918826,0.27410275,0.30393142,0.31384844,,,0.28114855,0.28242886,,,0.28981447,0.294519
0.57897794,0.57910466,0.8895914,0.2684912,0.31048673,0.31061345,,,0.2636826,0.2653697,,,0.28117698,0.2826386
0.5810776,0.59125113,0.8902824,0.28204632,0.29903126,0.30920482,,,0.26463443,0.28564334,,,0.27857238,0.29350835
0.58442026,0.5742774,0.8908095,0.26788813,0.31653214,0.30638927,,,0.28018975,0.2569844,,,0.29309803,0.27575552
0.5846479,0.5725843,0.8882711,0.26896107,0.31568682,0.3036232,,,0.2663499,0.2532093,,,0.288395,0.28159195
0.5855073,0.57878125,0.89033675,0.27395177,0.3115555,0.30482948,,,0.28205204,0.28048056,,,0.29283488,0.2914002
0.5781162,0.5828028,0.8892337,0.27168524,0.30643094,0.31111753,,,0.25910127,0.25898623,,,0.28398424,0.2818275
0.5861325,0.5854769,0.8906897,0.28091973,0.3052128,0.30455714,,,0.28050488,0.26868075,,,0.2858534,0.28668493
0.5866403,0.58020806,0.89145535,0.27539307,0.31124723,0.304815,,,0.29319674,0.29120386,,,0.29359013,0.28858358
0.5833311,0.5868037,0.88861835,0.28151643,0.30181468,0.30528724,,,0.2792716,0.26858526,,,0.28527558,0.28589255
0.5783665,0.5732453,0.8896174,0.26199442,0.3163721,0.31125087,,,0.260621,0.2549324,,,0.27933228,0.2811538
0.585606,0.5884167,0.89278305,0.28123963,0.30436635,0.30717707,,,0.30067366,0.2774576,,,0.29641944,0.29111266
0.5858319,0.583636,0.891176,0.27829194,0.30753994,0.30534405,,,0.2733367,0.28090006,,,0.28399467,0.29070455
0.581039,0.5948032,0.8914888,0.2843535,0.29668552,0.31044972,,,0.27262074,0.28631777,,,0.28391373,0.29707992
0.5811763,0.58192337,0.88949335,0.2736063,0.30756998,0.30831707,,,0.28679955,0.2811932,,,0.29417998,0.2875052
0.58175445,0.57877934,0.8893938,0.27113998,0.31061447,0.30763936,,,0.26254022,0.26852047,,,0.28371227,0.28308183
0.582618,0.58579254,0.8935125,0.27489805,0.30771995,0.3108945,,,0.28884375,0.2845298,,,0.2910149,0.28935504
0.5908265,0.580434,0.89088213,0.28037846,0.31044805,0.30005556,,,0.29611284,0.26533055,,,0.2995373,0.27628708
0.57595146,0.57541513,0.88792783,0.26343876,0.3125127,0.31197637,,,0.25971347,0.27075803,,,0.28377926,0.28588957
0.5767256,0.5858023,0.89009464,0.27243328,0.30429232,0.31336904,,,0.26033086,0.2833948,,,0.27368534,0.29083705
0.591517,0.5807172,0.8926868,0.2795474,0.31196958,0.3011698,,,0.28978902,0.26682425,,,0.29284924,0.28105307
0.58339345,0.5797471,0.88724494,0.2758956,0.30749786,0.3038515,,,0.2592479,0.25189167,,,0.27786183,0.27465206
0.5774821,0.5763321,0.8869313,0.2668829,0.3105992,0.3094492,,,0.2537979,0.25873798,,,0.2741304,0.2756214
0.5790896,0.5706543,0.88836586,0.26137793,0.31771165,0.30927634,,,0.25943136,0.26157993,,,0.28170043,0.27643114
0.5822408,0.5837082,0.89040965,0.27553946,0.30670136,0.30816877,,,0.26174313,0.28590828,,,0.28068215,0.28983313
0.57746387,0.58004856,0.88763046,0.26988196,0.3075819,0.3101666,,,0.26375723,0.2554832,,,0.28467607,0.27594048
0.58695173,0.57616454,0.8891763,0.2739399,0.31301183,0.30222464,,,0.28898156,0.2583667,,,0.295667,0.2804715
0.5790535,0.57044214,0.88860464,0.26089096,0.31816256,0.30955118,,,0.2725768,0.25140774,,,0.28692752,0.275429
0.5790701,0.5799589,0.888827,0.27020198,0.3088681,0.30975693,,,0.2758721,0.2743678,,,0.28705907,0.28596497
0.5754054,0.5778303,0.88789636,0.26533931,0.3100661,0.312491,,,0.26484764,0.24191278,,,0.28326827,0.27713662
0.5877038,0.57566416,0.88891846,0.27444953,0.3132543,0.30121464,,,0.28854734,0.25574315,,,0.29557675,0.2772318
0.57802254,0.5866946,0.89259,0.2721272,0.30589533,0.3145674,,,0.24281895,0.27393883,,,0.2739519,0.29072762
0.5875275,0.57968223,0.8888721,0.27833766,0.30918986,0.30134457,,,0.2727974,0.2760855,,,0.28910476,0.28110677
0.58654577,0.5814679,0.8908208,0.2771929,0.30935287,0.30427504,,,0.296057,0.27105916,,,0.29208523,0.2855029
0.5737442,0.5786581,0.88851595,0.26388633,0.30985785,0.31477177,,,0.2664202,0.26670563,,,0.27612877,0.2865824
0.5766865,0.5812453,0.8902799,0.26765192,0.3090346,0.3135934,,,0.2676183,0.25342935,,,0.28148514,0.2811587
0.5793301,0.5776768,0.88858724,0.26841962,0.31091046,0.30925715,,,0.2686075,0.28292644,,,0.28726083,0.29067606
0.57969,0.590574,0.8896851,0.2805789,0.29911107,0.3099951,,,0.26336098,0.28593135,,,0.27533036,0.2953269
0.57808423,0.57671666,0.8895669,0.265234,0.31285024,0.31148267,,,0.27284682,0.26614273,,,0.29070663,0.28296584
0.5730125,0.58539873,0.88975,0.26866126,0.3043512,0.31673747,,,0.2554255,0.27437466,,,0.27895337,0.28791487
0.58495367,0.5764675,0.89017737,0.2712438,0.31370986,0.3052237,,,0.27145094,0.26967633,,,0.2936901,0.2837417
0.5916121,0.58636796,0.8940455,0.2839346,0.3076775,0.30243337,,,0.279562,0.29705292,,,0.2883864,0.29167658
0.58498514,0.5791621,0.8918496,0.27229768,0.31268746,0.30686444,,,0.274404,0.2567376,,,0.28747356,0.27213234
0.58192575,0.5802563,0.88970953,0.27247256,0.3094532,0.30778372,,,0.27537405,0.2689973,,,0.28507262,0.28242606
0.58716285,0.57539725,0.8881355,0.2744246,0.31273824,0.30097264,,,0.2969076,0.26447815,,,0.2978449,0.27492303
0.5780157,0.58621943,0.89103246,0.27320266,0.30481303,0.31301677,,,0.28150785,0.27324492,,,0.28603762,0.28925294
0.5842896,0.58147585,0.88900274,0.27676278,0.30752683,0.30471307,,,0.2806481,0.26174808,,,0.28813505,0.27807325
0.5847492,0.5801464,0.8894315,0.27546406,0.30928516,0.3046823,,,0.26208347,0.25729477,,,0.28085816,0.27925998
0.58500004,0.58091295,0.89239717,0.27351582,0.31148422,0.30739713,,,0.2780655,0.27534795,,,0.28828502,0.287086
0.5782093,0.5815501,0.8895505,0.2702089,0.3080004,0.31134123,,,0.26439548,0.2727338,,,0.2827946,0.28396565
0.5762476,0.5802889,0.88801557,0.2685209,0.30772668,0.311768,,,0.28244865,0.26352197,,,0.28515148,0.28216904
0.5788598,0.57826746,0.887986,0.26914126,0.30971855,0.3091262,,,0.26012146,0.26690876,,,0.28195047,0.28103548
0.575618,0.58010143,0.89073557,0.26498395,0.31063408,0.31511748,,,0.26641375,0.2536385,,,0.28373432,0.28237116
0.57894665,0.57230717,0.8867566,0.26449722,0.31444943,0.30780995,,,0.2756638,0.27800798,,,0.28947252,0.2840709
0.581951,0.5785577,0.8902107,0.27029806,0.31165296,0.30825967,,,0.25961566,0.26623654,,,0.284423,0.28419507
0.5730664,0.5833554,0.8906988,0.2657231,0.3073433,0.31763232,,,0.24759495,0.27098596,,,0.27803177,0.2913121
0.5831319,0.5757258,0.8895303,0.2693274,0.3138045,0.3063984,,,0.26944792,0.2782271,,,0.2906683,0.2903394
0.5777789,0.5792475,0.8892639,0.26776236,0.3100165,0.3114851,,,0.2636717,0.27529377,,,0.28199524,0.29018313
0.58039856,0.58016586,0.88813865,0.27242577,0.3079728,0.3077401,,,0.25635386,0.25950706,,,0.2788409,0.2834524
0.5811002,0.58808774,0.88956434,0.2796237,0.30147654,0.30846405,,,0.27767134,0.29919946,,,0.28441352,0.29387712
0.5763749,0.57738346,0.88596714,0.26779115,0.30858374,0.3095923,,,0.2562124,0.27008885,,,0.27938533,0.27990294
0.57571614,0.58272636,0.88836336,0.27007914,0.305637,0.31264722,,,0.25969017,0.28047252,,,0.275249,0.28942174
0.58244467,0.58343804,0.8872384,0.27864432,0.30380034,0.30479372,,,0.27687615,0.2951938,,,0.28358096,0.29498273
0.5776607,0.58104247,0.8903194,0.26838368,0.309277,0.3126588,,,0.2964931,0.28043878,,,0.29556453,0.288054
0.5832197,0.5849052,0.8887002,0.27942473,0.30379498,0.30548048,,,0.2842834,0.28064823,,,0.28414267,0.28309625
0.5822625,0.5733966,0.88967294,0.26598626,0.31627625,0.30741036,,,0.28446788,0.2564293,,,0.29431713,0.27604872
0.58090854,0.5783161,0.8882733,0.27095133,0.3099572,0.30736476,,,0.2680056,0.27494586,,,0.2857203,0.2906422
0.57938915,0.58941007,0.8896887,0.2791105,0.30027866,0.31029958,,,0.26906258,0.26616466,,,0.27874666,0.2894084
0.5827936,0.5837834,0.88831407,0.2782629,0.30453068,0.30552047,,,0.30001593,0.28357136,,,0.2941448,0.28773493
0.58077157,0.57648706,0.89111733,0.2661413,0.31463027,0.31034577,,,0.26766688,0.25714433,,,0.2853123,0.276133
0.5833311,0.58777744,0.89136726,0.27974123,0.30358988,0.3080362,,,0.2750321,0.27968264,,,0.28454804,0.29120046
0.57598984,0.5769903,0.88924104,0.26373905,0.3122508,0.31325126,,,0.25803095,0.26995748,,,0.28357297,0.28728598
0.5835601,0.5739128,0.8885937,0.26887918,0.31468093,0.30503362,,,0.26183474,0.26124334,,,0.2812389,0.27679557
0.5739727,0.5814662,0.8873951,0.26804382,0.3059289,0.31342238,,,0.26379377,0.29028517,,,0.2741102,0.2948838
0.5810876,0.5809057,0.89052546,0.2714678,0.30961978,0.30943787,,,0.26375324,0.2634849,,,0.2851826,0.28924954
0.58051467,0.58434474,0.8902292,0.2746302,0.30588448,0.30971456,,,0.25431925,0.28381306,,,0.27533555,0.28982788
0.5835216,0.57647794,0.89069104,0.26930857,0.31421304,0.30716938,,,0.2547403,0.26108646,,,0.28424543,0.28197432
0.5815339,0.58081686,0.88869464,0.27365613,0.30787778,0.30716074,,,0.26548284,0.27599764,,,0.2825243,0.2865891
0.5819018,0.5758077,0.8916084,0.26610106,0.31580073,0.30970663,,,0.280289,0.24611646,,,0.29060537,0.2729832
0.5811052,0.5803819,0.8893192,0.27216792,0.30893725,0.30821395,,,0.27687234,0.25190288,,,0.28568822,0.27608937
0.5786483,0.5797937,0.88979375,0.26864827,0.31000006,0.31114542,,,0.2821167,0.27202415,,,0.28818554,0.28731066
0.5847981,0.58558166,0.8912064,0.27917337,0.30562472,0.3064083,,,0.28424275,0.27309346,,,0.29021668,0.29096657
0.58347976,0.5798459,0.8904735,0.27285218,0.31062758,0.30699372,,,0.27588755,0.27447236,,,0.29227465,0.28774625
0.58326966,0.56948787,0.8915554,0.2612021,0.32206756,0.30828577,,,0.27172756,0.25235206,,,0.29036462,0.27674973
0.5800619,0.57543236,0.8881059,0.26738828,0.31267363,0.30804408,,,0.2727819,0.26549608,,,0.28176975,0.28082073
0.5784945,0.5859844,0.88925624,0.27522266,0.30327183,0.31076175,,,0.26701272,0.2739392,,,0.27913153,0.2853343
0.5780422,0.58448595,0.8896328,0.27289534,0.30514687,0.3115906,,,0.25885427,0.26480108,,,0.2769283,0.28623635
0.58462334,0.57979643,0.8898439,0.2745759,0.31004745,0.30522054,,,0.28399962,0.25448078,,,0.29548615,0.27888423
0.5834712,0.588501,0.8905281,0.28144407,0.3020271,0.3070569,,,0.29329324,0.27613282,,,0.29023612,0.28740114
0.5839078,0.57427233,0.8888875,0.2692926,0.3146152,0.30497974,,,0.288971,0.28093582,,,0.29203504,0.2848497
0.584875,0.58404064,0.8913652,0.27755046,0.30732453,0.30649018,,,0.28836608,0.27017915,,,0.29058206,0.28205645
0.57737434,0.5800967,0.88798624,0.26948482,0.30788952,0.3106119,,,0.27568477,0.25011098,,,0.2822358,0.2752931
0.58386135,0.58180416,0.8878894,0.27777612,0.30608523,0.30402803,,,0.24866134,0.27289808,,,0.27422136,0.28198916
0.5833189,0.58090067,0.89064926,0.27357036,0.30974853,0.3073303,,,0.26358473,0.2747326,,,0.28837335,0.2894209
0.5844737,0.58522785,0.889736,0.27996558,0.30450815,0.30526227,,,0.27493662,0.29496264,,,0.28917187,0.29299754
0.57764363,0.5902741,0.88895553,0.2789622,0.29868144,0.3113119,,,0.25552619,0.2643252,,,0.27330947,0.28858387
0.58421034,0.5896056,0.89036006,0.2834559,0.30075443,0.30614972,,,0.26646674,0.29002547,,,0.28013134,0.29092413
0.5854237,0.5843848,0.891678,0.27813053,0.30729318,0.30625427,,,0.2772268,0.25942224,,,0.28690773,0.27689523
0.5798738,0.58021677,0.8914243,0.26866627,0.31120753,0.3115505,,,0.25592083,0.27760804,,,0.28009802,0.28618556
0.587216,0.5854562,0.89460415,0.27806813,0.3091479,0.30738807,,,0.2803083,0.27699566,,,0.28851676,0.2846458
0.57930934,0.5825571,0.8898706,0.27199584,0.3073135,0.31056124,,,0.26871824,0.27939135,,,0.27796906,0.2888543
0.5827099,0.5808238,0.8894818,0.2740519,0.308658,0.30677187,,,0.26610112,0.25465983,,,0.28367275,0.28116184
0.5814208,0.5825772,0.8920464,0.27195162,0.30946916,0.3106256,,,0.26518697,0.2823801,,,0.2847395,0.29359245
0.5745137,0.58239615,0.88874066,0.26816916,0.3063445,0.31422698,,,0.2832837,0.27534765,,,0.2906146,0.29166645
0.59239,0.5801065,0.8901441,0.28235245,0.31003755,0.29775405,,,0.27199805,0.24227726,,,0.28690344,0.27193445
0.58033264,0.5791446,0.8879679,0.27150935,0.3088233,0.30763525,,,0.25507182,0.2614594,,,0.28179616,0.28201324
0.5906652,0.57520336,0.8901436,0.27572495,0.31494027,0.2994784,,,0.2663638,0.27627635,,,0.28831905,0.27938014
0.5725938,0.5826497,0.8893461,0.2658974,0.30669641,0.3167523,,,0.28597248,0.2849121,,,0.2890156,0.29609376
0.583063,0.5803013,0.8890164,0.2743479,0.3087151,0.30595338,,,0.27708304,0.28462517,,,0.2891125,0.29227716
0.583513,0.58366007,0.89007974,0.2770934,0.3064196,0.30656666,,,0.28151286,0.27081066,,,0.287385,0.28259283
0.5782584,0.58605325,0.8910449,0.27326673,0.30499166,0.31278652,,,0.2545123,0.2620234,,,0.2760806,0.28110772
0.5837777,0.5823459,0.89055425,0.27556938,0.30820835,0.30677652,,,0.2818017,0.27079368,,,0.29002815,0.28540635
0.5842444,0.57842505,0.8901298,0.27253962,0.31170475,0.30588543,,,0.2605934,0.26007873,,,0.2869205,0.27820235
0.5894902,0.5788046,0.89042234,0.27787244,0.31161773,0.30093217,,,0.27014786,0.26907855,,,0.28726083,0.27647138
0.58154964,0.58202326,0.88889915,0.27467376,0.30687588,0.3073495,,,0.27895182,0.26218164,,,0.28867644,0.28327364
0.57037187,0.5794379,0.88820326,0.26160657,0.3087653,0.31783134,,,0.23693031,0.27666187,,,0.27070487,0.29037255
0.58375204,0.5815961,0.8923263,0.27302176,0.31073028,0.30857432,,,0.29164988,0.27137804,,,0.2961263,0.28315598
0.58451146,0.5733205,0.889755,0.2680769,0.31643456,0.3052436,,,0.26855862,0.25377882,,,0.28453904,0.27404797
0.5821672,0.580329,0.8908339,0.2716623,0.3105049,0.3086667,,,0.26994884,0.27075303,,,0.2866977,0.27997857
0.5768514,0.5708382,0.8863315,0.26135808,0.31549335,0.30948013,,,0.2542333,0.23935878,,,0.2843141,0.27387667
0.58365273,0.58219683,0.8898383,0.2760113,0.30764145,0.30618554,,,0.25657725,0.28299552,,,0.2806549,0.28553253
0.58911526,0.58339787,0.89062345,0.28188968,0.30722558,0.3015082,,,0.2829628,0.25027156,,,0.28906107,0.27670598
0.5733048,0.58375096,0.8878909,0.26916486,0.3041399,0.3145861,,,0.26719004,0.26168013,,,0.28164917,0.28387296
0.576829,0.57544816,0.8866747,0.26560253,0.3112265,0.30984563,,,0.25303155,0.27003753,,,0.27980655,0.28208953
0.5834813,0.58171374,0.8895421,0.2756529,0.30782843,0.30606085,,,0.2897033,0.278063,,,0.29179853,0.2902215
0.58213335,0.5845784,0.8892427,0.2774691,0.30466425,0.3071093,,,0.2781573,0.27683896,,,0.28555852,0.28971303
0.5867281,0.58211917,0.8909481,0.2778992,0.3088289,0.30421996,,,0.26651633,0.26904213,,,0.28853768,0.28478807
0.58879936,0.58753574,0.8948301,0.281505,0.30729437,0.30603075,,,0.2711491,0.28085607,,,0.28727967,0.28640884
0.58039975,0.5926906,0.89056325,0.2825271,0.29787266,0.3101635,,,0.2757215,0.28260309,,,0.28395528,0.29473734
0.5828326,0.57998294,0.88958615,0.27322942,0.30960315,0.30675352,,,0.26728743,0.24740952,,,0.28946322,0.2755617
0.5843438,0.57791495,0.8868655,0.27539325,0.30895054,0.3025217,,,0.28006136,0.25842106,,,0.29046607,0.27922803
0.58707786,0.57481146,0.89014053,0.27174878,0.31532907,0.30306268,,,0.27173847,0.24662983,,,0.2956832,0.27342856
0.59420365,0.5816648,0.8911709,0.2846976,0.30950606,0.2969672,,,0.29129744,0.27974993,,,0.29624033,0.28403658
0.57065094,0.5765276,0.8896288,0.2575497,0.31310123,0.3189779,,,0.25362688,0.2542869,,,0.27669984,0.27873498
0.5798471,0.5779411,0.88778764,0.27000064,0.30984646,0.30794048,,,0.2675544,0.27822095,,,0.28340507,0.29114443
0.5877937,0.5784539,0.89134455,0.27490306,0.31289065,0.30355084,,,0.2724266,0.26269174,,,0.28526193,0.28351843
0.58301073,0.5900773,0.89339584,0.27969223,0.3033185,0.31038505,,,0.27656263,0.28170502,,,0.28664273,0.2913366
0.58217037,0.5715502,0.8900607,0.2636599,0.31851047,0.3078903,,,0.28134608,0.2611047,,,0.2963513,0.28236943
0.5855246,0.5769027,0.88971144,0.27271587,0.31280875,0.30418682,,,0.2554165,0.25827676,,,0.28230876,0.27533823
0.58421606,0.5788934,0.88973576,0.27337378,0.31084228,0.30551964,,,0.26380008,0.2742486,,,0.28696567,0.28414792
0.56967497,0.5877315,0.8907959,0.26661056,0.3030644,0.32112092,,,0.24777806,0.28472745,,,0.270539,0.29721683
0.5835252,0.5755254,0.8893716,0.269679,0.31384617,0.3058464,,,0.24657893,0.26400834,,,0.275805,0.27951092
0.57716554,0.582318,0.88935864,0.2701249,0.30704063,0.3121931,,,0.25568897,0.27335328,,,0.27828008,0.2852472
0.57815266,0.58435833,0.8901495,0.27236152,0.30579114,0.31199682,,,0.28095555,0.27964604,,,0.28600627,0.28573686
0.58284384,0.5854051,0.8912722,0.2769767,0.30586714,0.3084284,,,0.28211826,0.2677396,,,0.2902758,0.2793901
0.57817817,0.58359766,0.8909749,0.27080095,0.30737722,0.3127967,,,0.27747238,0.29175282,,,0.28588462,0.29307312
0.5834012,0.58731437,0.89209104,0.27862453,0.30477667,0.30868983,,,0.2914495,0.27440858,,,0.28496712,0.28626227
0.580612,0.5871191,0.890002,0.27772903,0.30288297,0.30939007,,,0.27486587,0.28166437,,,0.28515166,0.28722972
0.58086085,0.5802683,0.89016825,0.270961,0.30989987,0.30930734,,,0.28154242,0.28409177,,,0.2915219,0.29231745
0.5740496,0.5800897,0.88990146,0.26423782,0.30981177,0.31585187,,,0.26945573,0.27444917,,,0.28096527,0.2865941
0.5774702,0.5756843,0.88942957,0.26372492,0.31374526,0.3119594,,,0.2682672,0.25159717,,,0.28206927,0.27643728
0.58294564,0.5755311,0.8920327,0.26644415,0.3165015,0.30908698,,,0.25706053,0.26348907,,,0.2839722,0.28191584
0.59016514,0.5762365,0.8912785,0.27512312,0.31504202,0.30111337,,,0.2863844,0.26285243,,,0.29771096,0.2773698
0.58420193,0.5793965,0.8903589,0.2732395,0.31096244,0.306157,,,0.27459812,0.27410662,,,0.29062945,0.28548717
0.5853106,0.58070576,0.88874996,0.27726638,0.3080442,0.30343938,,,0.2684849,0.26459235,,,0.2881747,0.27896732
0.5728803,0.57238555,0.88889366,0.25637215,0.31650817,0.3160134,,,0.2518456,0.24803704,,,0.27902186,0.27966172
0.5792556,0.5845485,0.8899797,0.27382433,0.30543125,0.31072414,,,0.273171,0.2659155,,,0.282041,0.28576946
0.58448946,0.57837737,0.88900125,0.27386558,0.31062388,0.3045118,,,0.27729136,0.26630253,,,0.28454274,0.2811159
0.5785154,0.57933754,0.8894492,0.2684037,0.3101117,0.31093383,,,0.27931827,0.2906288,,,0.28637147,0.28997135
0.5807563,0.5832512,0.89084977,0.27315766,0.30759865,0.31009352,,,0.27276075,0.26911777,,,0.28198647,0.27971172
0.58257616,0.5749589,0.8903134,0.2672217,0.31535447,0.30773723,,,0.2773351,0.27665746,,,0.28462344,0.28494656
0.58550143,0.586785,0.88976246,0.28252405,0.30297738,0.30426097,,,0.27840978,0.26977336,,,0.28719026,0.28363097
0.5746205,0.5788615,0.8904208,0.26306117,0.31155932,0.3158003,,,0.26024657,0.2568094,,,0.27929574,0.28034198
0.5783657,0.5755756,0.88584876,0.2680925,0.31027317,0.30748308,,,0.2548452,0.2831089,,,0.27334028,0.29091585
0.58384293,0.5824901,0.8918334,0.27449954,0.3093434,0.30799055,,,0.26558745,0.26706773,,,0.2865178,0.28081304
0.56970596,0.5829171,0.88777846,0.2648446,0.30486137,0.3180725,,,0.24017626,0.25584358,,,0.2689991,0.2832889
0.5907106,0.57778823,0.8902928,0.27820593,0.31250465,0.2995823,,,0.29872537,0.26871067,,,0.29840386,0.2733844
0.5889028,0.58589333,0.8890707,0.2857254,0.30317736,0.30016792,,,0.27878308,0.28315437,,,0.28904682,0.2861362
0.57665646,0.5825138,0.8889503,0.27021998,0.30643648,0.31229383,,,0.27305734,0.27781945,,,0.28160006,0.2922324
0.58297944,0.57612747,0.8895218,0.2695852,0.31339425,0.30654228,,,0.28504622,0.282425,,,0.29173243,0.28710294
0.5773106,0.58498,0.88834965,0.27394092,0.3033697,0.3110391,,,0.26073557,0.27933037,,,0.2755131,0.28924483
0.5705462,0.5783644,0.88882685,0.26008368,0.31046253,0.3182807,,,0.24915439,0.25230777,,,0.27658188,0.28328544
0.58319736,0.58323216,0.8892068,0.2772227,0.30597466,0.30600947,,,0.30076337,0.27750945,,,0.29550076,0.29061288
0.5786891,0.5694629,0.8878221,0.2603299,0.3183592,0.309133,,,0.2570259,0.26519328,,,0.28196883,0.27654183
0.58976656,0.5767237,0.8889172,0.2775731,0.31219345,0.2991506,,,0.26886052,0.2478522,,,0.28994566,0.2700771
0.5829406,0.5870934,0.8898248,0.28020912,0.30273145,0.3068843,,,0.27410686,0.27665317,,,0.28344917,0.2839169
0.58940184,0.58268964,0.89100075,0.28109074,0.3083111,0.3015989,,,0.26259726,0.2820167,,,0.285756,0.2856303
0.58343816,0.5791247,0.892321,0.27024186,0.3131963,0.30888283,,,0.31175756,0.27530622,,,0.30327827,0.28362197
0.5826856,0.5727595,0.8883229,0.2671222,0.31556338,0.3056373,,,0.28351635,0.2581067,,,0.2922997,0.27968472
0.5735638,0.5808413,0.8893795,0.26502562,0.3085382,0.3158157,,,0.262941,0.28054404,,,0.27716947,0.29391146
0.5781913,0.5753577,0.88975304,0.2637959,0.31439537,0.31156176,,,0.28491634,0.26698768,,,0.29346168,0.28283322
0.5811823,0.58485806,0.8934172,0.27262324,0.30855906,0.31223482,,,0.2855445,0.27509314,,,0.2874782,0.28930318
0.5800899,0.58452773,0.8899691,0.27464855,0.30544138,0.30987918,,,0.2692262,0.28085577,,,0.28009844,0.29195607
0.57358146,0.5786958,0.8899849,0.26229233,0.31128913,0.31640345,,,0.24785197,0.2705496,,,0.27934802,0.2918629
0.5845462,0.57318723,0.8897326,0.26800084,0.31654537,0.3051864,,,0.27251828,0.24945557,,,0.28854734,0.27111834
0.57526195,0.5827738,0.88921314,0.2688226,0.30643934,0.3139512,,,0.28219962,0.27574527,,,0.28323692,0.28652334
0.58229387,0.5823075,0.88974893,0.2748524,0.30744147,0.30745512,,,0.255643,0.26626134,,,0.27571285,0.28526956
0.58631986,0.57841885,0.890906,0.27383268,0.31248719,0.30458617,,,0.28096658,0.27578944,,,0.29006243,0.28019732
0.5762284,0.5762172,0.8888666,0.26357895,0.31264943,0.31263822,,,0.24179566,0.26123285,,,0.27495533,0.28424507
0.5792631,0.58460164,0.88883555,0.27502918,0.3042339,0.30957246,,,0.2628221,0.27463615,,,0.2802946,0.2902879
0.589839,0.58176225,0.89036125,0.28124005,0.30859894,0.3005222,,,0.28843623,0.2536258,,,0.29422444,0.27266073
0.57623255,0.578261,0.88763195,0.26686162,0.30937093,0.3113994,,,0.24701595,0.26508164,,,0.27099466,0.28671062
0.57565486,0.58769655,0.89000887,0.27334255,0.3023123,0.314354,,,0.26076496,0.2727834,,,0.2788571,0.29036307
0.5894441,0.5776124,0.891585,0.27547157,0.31397253,0.30214083,,,0.29240257,0.26952338,,,0.29624724,0.28097254
0.5717685,0.5743128,0.88847697,0.25760436,0.31416416,0.31670845,,,0.25671577,0.2750641,,,0.2826935,0.28805113
0.5833778,0.5801219,0.89024293,0.27325666,0.31012112,0.30686522,,,0.2718081,0.2597996,,,0.28707623,0.2805981
0.58340424,0.57556576,0.88837487,0.27059513,0.3128091,0.30497062,,,0.26964515,0.2624631,,,0.28335255,0.2810946
0.58503604,0.5799478,0.8896061,0.27537775,0.3096583,0.30457008,,,0.28271562,0.27802354,,,0.29087418,0.28791183
0.58079326,0.5783918,0.8893323,0.26985276,0.3109405,0.30853903,,,0.26975554,0.26634693,,,0.2885089,0.2831846
0.5883242,0.57207215,0.890249,0.27014732,0.31817687,0.30192482,,,0.29233944,0.24916035,,,0.29635203,0.2689606
0.5755384,0.5778794,0.88943136,0.26398647,0.31155193,0.31389296,,,0.2808497,0.28536433,,,0.28955156,0.29358542
0.58538425,0.57466817,0.8883352,0.2717172,0.31366706,0.30295098,,,0.28015548,0.25066286,,,0.28789914,0.27945048
0.57359576,0.57709,0.8866211,0.26406467,0.3095311,0.31302536,,,0.26134157,0.24059165,,,0.2786786,0.2755056
0.5667163,0.57509303,0.8888415,0.25296783,0.31374848,0.3221252,,,0.2608835,0.2576896,,,0.28244066,0.2820391
0.5768969,0.5824125,0.8885313,0.27077806,0.30611885,0.31163442,,,0.28294015,0.27279735,,,0.2856149,0.2889729
0.5755272,0.58136165,0.8890969,0.26779193,0.30773526,0.31356972,,,0.2668602,0.2753349,,,0.284918,0.28810662
0.5774406,0.5836804,0.8904851,0.2706359,0.30680472,0.3130445,,,0.26577693,0.2798398,,,0.2780919,0.28745717
0.5805042,0.5794234,0.88713664,0.27279097,0.3077132,0.30663246,,,0.25488847,0.2619391,,,0.2757532,0.28122807
0.5864985,0.58363867,0.8904901,0.27964705,0.30685145,0.30399162,,,0.29301107,0.2687161,,,0.29905772,0.2866156
0.5795864,0.5785687,0.8890644,0.2690907,0.31049567,0.30947798,,,0.27445662,0.25257373,,,0.28556138,0.27714616
0.583297,0.58579594,0.8901941,0.27889878,0.30439824,0.30689716,,,0.2628587,0.27069575,,,0.2764176,0.28171647
0.5769079,0.5777297,0.8877507,0.2668869,0.31002098,0.3108428,,,0.26209652,0.27070045,,,0.2864964,0.28538114
0.5749098,0.58292043,0.89117056,0.26665968,0.30825013,0.31626076,,,0.2744429,0.26352453,,,0.27957028,0.2842337
0.5773307,0.58326954,0.8885173,0.27208287,0.30524784,0.31118667,,,0.2588243,0.27221304,,,0.28132284,0.2859558
0.5867443,0.5755697,0.89122885,0.27108508,0.31565922,0.3044846,,,0.2758901,0.26622194,,,0.2873543,0.28432
0.58400047,0.5779729,0.8899019,0.27207148,0.311929,0.3059014,,,0.2597804,0.26499236,,,0.2831117,0.28109056
0.5857948,0.5739446,0.8903993,0.26934022,0.3164546,0.3046044,,,0.2756741,0.27429944,,,0.29528588,0.28160512
0.5843338,0.5809123,0.8926338,0.2726122,0.31172156,0.30830008,,,0.29448992,0.28627634,,,0.2957763,0.28820932
0.5775459,0.5826455,0.8884006,0.27179068,0.3057552,0.3108548,,,0.28038502,0.27291477,,,0.28476155,0.28753257
0.57348764,0.5836146,0.8888332,0.268269,0.30521864,0.3153456,,,0.2514884,0.2849849,,,0.27481127,0.29410136
0.57688665,0.57520866,0.88839334,0.26370198,0.31318468,0.3115067,,,0.266411,0.25343233,,,0.285563,0.27931076
0.576393,0.5783896,0.8897301,0.26505244,0.31134057,0.31333715,,,0.27366507,0.27161068,,,0.28638977,0.28920436
0.58585036,0.5805444,0.8896484,0.27674633,0.30910403,0.30379808,,,0.289773,0.27358377,,,0.2950393,0.28214103
0.5689273,0.58327234,0.88963115,0.26256847,0.3063588,0.32070386,,,0.2747534,0.27908576,,,0.28317583,0.29854596
0.5858699,0.5748719,0.89025784,0.27048397,0.31538594,0.30438793,,,0.28172976,0.24975103,,,0.29285538,0.27688313
0.583783,0.5757283,0.8900653,0.26944602,0.31433696,0.30628228,,,0.26959217,0.26798344,,,0.288086,0.2789616
0.5838835,0.5781087,0.8895738,0.2724185,0.31146502,0.30569023,,,0.28189677,0.27663672,,,0.2899115,0.2871402
0.5800563,0.57688737,0.88911885,0.26782483,0.31223148,0.30906254,,,0.2704507,0.2680173,,,0.29003495,0.28534222
0.57541484,0.5805294,0.8891486,0.26679564,0.3086192,0.31373376,,,0.26617545,0.27354312,,,0.2810496,0.28956485
0.5823293,0.57772964,0.8918745,0.26818448,0.3141448,0.30954516,,,0.27598524,0.28575307,,,0.28937805,0.2929138
0.5853981,0.5699098,0.88875467,0.26655322,0.31884485,0.3033566,,,0.268075,0.24688774,,,0.2949745,0.2745272
0.58651745,0.5788559,0.8906493,0.274724,0.31179345,0.30413187,,,0.2717166,0.27754468,,,0.29204386,0.2877614
0.58294207,0.5847359,0.8914393,0.27623856,0.3067035,0.3084973,,,0.27881038,0.2721954,,,0.2881992,0.29044813
0.58420205,0.57946765,0.89051294,0.27315676,0.3110453,0.3063109,,,0.27316678,0.28212804,,,0.2881114,0.29284704
0.5742426,0.58925366,0.89099425,0.272502,0.3017406,0.31675166,,,0.2650246,0.28168696,,,0.2792973,0.29392385
0.5833269,0.58133364,0.8901049,0.27455556,0.3087713,0.30677807,,,0.27034223,0.26972646,,,0.2810676,0.28627753
0.5837272,0.58215046,0.8905309,0.2753467,0.30838048,0.30680376,,,0.28692973,0.26828468,,,0.28622198,0.27845806
0.5799676,0.5793285,0.88906556,0.27023047,0.30973715,0.309098,,,0.27372932,0.26697892,,,0.28875047,0.28584683
0.5888923,0.5824808,0.8902182,0.28115493,0.30773735,0.30132586,,,0.2902708,0.2774018,,,0.2931326,0.28157622
0.58617663,0.5745454,0.8900115,0.27071053,0.3154661,0.30383486,,,0.27359784,0.25936472,,,0.28980517,0.27660227
0.5803151,0.5807915,0.8908459,0.2702607,0.31005442,0.31053078,,,0.270514,0.26185912,,,0.28830034,0.28021193
0.5827711,0.58488363,0.8912342,0.27642053,0.3063506,0.3084631,,,0.2734419,0.25893503,,,0.28711927,0.2786013
0.5798842,0.5843679,0.88988686,0.2743652,0.30551898,0.31000268,,,0.26892775,0.30666858,,,0.28203297,0.29747945
0.5751475,0.5774074,0.88798213,0.26457286,0.31057465,0.31283456,,,0.27663338,0.27454782,,,0.29153818,0.28932953
0.58319104,0.58759063,0.88969934,0.28108227,0.30210876,0.30650836,,,0.2813139,0.2672795,,,0.28925276,0.2843632
0.58482444,0.5814258,0.8899559,0.27629435,0.3085301,0.30513144,,,0.26703775,0.272682,,,0.28333884,0.28830636
0.5834633,0.5825957,0.889801,0.276258,0.30720532,0.3063377,,,0.26925445,0.26916313,,,0.28374666,0.27662176
0.57913965,0.57403666,0.88961154,0.26356477,0.31557488,0.3104719,,,0.26218754,0.25592393,,,0.28570235,0.27647185
0.57574403,0.5896077,0.8904886,0.27486312,0.3008809,0.3147446,,,0.25989807,0.28913152,,,0.27503616,0.29771584
0.58663523,0.5808592,0.89108807,0.27640635,0.31022888,0.30445284,,,0.27082652,0.27025074,,,0.28705078,0.2832443
0.5830295,0.58316416,0.8911169,0.2750768,0.3079527,0.30808735,,,0.2809341,0.28166503,,,0.28735054,0.28972113
0.58997035,0.5773234,0.8904249,0.27686888,0.31310147,0.3004545,,,0.28243178,0.27908993,,,0.28959465,0.28114122
0.57487774,0.58002186,0.89023155,0.26466805,0.3102097,0.3153538,,,0.26069355,0.27031714,,,0.2801553,0.28511733
0.5859667,0.5779332,0.890803,0.27309692,0.3128698,0.30483627,,,0.27670413,0.274468,,,0.28766626,0.2845251
0.5788176,0.5838847,0.8894572,0.2732451,0.3055725,0.31063962,,,0.2554223,0.27392018,,,0.2808988,0.2859701
0.5816833,0.58077407,0.8892266,0.27323073,0.30845255,0.30754334,,,0.28354746,0.24917847,,,0.29373276,0.27799726
0.57515436,0.58283997,0.8903998,0.26759446,0.3075599,0.3152455,,,0.27833098,0.28304535,,,0.28690302,0.2913543
0.57369536,0.57956505,0.8899682,0.26329225,0.3104031,0.3162728,,,0.27792853,0.27811188,,,0.28822154,0.29356235
0.5787238,0.57958215,0.88971287,0.268593,0.31013077,0.31098914,,,0.2875197,0.2761171,,,0.29046625,0.2885223
0.5818702,0.58399737,0.8905388,0.27532876,0.30654144,0.3086686,,,0.27462447,0.25865,,,0.2847892,0.280896
0.5881619,0.58653873,0.8927174,0.2819832,0.3061787,0.30455554,,,0.29605395,0.2972638,,,0.2923634,0.29084367
0.5798372,0.5857395,0.89008325,0.27549344,0.30434376,0.31024605,,,0.26949328,0.26756513,,,0.2833305,0.28367674
0.5768595,0.5820253,0.8897178,0.26916695,0.30769253,0.31285834,,,0.268825,0.27656817,,,0.2845577,0.29056168
0.58271587,0.57671404,0.8921859,0.26724398,0.3154719,0.30947006,,,0.28344876,0.27522773,,,0.29416037,0.28568769
0.5801844,0.58268607,0.8906376,0.27223283,0.30795157,0.31045324,,,0.27002782,0.2942434,,,0.28807372,0.28946394
0.5776533,0.5773118,0.8895355,0.26542968,0.3122236,0.31188214,,,0.26524752,0.26713187,,,0.2826087,0.2838089
0.5709839,0.57553506,0.8884417,0.25807726,0.31290662,0.3174578,,,0.24347419,0.2875573,,,0.2767262,0.2931882
0.5753944,0.58531797,0.8895078,0.2712046,0.3041898,0.31411338,,,0.25033116,0.26647192,,,0.27370775,0.2876569
0.5731498,0.5797725,0.88804245,0.26487982,0.30826998,0.31489265,,,0.2677042,0.27479905,,,0.2834372,0.2830807
0.5772916,0.5800775,0.89079934,0.2665698,0.3107218,0.31350774,,,0.2906788,0.26527184,,,0.295331,0.28768945
0.5889473,0.5771278,0.8924057,0.27366942,0.31527787,0.3034584,,,0.3006789,0.28534675,,,0.29292262,0.2860363
0.57325387,0.5755725,0.88748044,0.26134592,0.31190795,0.31422657,,,0.29109716,0.2579766,,,0.29059625,0.27959985
0.5803144,0.5829203,0.88803214,0.27520257,0.30511183,0.30771774,,,0.28230453,0.25328773,,,0.2911027,0.27817792
0.5828867,0.583158,0.8900094,0.2760353,0.3068514,0.3071227,,,0.2657323,0.28841603,,,0.27921456,0.2850185
0.5890263,0.5853333,0.8932717,0.28108788,0.3079384,0.3042454,,,0.28064167,0.30255693,,,0.28945225,0.29245728
0.58039975,0.578377,0.88964677,0.26913,0.31126976,0.30924702,,,0.25022626,0.27009875,,,0.27892154,0.28078073
0.58476275,0.5784883,0.8914242,0.27182686,0.3129359,0.30666143,,,0.27233446,0.270051,,,0.2867592,0.28382832
0.5784905,0.5839754,0.88936484,0.27310097,0.30538952,0.3108744,,,0.2687269,0.26569253,,,0.28163815,0.27977902
0.5788027,0.5783952,0.89038455,0.2668134,0.3119893,0.3115818,,,0.27594274,0.2825184,,,0.28478605,0.28929687
0.57452536,0.58275235,0.8861311,0.2711466,0.30337876,0.31160575,,,0.2599395,0.27172655,,,0.27639598,0.28656298
0.58289015,0.569901,0.8898406,0.26295054,0.3199396,0.30695045,,,0.2736029,0.25306833,,,0.292692,0.27551633
0.58359504,0.58702135,0.8898865,0.2807299,0.30286515,0.30629146,,,0.28524625,0.25927514,,,0.2884727,0.2788638
0.58462334,0.58392835,0.89044327,0.27810842,0.30651492,0.30581993,,,0.26970494,0.2646768,,,0.27865112,0.2813171
0.5805757,0.57969666,0.88913476,0.2711376,0.3094381,0.30855906,,,0.2676322,0.264441,,,0.28801376,0.27997863
0.5858425,0.57943,0.891495,0.27377748,0.312065,0.3056525,,,0.27376938,0.29280496,,,0.2917996,0.2945528
0.59326607,0.57807964,0.8896839,0.2816618,0.31160426,0.29641783,,,0.28235722,0.26651788,,,0.29691434,0.2757709
0.58861125,0.58292663,0.8923267,0.27921116,0.30940008,0.30371547,,,0.29411376,0.29805642,,,0.28822887,0.2904638
0.5844973,0.5836711,0.8887843,0.27938402,0.30511326,0.30428708,,,0.27722937,0.30911565,,,0.28607935,0.29983276
0.5735094,0.5860437,0.88783133,0.27172172,0.30178767,0.314322,,,0.27547067,0.283054,,,0.28259814,0.2968402
0.5734446,0.58440006,0.8907499,0.2670948,0.3063498,0.31730527,,,0.2818938,0.27066636,,,0.28597128,0.29085314
0.5859089,0.57789326,0.8899674,0.27383476,0.31207412,0.3040585,,,0.26208234,0.2736333,,,0.28155506,0.2813347
0.58442247,0.58615994,0.89050746,0.28007495,0.30434752,0.306085,,,0.27782637,0.2779367,,,0.28217852,0.28669047
0.5735599,0.58333796,0.8920858,0.264812,0.3087479,0.31852597,,,0.27833652,0.28483182,,,0.2789225,0.28927487
0.58314323,0.57761914,0.8882133,0.27254903,0.3105942,0.3050701,,,0.27116668,0.26734686,,,0.2793079,0.28025395
0.5789788,0.5782648,0.8909247,0.2663188,0.31265998,0.31194597,,,0.2774855,0.25518864,,,0.29042053,0.27977288
0.5836991,0.57880366,0.89163864,0.27086413,0.31283498,0.30793953,,,0.2869252,0.28527337,,,0.2900355,0.2877127
0.57157004,0.5794216,0.8901369,0.26085478,0.31071526,0.3185668,,,0.26872897,0.26488805,,,0.28442186,0.28936893
0.580595,0.5833916,0.8898586,0.27412808,0.30646694,0.30926353,,,0.2788239,0.28638208,,,0.28768462,0.29097682
0.5780548,0.5841708,0.8918824,0.27034318,0.3077116,0.31382763,,,0.25022733,0.2747839,,,0.27294207,0.29242367
0.5729053,0.5800663,0.8861994,0.2667722,0.3061331,0.3132941,,,0.25626796,0.24814892,,,0.27291232,0.27825052
0.58466065,0.58439827,0.8903643,0.27869463,0.30596602,0.30570364,,,0.26686257,0.27779967,,,0.2838801,0.28758597
0.57808226,0.5816621,0.89144605,0.26829833,0.30978394,0.3133638,,,0.24628967,0.2674855,,,0.27632546,0.2838382
0.5840328,0.5886806,0.89086205,0.28185135,0.30218142,0.30682927,,,0.28389698,0.28289878,,,0.28894007,0.29398733
0.5856737,0.58591187,0.89098054,0.28060502,0.30506867,0.30530685,,,0.2788275,0.26273113,,,0.28483826,0.28194433
0.5891764,0.5722475,0.8882867,0.2731372,0.3160392,0.2991103,,,0.27927673,0.24963492,,,0.29241765,0.26832002
0.59064114,0.58060634,0.8916462,0.27960128,0.31103987,0.30100507,,,0.2909878,0.27727687,,,0.2947331,0.2916969
0.5841926,0.5743742,0.88646996,0.27209675,0.31209582,0.30227745,,,0.2734837,0.2515316,,,0.2874248,0.27150667
0.57895875,0.5851017,0.88940597,0.2746545,0.30430424,0.31044722,,,0.24887747,0.28464884,,,0.2793874,0.29460108
0.58573025,0.58363473,0.89221036,0.27715456,0.3085757,0.30648017,,,0.29293114,0.2671095,,,0.29179955,0.2816491
0.58016574,0.5758461,0.88918346,0.26682836,0.3133374,0.30901772,,,0.2565617,0.26110965,,,0.282794,0.28643507
0.590834,0.58428407,0.8920861,0.283032,0.30780202,0.30125207,,,0.29164356,0.2814569,,,0.2949934,0.28650773
0.5823316,0.58485293,0.89096415,0.27622044,0.30611116,0.3086325,,,0.2736627,0.2759173,,,0.28608662,0.2852043
0.5923587,0.5707733,0.88925946,0.2738725,0.3184862,0.2969008,,,0.28171384,0.24423486,,,0.29212707,0.26600868
0.5799315,0.57803786,0.8887776,0.26919174,0.31073976,0.30884612,,,0.28389394,0.2701831,,,0.28815544,0.28476065
0.58505994,0.5767132,0.89046293,0.27131027,0.31374967,0.30540293,,,0.25746363,0.2786274,,,0.28241062,0.28706115
0.5872085,0.5800214,0.88998145,0.27724844,0.30996007,0.30277294,,,0.28012002,0.27549362,,,0.29060894,0.28569156
0.58918583,0.5902387,0.8929342,0.28649032,0.3026955,0.30374837,,,0.26782072,0.29124397,,,0.2860443,0.29537535
0.57956517,0.58162725,0.891464,0.26972842,0.30983675,0.31189883,,,0.2640217,0.24460769,,,0.2784711,0.27690125
0.5814489,0.57734126,0.88882893,0.26996118,0.31148773,0.30738008,,,0.24932152,0.24984753,,,0.27330142,0.2749676
0.5834295,0.57589674,0.8905959,0.2687304,0.3146991,0.30716634,,,0.2820307,0.27242404,,,0.28813982,0.2818365
0.5914177,0.57092464,0.8870546,0.2752877,0.31612998,0.29563695,,,0.27929747,0.27074152,,,0.29555875,0.27735376
0.58380175,0.5819838,0.890201,0.27558458,0.30821717,0.30639923,,,0.30232066,0.2632274,,,0.2965005,0.28232557
0.5719855,0.58178216,0.88639206,0.26737553,0.30460995,0.31440663,,,0.25100982,0.278526,,,0.27595192,0.28810835
0.5795711,0.58298165,0.8878917,0.27466112,0.30491,0.30832052,,,0.2796117,0.2600186,,,0.28345954,0.278659
0.5790576,0.57908785,0.8901485,0.2679969,0.31106067,0.31109095,,,0.2913379,0.27337754,,,0.28833586,0.28677028
0.58693457,0.5855436,0.8910705,0.2814077,0.30552685,0.30413586,,,0.26187474,0.29080445,,,0.2832849,0.2901352
0.5800978,0.59073746,0.8890345,0.28180075,0.29829705,0.30893672,,,0.26928192,0.28378707,,,0.28073996,0.28945547
0.5794355,0.5845065,0.8867646,0.2771775,0.302258,0.307329,,,0.27481186,0.27811134,,,0.2844813,0.29131943
0.5842985,0.5865605,0.89047724,0.28038174,0.30391675,0.30617875,,,0.27371126,0.27836007,,,0.2842847,0.29061073
0.5836851,0.57511973,0.8904365,0.26836842,0.31531668,0.3067513,,,0.27587253,0.27196318,,,0.28921515,0.2838164
0.5852405,0.5777421,0.88851386,0.27446872,0.31077176,0.30327338,,,0.27789176,0.26567042,,,0.2885487,0.28206325
0.587718,0.57886297,0.8905113,0.27606964,0.31164837,0.30279332,,,0.28006274,0.2660876,,,0.28994262,0.27671033
0.5858322,0.5820915,0.8891885,0.27873516,0.30709702,0.30335635,,,0.29625607,0.27224535,,,0.29669517,0.2856742
0.57577026,0.5677525,0.887444,0.25607872,0.31969154,0.31167376,,,0.27870846,0.27542895,,,0.28923982,0.28459734
0.57367575,0.57680804,0.8882604,0.26222342,0.31145233,0.3145846,,,0.23842102,0.25341678,,,0.27109265,0.28090036
0.58923095,0.57654345,0.88911885,0.2766555,0.31257546,0.29988796,,,0.29171407,0.25487274,,,0.29497874,0.27537572
0.5859741,0.58143675,0.8888815,0.27852935,0.30744475,0.3029074,,,0.27850258,0.2894277,,,0.28751665,0.29121178
0.57909566,0.5802712,0.8907551,0.26861173,0.31048393,0.31165946,,,0.28839296,0.2724163,,,0.29211777,0.283665
0.5785128,0.57726324,0.8895856,0.2661904,0.31232238,0.31107283,,,0.2604215,0.25546426,,,0.28075546,0.27706414
0.589718,0.58306277,0.8920356,0.28074515,0.30897284,0.30231762,,,0.2863629,0.2985782,,,0.29269022,0.2934535
0.5742314,0.57713294,0.88969004,0.26167428,0.3125571,0.31545866,,,0.24996203,0.26575053,,,0.2801664,0.2893389
0.5882094,0.5842111,0.88918227,0.28323823,0.30497116,0.30097288,,,0.29471153,0.28591543,,,0.2933219,0.2841121
0.5818326,0.5773438,0.8894689,0.26970744,0.31212515,0.30763638,,,0.2636516,0.24046785,,,0.2821452,0.26888108
0.5867931,0.5731013,0.8882303,0.27166414,0.31512898,0.30143714,,,0.26863384,0.25813073,,,0.28782356,0.27139384
0.58086026,0.5815392,0.8897832,0.27261633,0.30824393,0.3089229,,,0.25700623,0.25619638,,,0.28436136,0.28013217
0.5783515,0.57930696,0.89012015,0.2675383,0.3108132,0.31176865,,,0.27647477,0.28543198,,,0.2848363,0.29602253
0.58088875,0.58065236,0.8911419,0.2703992,0.31048954,0.31025314,,,0.27530152,0.26331538,,,0.28490263,0.27885008
0.57470965,0.57792914,0.8890939,0.26354492,0.31116474,0.31438422,,,0.2691918,0.24821824,,,0.2820573,0.27343732
0.5853233,0.57578105,0.8899694,0.2711349,0.31418836,0.30464613,,,0.29199117,0.27378255,,,0.3000288,0.28033566
0.58393824,0.57618904,0.8892966,0.2708307,0.31310755,0.30535835,,,0.28668785,0.2605654,,,0.2957269,0.2799031
0.58336484,0.5816722,0.889326,0.27571106,0.30765378,0.30596113,,,0.25631666,0.28562373,,,0.27826858,0.29186583
0.5905371,0.58408266,0.89072317,0.2838965,0.30664057,0.30018616,,,0.29922068,0.2761144,,,0.297571,0.28663772
0.58012944,0.5707333,0.8892444,0.26161832,0.31851113,0.309115,,,0.256769,0.26210088,,,0.2887621,0.28122735
0.5706854,0.5742601,0.88805366,0.25689185,0.31379354,0.31736827,,,0.22858739,0.27502072,,,0.270428,0.29258704
0.5822251,0.5854351,0.891065,0.27659523,0.30562985,0.30883986,,,0.30069393,0.28154022,,,0.296084,0.2937668
0.57323325,0.5871417,0.88889647,0.2714784,0.30175483,0.31566328,,,0.24708766,0.27171576,,,0.26893687,0.29146683
0.58274955,0.5801923,0.89074665,0.27219528,0.31055427,0.30799705,,,0.2673604,0.2779457,,,0.2820201,0.2857918
0.58631283,0.5780991,0.8875294,0.27688253,0.3094303,0.30121654,,,0.26107723,0.26564902,,,0.28190947,0.2789529
0.5829781,0.5816299,0.8894945,0.27511352,0.3078646,0.30651635,,,0.27585202,0.25696933,,,0.29573846,0.27775687
0.5734097,0.57767606,0.88817716,0.26290858,0.3105011,0.31476748,,,0.27575564,0.25234032,,,0.28596455,0.2760446
0.5793134,0.5831433,0.88879484,0.2736619,0.3056515,0.30948138,,,0.25982326,0.26302397,,,0.2769215,0.28343475
0.58032256,0.5836861,0.89111596,0.27289265,0.3074299,0.31079346,,,0.26564628,0.27855253,,,0.2841239,0.29189867
0.587078,0.56472635,0.8898718,0.26193255,0.32514542,0.3027938,,,0.28021348,0.2678764,,,0.29614615,0.27874875
0.5880876,0.5855367,0.89076966,0.28285462,0.305233,0.3026821,,,0.27727622,0.2712006,,,0.28807616,0.27962852
0.5806937,0.5807905,0.88951063,0.2719736,0.3087201,0.3088169,,,0.2748379,0.26217568,,,0.285424,0.2791326
0.5794255,0.57782674,0.8880717,0.2691806,0.31024492,0.30864614,,,0.25449467,0.25728124,,,0.2780807,0.28115344
0.579869,0.57213676,0.888005,0.26400065,0.31586832,0.3081361,,,0.2629636,0.27158195,,,0.2828666,0.28298372
0.5876794,0.57906544,0.8928027,0.2739421,0.31373727,0.30512333,,,0.2991976,0.27641493,,,0.2973972,0.28410828
0.5852001,0.58085334,0.8905145,0.27553892,0.30966115,0.30531442,,,0.28403652,0.2678764,,,0.29272032,0.28247887
0.57833695,0.58689964,0.8918936,0.27334297,0.304994,0.31355667,,,0.26338017,0.28889686,,,0.2833115,0.29537892
0.5748948,0.5797181,0.8867835,0.26782942,0.30706537,0.3118887,,,0.25371766,0.268063,,,0.27875233,0.28351593
0.5874094,0.5775673,0.8900201,0.27495652,0.31245285,0.30261075,,,0.27337945,0.27425838,,,0.28570187,0.2862742
0.5848807,0.5753724,0.8908277,0.26942533,0.31545538,0.30594707,,,0.2734787,0.24667978,,,0.288783,0.2720422
0.5748247,0.5775534,0.89138705,0.26099104,0.31383365,0.31656235,,,0.25151938,0.27388,,,0.28070766,0.29009366
0.58481884,0.586414,0.88829386,0.28293896,0.30187988,0.30347502,,,0.26259273,0.27965027,,,0.28616875,0.2901278
0.5920353,0.5871124,0.8938041,0.28534365,0.30669165,0.30176878,,,0.2912644,0.27335966,,,0.28837186,0.28352726
0.5724248,0.58135664,0.8879564,0.26582503,0.3065998,0.3155316,,,0.26015455,0.28324848,,,0.2740075,0.29301912
0.5851919,0.5816941,0.89100605,0.27588004,0.30931187,0.3058141,,,0.28165346,0.27128583,,,0.2911693,0.28212023
0.58059025,0.5778446,0.88963187,0.268803,0.31178725,0.30904162,,,0.25278693,0.27082777,,,0.27528667,0.2829861
0.582212,0.5842391,0.8908186,0.2756325,0.30657947,0.30860662,,,0.27548158,0.25832063,,,0.28450936,0.27995652
0.5842973,0.581666,0.89229393,0.27366936,0.31062794,0.30799663,,,0.27497822,0.25773948,,,0.28857183,0.28160328
0.5799181,0.5761983,0.88904345,0.26707292,0.31284517,0.30912536,,,0.26070893,0.25128555,,,0.28236502,0.27681231
0.58192885,0.57779217,0.8883418,0.27137923,0.31054962,0.30641294,,,0.2889523,0.28442717,,,0.29366934,0.2865346
0.57806253,0.58118874,0.891083,0.2681682,0.30989432,0.31302053,,,0.26612818,0.2926708,,,0.28452295,0.29602247
0.579303,0.5764135,0.88828015,0.2674364,0.31186664,0.30897713,,,0.26480275,0.26430285,,,0.280809,0.28309357
0.58255947,0.58598125,0.8897892,0.2787515,0.30380797,0.30722976,,,0.2733395,0.28660327,,,0.28323567,0.2960121
0.5778336,0.5843725,0.8906507,0.27155548,0.3062781,0.31281704,,,0.26644742,0.28433126,,,0.28495932,0.28913468
0.585451,0.572971,0.88871914,0.26970285,0.31574816,0.30326813,,,0.2822873,0.29456908,,,0.28785986,0.28504455
0.5781704,0.5719695,0.88917106,0.26096886,0.31720155,0.31100065,,,0.26609713,0.26064593,,,0.28025365,0.27703077
0.5867882,0.58586705,0.8921987,0.28045654,0.30633163,0.3054105,,,0.2854647,0.2866118,,,0.28682065,0.28663206
0.5797168,0.5757309,0.8880276,0.2674201,0.3122967,0.3083108,,,0.26640606,0.26625735,,,0.28590602,0.28165436
0.5867676,0.5807703,0.8911629,0.27637506,0.31039256,0.30439526,,,0.2785141,0.28285855,,,0.2876562,0.28830707
0.57435095,0.5792336,0.88977003,0.26381445,0.3105365,0.31541914,,,0.26100975,0.26385647,,,0.2829497,0.28598768
0.5809597,0.58059406,0.8890943,0.27245945,0.30850023,0.30813462,,,0.29622108,0.271855,,,0.29394954,0.28109163
0.5776899,0.58374393,0.8878502,0.2735836,0.3041063,0.31016034,,,0.2552523,0.25233692,,,0.2761767,0.27440888
0.5815538,0.5811483,0.8893158,0.2733863,0.30816752,0.30776203,,,0.27347785,0.27047318,,,0.2869054,0.28562766
0.5774421,0.57472515,0.8875704,0.26459694,0.31284517,0.3101282,,,0.24215078,0.24775833,,,0.27346516,0.2801785
0.58281475,0.57597184,0.8906905,0.26809603,0.31471872,0.3078758,,,0.26475543,0.2850021,,,0.28409225,0.28845924
0.58688,0.58213294,0.8914255,0.27758753,0.3092925,0.3045454,,,0.28744167,0.26768523,,,0.29133528,0.28218907
0.58806986,0.57053506,0.8911438,0.26746106,0.3206088,0.303074,,,0.26597285,0.25326896,,,0.28948236,0.27323842
0.5876122,0.5798241,0.88896465,0.2784717,0.3091405,0.30135238,,,0.2850303,0.28057557,,,0.2903214,0.28334796
0.58015525,0.58169717,0.8872695,0.27458286,0.3055724,0.3071143,,,0.2605514,0.28740782,,,0.2807458,0.2908938
0.5896515,0.5841371,0.8895627,0.28422582,0.3054257,0.29991126,,,0.29239666,0.28412485,,,0.2931103,0.287045
0.5829278,0.58513004,0.8900466,0.27801132,0.3049165,0.3071187,,,0.27623063,0.28765124,,,0.28619462,0.29487294
0.57852495,0.5813757,0.89003026,0.2698704,0.30865455,0.31150532,,,0.27423006,0.25301147,,,0.28604972,0.27853554
0.5791483,0.5812553,0.8917688,0.2686348,0.3105135,0.31262052,,,0.27371532,0.25204557,,,0.28445524,0.27801853
0.585861,0.5786154,0.89104915,0.27342725,0.31243378,0.30518818,,,0.26070637,0.27295208,,,0.28553665,0.28434783
0.5794475,0.5825658,0.8902805,0.2717328,0.3077147,0.31083298,,,0.25742638,0.27877766,,,0.28254795,0.29163253
0.57104135,0.5832685,0.89044833,0.26386154,0.3071798,0.319407,,,0.26130784,0.2818095,,,0.2835896,0.29314804
0.5795417,0.58689415,0.88987744,0.2765584,0.30298328,0.31033576,,,0.262066,0.27005774,,,0.27486366,0.2846359
0.5911416,0.5808258,0.89172643,0.28024095,0.31090063,0.30058485,,,0.2822374,0.2734052,,,0.29497063,0.2808854
0.58434474,0.5800282,0.8919895,0.2723834,0.31196135,0.30764478,,,0.27267915,0.2731918,,,0.28540957,0.28042126
0.5879952,0.5802307,0.8878347,0.28039116,0.307604,0.29983956,,,0.25493455,0.2860844,,,0.2813546,0.29074872
0.5847019,0.5863204,0.891716,0.2793063,0.3053956,0.3070141,,,0.28615195,0.2605188,,,0.29375082,0.28099555
0.58161926,0.5823127,0.8902918,0.27364016,0.3079791,0.30867255,,,0.25814122,0.26960343,,,0.27829695,0.2838955
0.57597405,0.58121765,0.89069164,0.26650012,0.30947393,0.31471753,,,0.26870358,0.26394063,,,0.28215766,0.28426605
0.58748144,0.58884454,0.8907561,0.28556997,0.30191147,0.30327457,,,0.27892447,0.27510762,,,0.28556997,0.28525096
0.5809952,0.58333087,0.88900393,0.27532214,0.30567306,0.30800873,,,0.2784984,0.2648574,,,0.2873578,0.28602707
0.5861939,0.5818417,0.89180887,0.27622676,0.30996716,0.30561495,,,0.2807836,0.2836082,,,0.2913776,0.28940755
0.57583547,0.58304167,0.8867755,0.27210164,0.30373383,0.31094003,,,0.25713664,0.26502723,,,0.277834,0.28320384
0.5830659,0.57889116,0.88917434,0.27278268,0.31028324,0.30610847,,,0.28485942,0.29317647,,,0.29071486,0.29382128
0.58031666,0.5890926,0.89048445,0.27892482,0.30139184,0.3101678,,,0.25687158,0.2601455,,,0.27883315,0.2868998
0.58125883,0.58100307,0.887221,0.27504098,0.30621785,0.3059621,,,0.26088083,0.25468928,,,0.279472,0.28065354
0.58105624,0.5799295,0.88985646,0.27112925,0.309927,0.30880022,,,0.28327316,0.25967002,,,0.292027,0.28106743
0.57407904,0.5705592,0.8884568,0.25618148,0.31789756,0.31437773,,,0.2304123,0.2633257,,,0.26900834,0.2797265
0.5800004,0.58024824,0.88785005,0.2723986,0.3076018,0.30784965,,,0.2689854,0.25900376,,,0.28606462,0.2866034
0.5771295,0.57902986,0.8906813,0.26547807,0.3116514,0.31355178,,,0.28214914,0.28775018,,,0.29168522,0.29543382
0.5894049,0.58263767,0.8916951,0.28034753,0.30905735,0.30229014,,,0.2714374,0.265454,,,0.29000527,0.2784381
0.5749508,0.57951754,0.8877214,0.26674688,0.30820394,0.31277066,,,0.24577087,0.2735768,,,0.27770627,0.28815264
0.57704264,0.58208793,0.8896388,0.2694918,0.30755085,0.31259614,,,0.26411736,0.26149255,,,0.28449547,0.28088903
0.58529043,0.57806504,0.8894341,0.27392137,0.31136906,0.30414367,,,0.27841312,0.275226,,,0.28806317,0.28465223
0.5865104,0.5866388,0.89310443,0.2800448,0.30646563,0.306594,,,0.288965,0.2834826,,,0.29264015,0.2925396
0.5810114,0.5879319,0.8897684,0.27917486,0.30183655,0.308757,,,0.26733,0.2946188,,,0.2810222,0.29107583
0.580201,0.57663083,0.889097,0.2677349,0.31246614,0.30889595,,,0.27199364,0.25838435,,,0.2875337,0.28300095
0.5793667,0.5842835,0.89148104,0.2721691,0.30719757,0.31211436,,,0.24416727,0.28153616,,,0.28002214,0.29346603
0.5876992,0.58379924,0.8914307,0.28006774,0.30763143,0.3037315,,,0.29424733,0.27235007,,,0.29509902,0.284391
0.5812667,0.58046967,0.88994163,0.27179474,0.30947196,0.30867493,,,0.28781128,0.27020395,,,0.2892741,0.28182256
0.5795229,0.57308906,0.8877797,0.26483226,0.31469065,0.3082568,,,0.26432693,0.27699786,,,0.2844562,0.28619933
0.57356745,0.5736489,0.8882408,0.2589755,0.31459194,0.31467342,,,0.25606507,0.2606479,,,0.28203285,0.28613144
0.5761326,0.5854589,0.8902001,0.27139145,0.30474114,0.31406742,,,0.25495672,0.29117268,,,0.27327114,0.29978204
0.57808876,0.5769659,0.8891005,0.2659542,0.31213456,0.31101173,,,0.26872653,0.26041698,,,0.28499973,0.2838475
0.5844104,0.5794231,0.8893653,0.2744683,0.30994213,0.30495483,,,0.28647208,0.24358845,,,0.28807122,0.27424634
0.5819347,0.58271736,0.890004,0.27464813,0.30728656,0.30806923,,,0.25048548,0.2680626,,,0.27458733,0.28601837
0.5738866,0.57273585,0.8873676,0.2592548,0.31463176,0.31348103,,,0.2416876,0.25275898,,,0.27476043,0.2802689
0.5825939,0.5817456,0.89065236,0.27368718,0.30890673,0.30805844,,,0.26579052,0.27151805,,,0.28634065,0.28411186
0.58465695,0.5814346,0.8888976,0.27719396,0.307463,0.30424064,,,0.2756889,0.27939945,,,0.28470683,0.28895926
0.5809938,0.5825293,0.8896463,0.2738768,0.307117,0.30865252,,,0.25997835,0.28405714,,,0.2824931,0.2900445
0.5869712,0.5783362,0.89171624,0.27359116,0.31338006,0.30474502,,,0.29620886,0.29281992,,,0.29368943,0.29027313
0.5856828,0.58171296,0.892091,0.27530485,0.31037796,0.3064081,,,0.2855211,0.27166164,,,0.29312783,0.28205705
0.5736408,0.58246195,0.88946533,0.26663744,0.30700338,0.3158245,,,0.2633435,0.2687986,,,0.2783075,0.28576928
0.58586645,0.5776124,0.8901644,0.27331448,0.31255198,0.30429792,,,0.2570532,0.2559905,,,0.28122163,0.27963674
0.56835884,0.57884145,0.8870345,0.26016587,0.30819297,0.31867558,,,0.24107385,0.26110977,,,0.2709124,0.2885931
0.59045446,0.57743216,0.890331,0.27755564,0.3128988,0.2998765,,,0.29118717,0.28449053,,,0.294631,0.28552508
0.5885352,0.582731,0.8906067,0.2806595,0.3078757,0.3020715,,,0.27290863,0.27133423,,,0.29199612,0.28690505
0.5882005,0.5796151,0.8913726,0.27644306,0.31175745,0.30317205,,,0.2867462,0.3048352,,,0.29075634,0.2965622
0.58280075,0.5799708,0.8889223,0.2738492,0.30895156,0.3061216,,,0.27252156,0.27700114,,,0.28442138,0.2843958
0.58228254,0.58516836,0.890234,0.2772169,0.30506563,0.30795145,,,0.2758659,0.28314066,,,0.2825029,0.2901411
0.57435757,0.5772884,0.88889843,0.26274747,0.3116101,0.31454092,,,0.2678643,0.26657134,,,0.28314108,0.28658623
0.59053516,0.5890081,0.8910705,0.28847277,0.3020624,0.30053532,,,0.30402344,0.3046944,,,0.29722047,0.29287034
0.58100605,0.58367574,0.89139175,0.27329004,0.307716,0.3103857,,,0.24691135,0.27087253,,,0.27609545,0.28637046
0.58016366,0.5786915,0.8911723,0.2676829,0.31248075,0.31100857,,,0.27250314,0.29126918,,,0.2867282,0.29053384
0.58808625,0.578123,0.88904154,0.27716768,0.31091857,0.3009553,,,0.25684404,0.26119304,,,0.2820592,0.28041947
0.58390164,0.58329296,0.89349955,0.27369505,0.3102066,0.3095979,,,0.280913,0.2662738,,,0.2890305,0.28280562
0.5837683,0.57933265,0.89209133,0.27100962,0.31275868,0.30832303,,,0.27823842,0.26520604,,,0.2867226,0.28291434
0.5873468,0.57473,0.8906166,0.27146012,0.31588668,0.30326986,,,0.26858485,0.26985425,,,0.28885293,0.28262085
0.5804987,0.57744795,0.8911607,0.26678586,0.31371284,0.3106621,,,0.28640038,0.2733947,,,0.28942198,0.28676307
0.58404887,0.57537127,0.8914084,0.26801175,0.31603712,0.30735952,,,0.27995247,0.2704081,,,0.2929365,0.2812814
0.5733237,0.57974064,0.8874224,0.265642,0.30768174,0.31409866,,,0.2630611,0.26150697,,,0.28038347,0.28417104
0.5882191,0.5774121,0.89160305,0.27402824,0.31419086,0.3033839,,,0.2787131,0.27150458,,,0.29105967,0.28394014
0.5808771,0.5770172,0.8891664,0.26872796,0.31214917,0.30828923,,,0.24088222,0.25807267,,,0.2773227,0.2818653
0.57781076,0.5837035,0.8883498,0.2731645,0.30464625,0.310539,,,0.25151056,0.2579974,,,0.27793694,0.28333598
0.57406604,0.58278,0.8885354,0.26831067,0.30575538,0.31446934,,,0.2584768,0.26612544,,,0.28076404,0.2879554
0.58032644,0.5700799,0.88800865,0.2623977,0.31792873,0.30768222,,,0.28176773,0.26342767,,,0.2939139,0.2821166
0.5855694,0.5805608,0.8905511,0.2755791,0.3099903,0.3049817,,,0.302386,0.30013913,,,0.302077,0.2928378
0.5792905,0.57666606,0.8901757,0.2657808,0.3135097,0.31088525,,,0.26102513,0.27413875,,,0.28220725,0.2833388
0.5839156,0.58092785,0.8912977,0.27354574,0.31036985,0.3073821,,,0.27005005,0.278845,,,0.2834422,0.28285557
0.59200335,0.58825946,0.8942337,0.2860291,0.30597425,0.30223036,,,0.29227942,0.28131932,,,0.29447508,0.2888186
0.5770009,0.5739008,0.88827366,0.26262814,0.31437278,0.31127268,,,0.24224716,0.2702393,,,0.2794971,0.28730255
0.5869462,0.58732474,0.8923702,0.28190064,0.30504555,0.3054241,,,0.29147017,0.3021176,,,0.29217744,0.29647964
0.57640314,0.5804361,0.88806,0.26877928,0.30762386,0.31165683,,,0.26737106,0.28365552,,,0.28644258,0.29252392
0.57921624,0.5828185,0.88883704,0.2731977,0.30601853,0.3096208,,,0.2588098,0.25525105,,,0.2817443,0.280424
0.58196807,0.57569325,0.8876965,0.2699648,0.31200325,0.30572844,,,0.2786845,0.27011085,,,0.28694606,0.28630877
0.58797944,0.5842354,0.89263576,0.2795791,0.30840033,0.30465633,,,0.27216667,0.27060157,,,0.28837824,0.29003894
0.58255744,0.5773903,0.8904444,0.26950336,0.31305408,0.30788696,,,0.26724333,0.25475723,,,0.2828654,0.28309232
0.5769256,0.576897,0.8898003,0.26402235,0.31290323,0.31287467,,,0.2701643,0.25609112,,,0.28783697,0.28369063
0.59074306,0.57909036,0.8909589,0.27887452,0.31186855,0.30021584,,,0.2948799,0.2681679,,,0.29538512,0.28228343
0.5777886,0.5778138,0.88882214,0.26678032,0.31100827,0.3110335,,,0.26933604,0.25868076,,,0.28488284,0.28232616
0.57937336,0.5829799,0.8902205,0.27213275,0.3072406,0.31084716,,,0.29121846,0.2940982,,,0.28941762,0.29321975
0.58704305,0.58464277,0.8914409,0.2802449,0.30679816,0.30439788,,,0.2859618,0.27353126,,,0.2912041,0.28167266
0.582502,0.5873413,0.89111334,0.27872998,0.30377203,0.30861133,,,0.27502602,0.2723378,,,0.28795862,0.2833606
0.5795158,0.57784224,0.88872063,0.26863742,0.3108784,0.30920482,,,0.27542168,0.28423858,,,0.28843874,0.28720152
0.5794102,0.5822338,0.8921311,0.2695129,0.3098973,0.3127209,,,0.27906644,0.29847682,,,0.28925264,0.29629946
0.5895551,0.58668554,0.8933389,0.28290176,0.30665332,0.30378377,,,0.28558308,0.2882461,,,0.2874499,0.289316
0.58135617,0.5682391,0.889504,0.26009125,0.32126492,0.30814785,,,0.26788795,0.24281168,,,0.28636628,0.2705865
0.5877173,0.5819974,0.88737446,0.28234023,0.30537707,0.29965717,,,0.2876044,0.27841896,,,0.28977048,0.28344446
0.57031095,0.5853323,0.88778317,0.26786005,0.3024509,0.31747222,,,0.26797163,0.283808,,,0.28462082,0.29492736
0.57969606,0.5790061,0.88936657,0.26933557,0.3103605,0.3096705,,,0.27175653,0.26566505,,,0.28231072,0.28264612
0.578634,0.57921827,0.8876629,0.2701894,0.30844462,0.30902886,,,0.2858525,0.26865584,,,0.29099154,0.283404
0.5830915,0.580362,0.89302635,0.27042723,0.31266427,0.3099348,,,0.28614843,0.2726314,,,0.3000142,0.28892905
0.5856322,0.5843152,0.8909019,0.27904546,0.30658674,0.30526972,,,0.2821511,0.28735435,,,0.29080158,0.28997445
0.58272386,0.5778424,0.89030015,0.27026618,0.31245768,0.30757624,,,0.27758276,0.2509979,,,0.28828186,0.27403486
0.5856259,0.5809617,0.89028233,0.27630526,0.30932063,0.30465645,,,0.291076,0.2571326,,,0.2927866,0.2771241
0.57755715,0.57300496,0.88952124,0.2610408,0.31651634,0.31196415,,,0.28073335,0.2872755,,,0.2900675,0.29004562
0.57999444,0.5739316,0.8899046,0.2640214,0.31597304,0.30991018,,,0.2721297,0.24957651,,,0.28998286,0.27158475
0.582608,0.58344257,0.8913469,0.27470368,0.3079043,0.3087389,,,0.27746922,0.27465695,,,0.29357153,0.29257578
0.57868594,0.57756585,0.8890734,0.26717842,0.31150752,0.31038743,,,0.25709265,0.2717104,,,0.2804811,0.28586417
0.5898913,0.5773635,0.8913502,0.2759046,0.31398672,0.3014589,,,0.27460498,0.27295643,,,0.291476,0.28251946
0.57974577,0.58034325,0.8923949,0.26769412,0.31205165,0.31264913,,,0.27063972,0.2750333,,,0.29260528,0.29292864
0.5774981,0.5830498,0.88993603,0.27061182,0.30688626,0.31243795,,,0.26318806,0.27795362,,,0.277147,0.28799826
0.5881095,0.57926416,0.89002675,0.2773469,0.31076258,0.30191725,,,0.28852457,0.29438686,,,0.29517865,0.28899848
0.5842674,0.5834009,0.88865775,0.2790106,0.30525678,0.3043903,,,0.27670032,0.28671592,,,0.2854159,0.28791344
0.5798094,0.5736126,0.8912313,0.2621907,0.31761873,0.31142187,,,0.2597354,0.27381122,,,0.2887733,0.28288567
0.58025444,0.57655954,0.88994664,0.26686734,0.3133871,0.3096922,,,0.2683515,0.28146648,,,0.28242356,0.2806282
0.5822809,0.58159053,0.8910256,0.2728458,0.30943507,0.30874473,,,0.28210402,0.276061,,,0.29276717,0.28607434
0.58486176,0.57895213,0.8888003,0.2750135,0.30984825,0.30393863,,,0.2774272,0.27781618,,,0.28649294,0.28486407
0.5778613,0.5756844,0.8886479,0.26489782,0.3129635,0.3107866,,,0.263637,0.26199704,,,0.28636032,0.28278637
0.58458865,0.5837095,0.88883984,0.27945828,0.30513036,0.3042512,,,0.28108978,0.27919275,,,0.28878778,0.28797293
0.58293676,0.5852897,0.8909005,0.277326,0.30561078,0.30796373,,,0.2857607,0.27294868,,,0.29271477,0.2876863
0.57643396,0.5839957,0.8896362,0.2707935,0.30564046,0.3132022,,,0.25790077,0.25169396,,,0.27398133,0.279028
0.5843034,0.58067656,0.8925097,0.27247024,0.31183314,0.30820632,,,0.28804654,0.2670294,,,0.2969967,0.28692788
0.5927907,0.58591175,0.8909,0.28780246,0.30498827,0.2981093,,,0.27547395,0.2897449,,,0.2884264,0.2862118
0.57803,0.57567954,0.8899692,0.2637403,0.3142897,0.31193924,,,0.25277746,0.28477144,,,0.2813849,0.29038346
0.5863242,0.5746227,0.8881673,0.27277952,0.3135447,0.30184317,,,0.28938532,0.27376693,,,0.29325503,0.28285396
0.577145,0.58395785,0.88872004,0.27238274,0.30476224,0.3115751,,,0.26054388,0.28012562,,,0.28228498,0.29418713
0.57128525,0.5694331,0.8878416,0.25287676,0.3184085,0.31655633,,,0.25523508,0.25768912,,,0.2775187,0.28200608
0.5764739,0.5832521,0.8904036,0.26932228,0.30715162,0.3139298,,,0.2506265,0.26533037,,,0.27388096,0.28291577
0.5833467,0.5839413,0.8888679,0.27842015,0.30492657,0.30552113,,,0.27611822,0.26702732,,,0.28510565,0.28014296
0.58059615,0.5769856,0.8873783,0.27020353,0.31039262,0.30678207,,,0.2640742,0.27632654,,,0.28127426,0.28693116
0.5826285,0.5802766,0.8905413,0.27236378,0.3102647,0.30791283,,,0.27232808,0.29383564,,,0.28176755,0.2915588
0.577054,0.5838506,0.89134115,0.2695635,0.30749053,0.31428713,,,0.28385514,0.2711041,,,0.28617936,0.28943032
0.58943737,0.5821992,0.89143413,0.28020245,0.30923492,0.30199677,,,0.27992326,0.2817499,,,0.29010284,0.28951162
0.57161,0.572273,0.8883236,0.25555938,0.3160506,0.31671363,,,0.24985039,0.28173435,,,0.2829135,0.2902105
0.58773696,0.5822178,0.8900598,0.27989495,0.30784202,0.30232286,,,0.274597,0.28080112,,,0.2889533,0.28399807
0.5675154,0.5792151,0.886724,0.26000643,0.30750895,0.31920868,,,0.24579501,0.2725792,,,0.27617103,0.28869355
0.5766641,0.57943934,0.88868564,0.26741773,0.30924636,0.3120216,,,0.25279015,0.26368904,,,0.2761405,0.287382
0.5799703,0.5729573,0.8891563,0.26377136,0.31619895,0.30918592,,,0.25078166,0.24705732,,,0.28222108,0.27532852
0.5816663,0.5780007,0.88790584,0.27176118,0.3099051,0.30623955,,,0.2668056,0.25725216,,,0.2826966,0.2770483
0.57997906,0.58686674,0.8924046,0.27444118,0.30553788,0.31242555,,,0.29259568,0.29221034,,,0.2949462,0.2957874
0.58341503,0.58095115,0.89134634,0.2730199,0.31039512,0.30793124,,,0.27899444,0.2870267,,,0.29212505,0.29073268
0.57931626,0.5766587,0.89018965,0.26578534,0.31353092,0.3108734,,,0.2782259,0.29311365,,,0.2847888,0.29284525
0.58325887,0.5838877,0.89065063,0.27649593,0.30676293,0.30739176,,,0.26239288,0.28054756,,,0.28057534,0.28509724
0.57883525,0.5846685,0.8891936,0.27431017,0.30452508,0.31035835,,,0.25554323,0.27995765,,,0.27840137,0.2905572
0.5735433,0.58335507,0.88902736,0.26787102,0.3056723,0.31548405,,,0.25484288,0.2868517,,,0.27714568,0.29583776
0.58304036,0.58365107,0.8916575,0.27503395,0.3080064,0.30861712,,,0.2780944,0.28946185,,,0.28658068,0.28957492
0.5866673,0.58116716,0.8945725,0.27326202,0.31340528,0.30790514,,,0.281942,0.28680348,,,0.2910124,0.29017174
0.5820241,0.57357717,0.88853014,0.26707113,0.31495297,0.30650604,,,0.26844084,0.28094268,,,0.2876398,0.2876435
0.58056116,0.5811852,0.88997,0.27177638,0.30878478,0.30940884,,,0.2612694,0.27597982,,,0.27797347,0.28572738
0.5870714,0.58206356,0.8901138,0.2790212,0.30805022,0.30304235,,,0.27210742,0.27901953,,,0.2868803,0.28693932
0.5823988,0.5810871,0.8895332,0.27395266,0.3084461,0.30713445,,,0.26128447,0.25537282,,,0.2839595,0.2784319
0.57701385,0.57846177,0.88979506,0.26568055,0.3113333,0.3127812,,,0.27166563,0.26814377,,,0.2836715,0.2867527
0.59337264,0.571222,0.892285,0.27230966,0.32106298,0.29891235,,,0.30048478,0.25066638,,,0.30580372,0.26900417
0.5787464,0.5788251,0.8893267,0.26824486,0.31050152,0.31058025,,,0.26317763,0.26187867,,,0.2841698,0.28281087
0.5810826,0.5765777,0.8889421,0.26871812,0.31236446,0.3078596,,,0.25570166,0.27660954,,,0.27508676,0.2828079
0.5770924,0.58078235,0.8894297,0.26844513,0.30864727,0.31233722,,,0.26988792,0.28920925,,,0.2830047,0.29376674
0.5810604,0.5767307,0.8891957,0.26859546,0.31246495,0.30813527,,,0.26689535,0.25603223,,,0.28510743,0.28021324
0.5829427,0.5757575,0.8906758,0.26802444,0.31491828,0.30773306,,,0.28082442,0.27614105,,,0.2890557,0.28598332
0.58202183,0.58348435,0.88990915,0.27559698,0.30642486,0.30788738,,,0.2684998,0.27762967,,,0.28159827,0.28746915
0.57594025,0.5786024,0.8889393,0.26560336,0.3103369,0.312999,,,0.27111405,0.25181597,,,0.28583866,0.2806371
0.57211894,0.5865829,0.88915354,0.26954836,0.30257058,0.31703454,,,0.266248,0.29650915,,,0.27433467,0.29788423
0.57885325,0.5765682,0.8919217,0.2634998,0.31535345,0.3130684,,,0.27521497,0.24306506,,,0.28811538,0.27733213
0.58560693,0.57522166,0.89214575,0.26868284,0.3169241,0.30653882,,,0.27622443,0.27435124,,,0.2908873,0.28876787
0.5797423,0.5781276,0.88804895,0.269821,0.30992132,0.30830663,,,0.2657436,0.2621287,,,0.27821034,0.28204376
0.58495235,0.5789138,0.8890778,0.27478838,0.31016397,0.30412543,,,0.2795217,0.26086634,,,0.28698003,0.28274846
0.5833451,0.5753496,0.8894485,0.26924622,0.3140989,0.3061034,,,0.27872586,0.2660883,,,0.28891504,0.28053397
0.5858048,0.5779643,0.8882054,0.27556372,0.3102411,0.3024006,,,0.27413183,0.26833546,,,0.2910897,0.28242916
0.5768076,0.58127105,0.88967156,0.2684071,0.3084005,0.31286395,,,0.26588053,0.28048623,,,0.27735853,0.2909789
0.58232534,0.5776694,0.88965136,0.27034336,0.31198198,0.30732602,,,0.2782967,0.2719223,,,0.2937976,0.28554863
0.5827701,0.5778877,0.88648677,0.2741711,0.308599,0.3037166,,,0.26594955,0.24773109,,,0.28302395,0.27292627
0.5854999,0.58332896,0.8929926,0.27583623,0.30966365,0.30749273,,,0.28208286,0.27829605,,,0.28570414,0.28348088
0.5855334,0.582672,0.89016724,0.27803814,0.30749524,0.30463386,,,0.28717363,0.27926314,,,0.28928077,0.28439802
0.58916956,0.5763552,0.8899622,0.27556252,0.31360704,0.3007927,,,0.29153514,0.28538066,,,0.29620075,0.28326154
0.5872882,0.5834073,0.8899406,0.28075492,0.30653328,0.30265236,,,0.28408146,0.28412253,,,0.29359233,0.2878269
0.5757841,0.58512783,0.8920338,0.2688781,0.30690598,0.31624973,,,0.2688734,0.27636796,,,0.28467637,0.28626913
0.5843884,0.5815624,0.8910114,0.27493936,0.30944902,0.30662304,,,0.27583313,0.28543824,,,0.2868088,0.28635067
0.58109105,0.57525706,0.89015335,0.26619476,0.3148963,0.3090623,,,0.27366912,0.27092057,,,0.29135656,0.28084403
0.57270706,0.58510864,0.88834345,0.26947224,0.30323482,0.3156364,,,0.25445247,0.26083785,,,0.27474117,0.2851773
0.57970995,0.5842565,0.889896,0.27407044,0.3056395,0.31018603,,,0.2712788,0.28260517,,,0.2813791,0.28864825
0.5811289,0.584872,0.89062893,0.2753719,0.305757,0.3095001,,,0.27807462,0.25445634,,,0.28593993,0.27906346
0.5829873,0.58570576,0.89077705,0.277916,0.3050713,0.30778974,,,0.2845484,0.2750064,,,0.28406113,0.28479248
0.5824022,0.584781,0.8921943,0.2749889,0.30741334,0.3097921,,,0.2723649,0.278782,,,0.28798294,0.29130334
0.58950496,0.5819241,0.8918421,0.2795869,0.30991805,0.30233717,,,0.28693718,0.28274554,,,0.2927429,0.28789335
0.57268476,0.5806757,0.88782614,0.26553434,0.30715042,0.31514138,,,0.26631802,0.26202512,,,0.2779789,0.2862522
0.58288026,0.5850527,0.8911531,0.2767799,0.30610037,0.30827284,,,0.28279126,0.2735442,,,0.2894913,0.28566545
0.5861997,0.58253753,0.8904483,0.2782889,0.3079108,0.30424863,,,0.26008278,0.2776494,,,0.28065813,0.28486085
0.5859157,0.57748216,0.8891227,0.27427506,0.31164062,0.3032071,,,0.2755701,0.26584524,,,0.28686088,0.27942377
0.5802493,0.58492744,0.89046943,0.27470732,0.305542,0.31022012,,,0.27279675,0.2776404,,,0.2771083,0.28638035
0.58188534,0.5810752,0.8890002,0.27396035,0.307925,0.30711484,,,0.2599572,0.27090472,,,0.27794516,0.28345156
0.5853446,0.5742122,0.88926995,0.27028692,0.3150577,0.30392528,,,0.28535408,0.2671103,,,0.2951843,0.2807042
0.5793936,0.5808877,0.8910064,0.2692749,0.31011873,0.31161278,,,0.28565007,0.28080636,,,0.2888474,0.2885126
0.5777149,0.57092243,0.8864539,0.26218337,0.31553155,0.30873907,,,0.25810003,0.24400151,,,0.2823527,0.271766
0.57970876,0.57348526,0.89222646,0.2609675,0.31874126,0.31251776,,,0.27473497,0.28153712,,,0.29334134,0.2933693
0.58236265,0.5845275,0.8899036,0.27698654,0.3053761,0.30754095,,,0.26554745,0.270608,,,0.28467196,0.28497422
0.58423495,0.5766152,0.88924944,0.27160072,0.31263423,0.3050145,,,0.2665115,0.25119448,,,0.2873389,0.27967036
0.58582497,0.57480836,0.88811445,0.27251887,0.3133061,0.3022895,,,0.25549442,0.24528277,,,0.2790836,0.27343762
0.5771718,0.5834803,0.88962835,0.2710238,0.306148,0.3124565,,,0.2820788,0.2819299,,,0.28775132,0.28797466
0.5856521,0.58183134,0.89342415,0.2740593,0.31159282,0.30777204,,,0.27140737,0.28354436,,,0.28850734,0.2895165
0.57888156,0.5874162,0.89077693,0.27552074,0.30336082,0.31189543,,,0.26417613,0.27652,,,0.28791654,0.28971308
0.58072543,0.57650864,0.88896495,0.26826912,0.3124563,0.30823952,,,0.2572741,0.24653655,,,0.27985686,0.27113092
0.5836941,0.5828886,0.89204395,0.27453876,0.30915534,0.30834985,,,0.26413357,0.2515626,,,0.28877884,0.28296196
0.5850237,0.5833067,0.891557,0.27677345,0.30825025,0.30653328,,,0.29227543,0.27360362,,,0.29705155,0.28646296
0.5811781,0.5780049,0.88742787,0.27175516,0.30942297,0.30624974,,,0.25235254,0.24389124,,,0.2788368,0.27715027
0.5851832,0.581988,0.8906459,0.27652532,0.30865788,0.30546266,,,0.29323542,0.2742498,,,0.29579794,0.2863741
0.58057237,0.5765768,0.8895926,0.2675566,0.31301576,0.30902022,,,0.2739154,0.25585616,,,0.2861101,0.2764848
0.5845937,0.57418483,0.8904015,0.26837707,0.31621665,0.30580777,,,0.29000407,0.26477367,,,0.29957926,0.28005093
0.58669525,0.57879883,0.8914356,0.27405846,0.3126368,0.30474037,,,0.28122258,0.26787353,,,0.28874737,0.2790721
0.579615,0.577292,0.8876743,0.2692328,0.3103822,0.30805922,,,0.27308136,0.26222408,,,0.28464645,0.277869
0.58298856,0.57816714,0.890203,0.2709527,0.31203586,0.30721444,,,0.26460975,0.25753784,,,0.28450018,0.28449053
0.5831764,0.58545613,0.8907613,0.2778712,0.30530518,0.30758494,,,0.25853413,0.29208052,,,0.27949482,0.29415148
0.5755495,0.57388043,0.88790286,0.26152706,0.31402242,0.31235337,,,0.26115328,0.26484752,,,0.2830224,0.2828833
0.58630145,0.57512665,0.8910576,0.27037048,0.31593096,0.30475616,,,0.2837739,0.2678523,,,0.29086906,0.28265524
0.58314973,0.58529633,0.8911585,0.27728754,0.3058622,0.3080088,,,0.2833401,0.28061938,,,0.28732294,0.2886293
0.58277607,0.5765431,0.8907082,0.26861095,0.31416512,0.30793214,,,0.27635938,0.24783993,,,0.29031694,0.27253717
0.5787214,0.58010685,0.890616,0.26821226,0.31050915,0.3118946,,,0.283208,0.27334124,,,0.2908808,0.28953046
0.57948536,0.57484496,0.8889186,0.26541167,0.31407368,0.30943328,,,0.26177752,0.25384605,,,0.28445244,0.2789753
0.58728,0.5764272,0.8888241,0.27488315,0.31239682,0.30154407,,,0.28092766,0.26080108,,,0.29335588,0.2779613
0.58116525,0.57667804,0.88889503,0.26894832,0.31221694,0.30772972,,,0.2676199,0.27484125,,,0.28619063,0.2884695
0.5828476,0.58228266,0.8900775,0.2750528,0.3077948,0.30722988,,,0.25467575,0.2592196,,,0.2761041,0.28053606
0.5780276,0.5749342,0.8882426,0.26471913,0.31330848,0.31021506,,,0.27211118,0.24672508,,,0.2872268,0.27404624
0.57866895,0.5754168,0.8884619,0.26562387,0.31304508,0.30979294,,,0.27429855,0.26861852,,,0.2855358,0.28134447
0.57830656,0.58185405,0.88914394,0.2710166,0.30728996,0.31083745,,,0.25675106,0.27334642,,,0.28636825,0.28884137
0.5849814,0.5895016,0.8911951,0.28328794,0.30169344,0.30621368,,,0.2915464,0.2971505,,,0.28870422,0.29188085
0.5799438,0.5821905,0.8890197,0.27311456,0.3068292,0.30907595,,,0.27154428,0.2560082,,,0.28737563,0.27796072
0.58106494,0.5799129,0.8899512,0.2710266,0.31003833,0.3088863,,,0.29146636,0.26380008,,,0.2935456,0.2826792
0.58617747,0.5779334,0.89120233,0.27290857,0.3132689,0.3050248,,,0.265554,0.29173195,,,0.27796924,0.28888786
0.577577,0.5765294,0.88921696,0.26488942,0.31268758,0.31163996,,,0.26957887,0.2850756,,,0.28743142,0.29217792
0.5792166,0.5774019,0.89052486,0.2660936,0.313123,0.31130826,,,0.28250378,0.29585087,,,0.28724468,0.29631102
0.5788157,0.5717324,0.88973397,0.26081413,0.31800157,0.31091827,,,0.28551346,0.23554969,,,0.29395115,0.27229136
0.58562064,0.57987726,0.8909704,0.2745275,0.31109315,0.30534977,,,0.273524,0.271735,,,0.28755426,0.2843625
0.58176136,0.5782859,0.8901334,0.2699139,0.31184745,0.30837196,,,0.28846478,0.28260362,,,0.29589957,0.29136384
0.5822588,0.58201456,0.8890355,0.27523786,0.30702096,0.3067767,,,0.2650798,0.2695765,,,0.2767948,0.2822795
0.5829309,0.58458084,0.89399433,0.27351737,0.30941355,0.31106347,,,0.29284257,0.28913295,,,0.2930634,0.29426926
0.5820692,0.58340275,0.88926274,0.2762093,0.30585992,0.30719346,,,0.27009976,0.2740997,,,0.289775,0.28794253
0.5763595,0.5822247,0.8904672,0.268117,0.3082425,0.31410772,,,0.26641428,0.28264892,,,0.28123403,0.29087257
0.5738063,0.58271956,0.8900055,0.26652032,0.30728596,0.31619924,,,0.26033843,0.2908116,,,0.2780611,0.2999099
0.577929,0.58581805,0.8902861,0.27346098,0.30446804,0.31235707,,,0.28636265,0.28941262,,,0.28872782,0.29315436
0.5758116,0.5866455,0.88879675,0.27366036,0.30215126,0.31298512,,,0.25933135,0.27337068,,,0.27986944,0.287974
0.5794168,0.5770992,0.8895351,0.26698095,0.31243587,0.31011826,,,0.27672118,0.2742846,,,0.2908529,0.2853911
0.57717276,0.580032,0.887773,0.26943177,0.307741,0.31060022,,,0.26413697,0.27010012,,,0.2824208,0.28603214
0.57976055,0.58561945,0.88906157,0.27631843,0.30344212,0.30930102,,,0.27313727,0.2570085,,,0.2797867,0.28036392
0.5793842,0.577623,0.8904135,0.2665937,0.3127905,0.31102931,,,0.28156507,0.24650156,,,0.2898137,0.27330875
0.59052116,0.5831974,0.8911762,0.28254235,0.3079788,0.30065507,,,0.29900056,0.29326957,,,0.29662514,0.28906995
0.5825155,0.5846566,0.8917223,0.27544975,0.30706573,0.30920684,,,0.26312143,0.28880602,,,0.28020638,0.29445094
0.58368653,0.5771043,0.8883845,0.27240628,0.31128025,0.304698,,,0.2619983,0.27468872,,,0.28266066,0.28645515
0.5844898,0.5798428,0.8903143,0.27401835,0.31047148,0.30582446,,,0.259171,0.27534932,,,0.27923936,0.28510267
0.585344,0.5862938,0.8891568,0.28248096,0.30286306,0.30381286,,,0.2761734,0.26998436,,,0.28799415,0.28407562
0.57816094,0.57905203,0.88908,0.26813298,0.31002796,0.31091905,,,0.27017498,0.26558614,,,0.2837968,0.28272307
0.5789037,0.5733267,0.8898448,0.2623856,0.31651807,0.3109411,,,0.2592805,0.26037353,,,0.2838598,0.27701807
0.5701538,0.58913565,0.8895191,0.26977026,0.3003835,0.31936538,,,0.25920814,0.28928095,,,0.2734794,0.30062252
0.5810528,0.5879764,0.889862,0.27916723,0.30188555,0.30880916,,,0.2792371,0.28298324,,,0.28629786,0.29273415
0.5746106,0.5805868,0.8874518,0.26774555,0.30686504,0.31284124,,,0.25004613,0.2497071,,,0.27008826,0.2780698
0.58308446,0.582588,0.8892971,0.2763754,0.30670905,0.3062126,,,0.2749229,0.26887584,,,0.28436595,0.27972293
0.5823939,0.5742239,0.8888638,0.26775396,0.31463993,0.30646992,,,0.2729094,0.26041782,,,0.28761727,0.2790348
0.5774542,0.5698475,0.8884121,0.25888956,0.31856465,0.31095797,,,0.26161355,0.2558576,,,0.28642106,0.27862114
0.58375955,0.5758925,0.8905524,0.2690996,0.31465995,0.3067929,,,0.25373465,0.26338232,,,0.27746123,0.274208
0.58435035,0.57158256,0.88805723,0.26787567,0.31647468,0.30370688,,,0.2884617,0.24744141,,,0.2913183,0.26700723
0.5798892,0.58000785,0.89094067,0.26895642,0.31093276,0.31105143,,,0.26190603,0.2713986,,,0.28011048,0.2824458
0.5684164,0.5756638,0.88706934,0.25701082,0.3114056,0.318653,,,0.23515564,0.26629466,,,0.2708267,0.2829954
0.5753217,0.5878997,0.88817215,0.2750492,0.30027246,0.31285048,,,0.245247,0.2771988,,,0.26703513,0.2901777
0.58111066,0.58831155,0.8906887,0.27873343,0.30237722,0.30957812,,,0.2715131,0.29069573,,,0.27955902,0.29450184
0.58340955,0.5781182,0.89163345,0.2698943,0.31351525,0.3082239,,,0.26688772,0.27463073,,,0.28492278,0.28190845
0.5819836,0.58337736,0.8906159,0.27474505,0.30723858,0.3086323,,,0.2680974,0.26471937,,,0.28354478,0.27904814
0.57789475,0.572997,0.8899024,0.26098937,0.31690538,0.3120076,,,0.2700777,0.2645849,,,0.28572816,0.28216392
0.57494456,0.5902613,0.8891036,0.27610224,0.2988423,0.31415904,,,0.27573872,0.2758206,,,0.2773152,0.291319
0.5837498,0.5793486,0.88929725,0.2738011,0.30994868,0.30554754,,,0.2790596,0.27233434,,,0.28647912,0.284034
0.57981294,0.58193064,0.88998634,0.2717573,0.30805564,0.31017333,,,0.27431285,0.26553148,,,0.28733993,0.28323287
0.58637196,0.57633245,0.88832366,0.2743808,0.31199116,0.30195165,,,0.28674346,0.23693788,,,0.29207647,0.2640292
0.575997,0.5741633,0.888566,0.2615943,0.3144027,0.31256902,,,0.28347534,0.26464498,,,0.28797084,0.27855504
0.5818188,0.57689255,0.8886208,0.27009064,0.31172818,0.30680192,,,0.24419099,0.27035314,,,0.28110576,0.28194022
0.572731,0.57693076,0.88947767,0.2601841,0.3125469,0.31674665,,,0.2652868,0.26596183,,,0.2843085,0.28687268
0.57658625,0.5829944,0.8899415,0.2696392,0.30694705,0.3133552,,,0.2664081,0.28357202,,,0.28156883,0.2902553
0.58915377,0.5861626,0.8910133,0.284303,0.30485076,0.30185962,,,0.28164172,0.27282232,,,0.2890855,0.28203404
0.5863764,0.5879089,0.89161706,0.28266835,0.30370808,0.30524057,,,0.27360678,0.29142153,,,0.28354555,0.29181176
0.5826237,0.5800688,0.89064455,0.272048,0.31057572,0.30802083,,,0.27119565,0.29367,,,0.28992552,0.29232395
0.57421076,0.58248544,0.8905818,0.2661144,0.30809635,0.31637102,,,0.26574618,0.27356905,,,0.28188574,0.28799105
0.58588445,0.58124244,0.8901343,0.27699262,0.30889183,0.30424982,,,0.2754916,0.26811808,,,0.28489983,0.28064233
0.5855642,0.5743016,0.88914454,0.27072132,0.31484288,0.30358028,,,0.2752546,0.28204364,,,0.28765023,0.28222823
0.58406806,0.5732622,0.8885727,0.26875758,0.31531048,0.30450463,,,0.2571686,0.24839425,,,0.28225178,0.27062064
0.5766176,0.57258475,0.88816416,0.26103818,0.3155794,0.31154656,,,0.276663,0.2575103,,,0.29076976,0.2793396
0.58458954,0.5771446,0.88893706,0.27279705,0.3117925,0.30434757,,,0.27534652,0.26097584,,,0.28840464,0.27894002
0.57736194,0.58417654,0.89167356,0.26986492,0.30749702,0.31431162,,,0.28794348,0.28198117,,,0.29340822,0.2989936
0.5813314,0.578058,0.8882891,0.27110028,0.3102311,0.30695772,,,0.2757101,0.26907045,,,0.28219956,0.2791062
0.58388215,0.57400095,0.88973814,0.26814502,0.31573713,0.30585593,,,0.26931667,0.24059045,,,0.28745347,0.26777762
0.5878477,0.5890736,0.8904592,0.2864622,0.30138552,0.3026114,,,0.27461666,0.2749852,,,0.2837605,0.28383517
0.57808924,0.58297545,0.8907288,0.27033585,0.30775338,0.3126396,,,0.27056032,0.27619016,,,0.2869193,0.29275048
0.5809344,0.58215547,0.88880837,0.2742815,0.3066529,0.30787396,,,0.28057194,0.26184005,,,0.28971463,0.27745897
0.5790291,0.57893264,0.8902573,0.26770443,0.31132466,0.31122822,,,0.262851,0.2632758,,,0.27969414,0.2816832
0.58053553,0.5811722,0.8895212,0.27218658,0.30834895,0.30898565,,,0.27081174,0.2759871,,,0.28385133,0.28783536
0.5838141,0.582134,0.88874876,0.2771994,0.3066147,0.30493462,,,0.258671,0.26809388,,,0.28007072,0.27972972
0.57779944,0.57188046,0.8872428,0.2624371,0.31536233,0.30944335,,,0.2566322,0.2669909,,,0.28076625,0.282201
0.5811339,0.58310705,0.89259255,0.2716484,0.3094855,0.31145865,,,0.28035057,0.2811939,,,0.28677452,0.28844053
0.584906,0.5844136,0.8911649,0.27815473,0.30675125,0.30625886,,,0.2873869,0.27337116,,,0.287427,0.2866078
0.5798179,0.57929003,0.8872069,0.271901,0.30791688,0.30738902,,,0.26897568,0.27108866,,,0.28675598,0.28961903
0.5763421,0.58878076,0.8889111,0.27621174,0.30013037,0.31256902,,,0.27296758,0.27887028,,,0.28266364,0.29250348
0.5836757,0.5745681,0.8902212,0.2680226,0.3156531,0.3065455,,,0.26074982,0.276348,,,0.28253698,0.28595763
0.577723,0.5788863,0.8890821,0.26752722,0.3101958,0.31135905,,,0.269372,0.25681067,,,0.28673893,0.28214622
0.58467245,0.58074725,0.8904807,0.274939,0.30973345,0.30580825,,,0.25813222,0.27620804,,,0.27882963,0.2884987
0.5755396,0.5867625,0.89152235,0.27077967,0.30475992,0.31598282,,,0.26898432,0.2778167,,,0.27718294,0.29114473
0.5927975,0.57604194,0.8879161,0.28092337,0.31187415,0.29511857,,,0.29451907,0.25532228,,,0.29596323,0.26745778
0.5807168,0.5798011,0.8882898,0.27222812,0.30848867,0.30757296,,,0.28211534,0.25635362,,,0.28274256,0.27508175
0.58519745,0.5824244,0.89225304,0.2753688,0.30982864,0.3070556,,,0.29861164,0.29781199,,,0.29021436,0.29363912
0.58227897,0.5833406,0.89083934,0.27478027,0.3074987,0.3085603,,,0.276775,0.28971583,,,0.2878582,0.2929827
0.5821316,0.57927275,0.89031947,0.2710849,0.31104672,0.30818784,,,0.27062565,0.2678852,,,0.28478414,0.28526258
0.5796095,0.5834805,0.8881362,0.27495378,0.30465573,0.3085267,,,0.28626633,0.28730208,,,0.2862236,0.29334486
0.5819771,0.57704157,0.89109683,0.26792192,0.3140552,0.30911964,,,0.27371615,0.26330167,,,0.28408635,0.27563554
0.58548623,0.5870548,0.8895695,0.2829715,0.30251473,0.3040833,,,0.26526833,0.2758065,,,0.27652645,0.28389913
0.5882466,0.581634,0.8913389,0.27854174,0.30970484,0.30309224,,,0.27338523,0.28592145,,,0.2895304,0.2860757
0.5863135,0.58712447,0.8905908,0.28284717,0.30346632,0.3042773,,,0.28850198,0.27361137,,,0.28571874,0.2824068
0.59076595,0.5806335,0.8921183,0.2792812,0.31148475,0.30135232,,,0.30428672,0.29853153,,,0.2996474,0.28934944
0.58061516,0.58254373,0.88912225,0.27403665,0.30657852,0.30850708,,,0.2634198,0.2782578,,,0.27779853,0.28573817
0.5875211,0.581147,0.8941055,0.27456254,0.31295854,0.30658448,,,0.26817578,0.281031,,,0.28779376,0.28697628
0.5892619,0.57759404,0.89119,0.27566594,0.31359595,0.3019281,,,0.28855813,0.26523226,,,0.2949221,0.2777475
0.58478844,0.57892156,0.88923776,0.27447224,0.3103162,0.30444932,,,0.25302887,0.25855458,,,0.28247637,0.28174037
0.5769899,0.5796361,0.88773036,0.26889563,0.30809426,0.31074047,,,0.26738226,0.2597748,,,0.2796474,0.28764623
0.581033,0.5841267,0.8919753,0.27318442,0.30784857,0.3109423,,,0.27787858,0.25004786,,,0.28516442,0.2806759
0.5861527,0.58505577,0.89017445,0.28103393,0.30511874,0.30402184,,,0.27485162,0.27300823,,,0.28716248,0.2834131
0.5759231,0.5699433,0.8890768,0.25678957,0.31913352,0.31315374,,,0.25834948,0.25376987,,,0.27983332,0.2763251
0.5841267,0.58193314,0.8904726,0.27558726,0.30853945,0.30634588,,,0.27801514,0.2647004,,,0.28937942,0.28154558
0.5750978,0.5774646,0.8874291,0.26513326,0.30996454,0.31233132,,,0.23500645,0.2714299,,,0.27450955,0.287888
0.56923056,0.5841279,0.8882383,0.26512015,0.3041104,0.31900775,,,0.23421478,0.26312166,,,0.2671181,0.28735572
0.5733249,0.58128166,0.8903477,0.26425886,0.30906606,0.3170228,,,0.27198088,0.2590524,,,0.28638047,0.28386694
0.581767,0.58582467,0.8905528,0.27703887,0.30472815,0.3087858,,,0.27896732,0.24290979,,,0.2817828,0.2788852
0.5789652,0.58609223,0.88976395,0.27529347,0.30367172,0.31079876,,,0.2694186,0.27088463,,,0.28076172,0.28607237
0.586886,0.5811075,0.89081573,0.2771778,0.30970818,0.3039297,,,0.2754346,0.2651897,,,0.28334934,0.28057206
0.5830319,0.5876499,0.89139843,0.2792833,0.3037486,0.3083666,,,0.27919567,0.28913248,,,0.28224915,0.2951067
0.577147,0.58066475,0.8883,0.26951176,0.30763525,0.311153,,,0.24836028,0.2778349,,,0.27701217,0.29060382
0.5789186,0.58185214,0.8878175,0.27295315,0.30596542,0.308899,,,0.27816045,0.26174897,,,0.2842881,0.27891475
0.57979393,0.57829326,0.88986456,0.2682227,0.31157124,0.31007057,,,0.26669437,0.27285957,,,0.2848208,0.28257477
0.5863908,0.5753639,0.8912815,0.27047312,0.31591767,0.30489075,,,0.27223575,0.26571417,,,0.2904873,0.28143287
0.58091694,0.5798179,0.88834435,0.27239054,0.3085264,0.30742735,,,0.27614236,0.26253015,,,0.29066414,0.2833116
0.5778386,0.5771475,0.8895722,0.26541394,0.31242466,0.31173354,,,0.2699461,0.2752514,,,0.28681678,0.28536683
0.5809287,0.57469463,0.88866967,0.26695365,0.31397504,0.307741,,,0.2523409,0.24129796,,,0.2765066,0.27645856
0.5854349,0.57792926,0.8885205,0.2748437,0.31059122,0.30308557,,,0.27584672,0.259677,,,0.29052496,0.27766418
0.5805086,0.57993376,0.8860077,0.27443463,0.30607396,0.30549914,,,0.27692622,0.26089847,,,0.28589648,0.28330767
0.5800381,0.5776956,0.8893466,0.26838708,0.311651,0.30930853,,,0.2621159,0.2533816,,,0.2768908,0.27808964
0.5769831,0.58173037,0.8871115,0.27160197,0.30538112,0.3101284,,,0.25940645,0.264785,,,0.27521223,0.2822705
0.5764391,0.5802076,0.8892508,0.2673959,0.30904317,0.31281167,,,0.27057332,0.2440387,,,0.28177893,0.27750736
0.57644695,0.5816573,0.8894723,0.26863188,0.30781507,0.31302541,,,0.2586686,0.2696305,,,0.28215295,0.2898366
0.58320737,0.57571304,0.888589,0.27033138,0.312876,0.30538166,,,0.271518,0.2641943,,,0.2855329,0.27483213
0.5828928,0.57953036,0.89119434,0.2712288,0.311664,0.30830157,,,0.28308088,0.2774216,,,0.2894191,0.28832382
0.58323395,0.5835186,0.8901582,0.2765944,0.30663955,0.30692422,,,0.29654342,0.27391398,,,0.2890225,0.28780234
0.57827437,0.58226717,0.8896454,0.27089614,0.30737823,0.31137103,,,0.25536948,0.26827586,,,0.2797376,0.28763855
0.5874951,0.57806975,0.88814044,0.27742434,0.31007075,0.3006454,,,0.27765548,0.2452876,,,0.29033238,0.27634692
0.5764841,0.57359564,0.8899234,0.26015633,0.31632775,0.3134393,,,0.24967945,0.2604369,,,0.2805525,0.28566182
0.57831275,0.5859102,0.8885482,0.27567476,0.302638,0.31023544,,,0.26236564,0.2708469,,,0.27847868,0.28360194
0.58170736,0.5917865,0.8901451,0.28334874,0.29835862,0.30843776,,,0.2700076,0.28094244,,,0.27701086,0.2881738
0.57723165,0.5803981,0.88911396,0.26851577,0.30871588,0.31188232,,,0.27141201,0.26875925,,,0.2848658,0.28441632
0.5827444,0.58202934,0.8894744,0.2752993,0.3074451,0.30673003,,,0.2836669,0.27116477,,,0.2885747,0.28514916
0.58656865,0.5782583,0.890792,0.27403486,0.3125338,0.30422342,,,0.28266162,0.273551,,,0.29632956,0.28406984
0.5813099,0.58461434,0.8897647,0.27615958,0.30515033,0.30845475,,,0.28711063,0.26780027,,,0.28862363,0.2855428
0.5737659,0.5815362,0.88589907,0.26940298,0.3043629,0.3121332,,,0.2879104,0.2715171,,,0.28655535,0.28834158
0.5780674,0.57766604,0.8875692,0.26816428,0.30990314,0.30950177,,,0.2789907,0.26497442,,,0.28652972,0.28135675
0.5797981,0.57743835,0.88913035,0.2681061,0.311692,0.30933225,,,0.28484583,0.27233994,,,0.29424012,0.28608114
0.5751385,0.5802018,0.8857958,0.26954454,0.30559397,0.31065726,,,0.26884484,0.2768047,,,0.2819727,0.28807807
0.5745349,0.5791893,0.8893299,0.26439428,0.3101406,0.31479502,,,0.2716707,0.27410936,,,0.28846544,0.29169154
0.5809394,0.5817863,0.89146125,0.27126443,0.30967498,0.31052184,,,0.27328813,0.29955387,,,0.28516048,0.30053437
0.5890064,0.57685244,0.8919465,0.27391237,0.31509405,0.30294007,,,0.26989233,0.2627781,,,0.2883935,0.27861363
0.5833484,0.5706496,0.8902456,0.2637524,0.319596,0.30689722,,,0.27278173,0.26965284,,,0.29048556,0.27875024
0.58331245,0.5770037,0.8878244,0.2724918,0.31082064,0.3045119,,,0.27736783,0.28390324,,,0.29114956,0.2863757
0.5705747,0.58313274,0.8883834,0.26532412,0.30525059,0.31780863,,,0.269009,0.27181095,,,0.278704,0.28581882
0.5769422,0.5853374,0.89034927,0.27193034,0.30501187,0.31340706,,,0.26324326,0.2737087,,,0.27243662,0.28556406
0.58314276,0.5816324,0.8910744,0.2737007,0.30944204,0.30793166,,,0.27824694,0.2988062,,,0.28922927,0.29244906
0.5880703,0.57962376,0.88979423,0.27789986,0.3101704,0.3017239,,,0.28885216,0.2867741,,,0.2933237,0.29325587
0.5844245,0.576337,0.8888754,0.27188605,0.31253844,0.30445093,,,0.26902258,0.26563907,,,0.28698075,0.27794588
0.5834192,0.5747751,0.8871144,0.2710799,0.3123393,0.3036952,,,0.27541393,0.24443084,,,0.28168637,0.270168
0.581277,0.57526344,0.89096683,0.26557356,0.31570345,0.30968988,,,0.261288,0.26853412,,,0.2871973,0.2830391
0.5762001,0.5890666,0.89283925,0.2724275,0.30377263,0.31663913,,,0.26559716,0.28126562,,,0.28137612,0.29219222
0.5831809,0.57021415,0.88966954,0.26372552,0.3194554,0.30648863,,,0.2716409,0.23770767,,,0.29112762,0.26988357
0.57665,0.5814177,0.89049315,0.26757455,0.30907547,0.31384313,,,0.26493657,0.2694897,,,0.2868719,0.2871883
0.57871395,0.57464147,0.889242,0.26411337,0.3146006,0.3105281,,,0.25658673,0.26974112,,,0.27983028,0.28264415
0.5907258,0.5824631,0.8911758,0.28201312,0.30871266,0.30044997,,,0.2934239,0.29598063,,,0.29938865,0.29177862
0.57802445,0.5772573,0.88816565,0.26711613,0.31090832,0.31014115,,,0.26633728,0.28036898,,,0.28319222,0.29068452
0.58082783,0.57851,0.89094496,0.2683928,0.31243503,0.3101172,,,0.27982038,0.2654001,,,0.29053968,0.28649336
0.5867866,0.58079576,0.89145505,0.27612734,0.3106593,0.30466843,,,0.28549302,0.27212435,,,0.29261768,0.28357118
0.5826274,0.58142424,0.892224,0.27182764,0.31079978,0.3095966,,,0.25572622,0.2655273,,,0.28039712,0.285114
0.57454586,0.5772466,0.88795954,0.263833,0.31071287,0.31341362,,,0.26586223,0.27987158,,,0.28060234,0.29040372
0.58752656,0.57768315,0.89111286,0.2740969,0.31342965,0.30358624,,,0.2676525,0.2631197,,,0.28243965,0.27409
0.58333224,0.5800171,0.89059144,0.27275795,0.3105743,0.30725914,,,0.27933103,0.2783391,,,0.29077405,0.28559732
0.5832993,0.57348216,0.8882094,0.26857203,0.31472725,0.30491012,,,0.2679267,0.23927009,,,0.28536552,0.27088326
0.5793243,0.5797322,0.8888382,0.27021825,0.30910605,0.30951393,,,0.27748632,0.26804298,,,0.28205878,0.28454584
0.5856047,0.5838535,0.89115036,0.2783078,0.30729693,0.3055457,,,0.2793517,0.26457268,,,0.29270005,0.28150862
0.5831827,0.5775734,0.890936,0.2698201,0.3133626,0.30775332,,,0.28901792,0.26225346,,,0.288356,0.27979076
0.58765566,0.5726995,0.8880606,0.27229446,0.3153612,0.30040503,,,0.29242927,0.26726913,,,0.2917956,0.28259063
0.5818768,0.57998073,0.8884005,0.2734571,0.3084197,0.30652362,,,0.27854776,0.25862283,,,0.29043722,0.28367174
0.57358587,0.57330513,0.88592666,0.26096433,0.31262153,0.3123408,,,0.2608652,0.26793218,,,0.2802202,0.28522438
0.5855989,0.5817543,0.89139956,0.2759536,0.3096453,0.30580074,,,0.2603652,0.26775873,,,0.28078508,0.28468448
0.5848843,0.58511025,0.89049304,0.27950156,0.30538273,0.3056087,,,0.2733909,0.29512203,,,0.28462613,0.2855624
0.57963836,0.5765456,0.8882619,0.26792204,0.31171632,0.30862355,,,0.28875273,0.25976354,,,0.29127252,0.2802695
0.5747193,0.57995033,0.8904581,0.26421154,0.31050777,0.3157388,,,0.25806892,0.26309025,,,0.27991432,0.29007632
0.5858629,0.58480084,0.8900191,0.2806446,0.30521828,0.30415624,,,0.29014784,0.2866096,,,0.29455954,0.28640378
0.5767911,0.58032405,0.8901977,0.26691753,0.30987358,0.31340653,,,0.28259927,0.26433814,,,0.29314315,0.28514498
0.57228386,0.5770277,0.8899114,0.25940013,0.31288373,0.31762755,,,0.2349183,0.26020527,,,0.27746797,0.28879815
0.5743784,0.58220494,0.88795954,0.26862377,0.3057546,0.31358117,,,0.24382573,0.25821865,,,0.27046865,0.2790435
0.57631564,0.576846,0.89069796,0.2624637,0.31385195,0.3143823,,,0.26569164,0.26956064,,,0.28752017,0.28775674
0.58318883,0.5765852,0.88880587,0.2709682,0.31222063,0.30561697,,,0.26982743,0.25795805,,,0.2880271,0.2821738
0.57850707,0.5883792,0.89212245,0.27476388,0.30374318,0.31361532,,,0.2812441,0.30628872,,,0.2830407,0.30328143
0.58183587,0.56822234,0.8890723,0.26098597,0.3208499,0.30723637,,,0.2598219,0.24494481,,,0.2851429,0.27683622
0.5790467,0.5853553,0.8896024,0.2747996,0.30424714,0.3105557,,,0.26313955,0.28813392,,,0.2791928,0.29457295
0.5876814,0.5773187,0.8924051,0.2725951,0.3150863,0.30472362,,,0.2686994,0.28240818,,,0.28484684,0.2835735
0.58548003,0.58386075,0.8906587,0.27868217,0.30679786,0.30517858,,,0.29112905,0.27347893,,,0.29651117,0.28583503
0.58375525,0.588518,0.890208,0.28206527,0.30168998,0.30645275,,,0.26437557,0.28919858,,,0.27989775,0.29061097
0.59167635,0.5719415,0.8909213,0.27269655,0.3189798,0.29924494,,,0.29240632,0.25547516,,,0.29896164,0.27032757
0.57789826,0.5742719,0.88862383,0.26354635,0.31435192,0.31072557,,,0.26005358,0.26765954,,,0.28421837,0.2835011
0.58054566,0.5757959,0.8882983,0.26804328,0.31250238,0.3077526,,,0.2702347,0.26629955,,,0.27947706,0.28086442
0.58866733,0.5802238,0.8921933,0.27669787,0.31196946,0.30352592,,,0.2832495,0.29031855,,,0.29285377,0.2852251
0.5805346,0.57608354,0.8897627,0.26685542,0.31367916,0.30922812,,,0.25983644,0.26648533,,,0.2839613,0.28368658
0.5797472,0.5675034,0.88844883,0.25880182,0.32094538,0.30870157,,,0.2653457,0.23644781,,,0.28567922,0.26875252
0.5850637,0.58606553,0.8920069,0.27912235,0.30594134,0.30694318,,,0.29022783,0.2954784,,,0.2918281,0.29069674
0.5757196,0.57493347,0.8896236,0.26102954,0.31469005,0.31390393,,,0.269215,0.25832546,,,0.28760195,0.2801993
0.5809207,0.5795893,0.8914443,0.26906574,0.31185496,0.31052357,,,0.272134,0.26670545,,,0.29157275,0.27941734
0.5866573,0.58027637,0.8902308,0.27670288,0.3099544,0.3035735,,,0.25922853,0.2772935,,,0.27832168,0.28414458
0.578271,0.57877487,0.88705415,0.2699917,0.30827928,0.30878317,,,0.25103253,0.24788147,,,0.2751037,0.2735433
0.5802668,0.5824896,0.88991016,0.27284628,0.3074205,0.30964333,,,0.27342075,0.26284856,,,0.28202373,0.27875334
0.5773494,0.57749486,0.8900425,0.2648018,0.31254762,0.31269306,,,0.23659289,0.27481663,,,0.27017027,0.2879516
0.5793364,0.58561873,0.88954276,0.27541238,0.30392402,0.31020635,,,0.28170645,0.27555346,,,0.2907207,0.28914154
0.5852528,0.58559805,0.88890976,0.28194112,0.3033117,0.30365694,,,0.2829473,0.2901401,,,0.29210794,0.29083496
0.58198553,0.5822706,0.89061344,0.27364266,0.30834287,0.30862796,,,0.2701121,0.2696159,,,0.28575975,0.2872231
0.581459,0.58333087,0.88911635,0.27567357,0.30578542,0.3076573,,,0.27795106,0.27392727,,,0.2865157,0.28873998
0.57833654,0.5830958,0.8886139,0.2728184,0.30551815,0.3102774,,,0.2776754,0.25767016,,,0.28426695,0.28088993
0.58566386,0.5817375,0.8911103,0.276291,0.30937284,0.3054465,,,0.30569434,0.30411506,,,0.30019367,0.29305285
0.57811093,0.5785897,0.8892344,0.2674662,0.31064475,0.3111235,,,0.26293325,0.26569086,,,0.28435957,0.2840739
0.5808319,0.58123577,0.8914007,0.27066696,0.31016493,0.3105688,,,0.2718829,0.26807177,,,0.28554755,0.2845204
0.5774238,0.5852653,0.89027244,0.27241665,0.30500716,0.31284863,,,0.27038777,0.26867163,,,0.284083,0.2861917
0.5830425,0.58151096,0.8892365,0.2753169,0.3077256,0.30619407,,,0.26323998,0.27233243,,,0.28403533,0.28681302
0.57910913,0.5761486,0.889374,0.26588368,0.31322545,0.31026495,,,0.25059533,0.2648576,,,0.27792186,0.28565806
0.5864655,0.5801053,0.89222884,0.27434194,0.31212354,0.30576336,,,0.2867943,0.27125955,,,0.294904,0.28460366
0.58414745,0.57245314,0.8902457,0.26635492,0.31779253,0.30609822,,,0.27858555,0.25632417,,,0.29101217,0.27762043
0.5834186,0.5789793,0.88908035,0.27331752,0.3101011,0.3056618,,,0.26889277,0.26776516,,,0.2867654,0.2845009
0.5809528,0.577572,0.8888767,0.26964808,0.31130475,0.3079239,,,0.25856018,0.26414585,,,0.27699226,0.27994
0.5849235,0.5789374,0.8892499,0.274611,0.3103125,0.30432642,,,0.2776355,0.25811017,,,0.28934348,0.28073144
0.58605444,0.5735605,0.88765097,0.27196395,0.3140905,0.30159652,,,0.27400208,0.2619692,,,0.28577983,0.27504653
0.5820652,0.58701193,0.89044785,0.2786293,0.30343592,0.30838263,,,0.25581324,0.2780214,,,0.27359438,0.28767437
0.57934284,0.5793443,0.8905455,0.26814163,0.3112012,0.31120265,,,0.26404142,0.2575509,,,0.28249788,0.28320104
0.5811906,0.5801702,0.89005506,0.27130568,0.3098849,0.30886453,,,0.2810139,0.2872311,,,0.29231817,0.29495007
0.5811843,0.57984614,0.88969696,0.27133358,0.30985075,0.30851257,,,0.2635792,0.27900904,,,0.28326893,0.28860933
0.5828867,0.58724284,0.89094234,0.2791872,0.3036995,0.30805564,,,0.27260488,0.29183918,,,0.28587192,0.2952668
0.5741254,0.5752934,0.88804305,0.26137578,0.31274962,0.31391764,,,0.23853093,0.23900932,,,0.27267057,0.268705
0.5824744,0.5787386,0.8907168,0.27049613,0.31197828,0.30824244,,,0.26224744,0.26380986,,,0.27856302,0.28201264
0.58486146,0.5821998,0.8921238,0.2749375,0.30992395,0.3072623,,,0.26544976,0.28101122,,,0.2830922,0.28959906
0.57677996,0.5692155,0.8898036,0.2561918,0.32058817,0.3130237,,,0.25474113,0.251176,,,0.28139955,0.27077848
0.5837816,0.5794705,0.89030594,0.27294618,0.31083542,0.30652434,,,0.27472812,0.2675035,,,0.28478253,0.28427923
0.5842729,0.577399,0.8905394,0.27113247,0.31314045,0.30626655,,,0.28321582,0.27430087,,,0.28768855,0.28418094
0.5741602,0.5713749,0.8861547,0.2593804,0.31477982,0.3119945,,,0.26099885,0.2694714,,,0.28276926,0.2929018
0.5734114,0.5835042,0.88860077,0.2683149,0.3050965,0.3151893,,,0.25113487,0.26212585,,,0.27557617,0.2843426
0.57992345,0.5798106,0.88968825,0.27004576,0.3098777,0.30976486,,,0.25076962,0.25303745,,,0.27291805,0.27647692
0.5818781,0.5862416,0.89385265,0.27426702,0.3076111,0.31197459,,,0.27908438,0.29211187,,,0.28589374,0.29190832
0.57657576,0.58033705,0.8905729,0.2663399,0.31023586,0.31399715,,,0.26331288,0.2794919,,,0.2829244,0.28890437
0.580449,0.57939947,0.88854444,0.271304,0.30914497,0.30809546,,,0.26547784,0.26316553,,,0.28595138,0.2851472
0.5834405,0.58007526,0.8910412,0.2724746,0.3109659,0.30760068,,,0.28542525,0.25753653,,,0.29122126,0.27798033
0.5850115,0.58066,0.8914189,0.2742526,0.3107589,0.3064074,,,0.26801282,0.2931986,,,0.28481644,0.29225874
0.5801156,0.5828848,0.89066124,0.2723391,0.3077765,0.31054568,,,0.26523668,0.24387783,,,0.27801335,0.2771241
0.5800418,0.58506405,0.8887482,0.2763576,0.30368423,0.30870646,,,0.26601815,0.2788691,,,0.27661085,0.28267908
0.57658434,0.5787964,0.8873853,0.26799542,0.30858892,0.31080097,,,0.25760555,0.26824278,,,0.27935106,0.28291434
0.58066595,0.57913643,0.8888758,0.27092665,0.3097393,0.30820978,,,0.27695012,0.2628966,,,0.29134047,0.28523117
0.5833107,0.58222765,0.8897114,0.27582693,0.3074838,0.30640072,,,0.26558328,0.29264522,,,0.28517902,0.29224753
0.5821178,0.57199,0.88810784,0.26599997,0.31611782,0.30599004,,,0.26068085,0.26486814,,,0.28585315,0.2790436
0.57840323,0.5848007,0.88996077,0.2732432,0.30516005,0.31155753,,,0.25416046,0.26292992,,,0.27494103,0.28240532
0.5847112,0.5754044,0.8908608,0.2692548,0.3154564,0.3061496,,,0.27895308,0.2575997,,,0.28970367,0.27737385
0.5817815,0.57815224,0.88781494,0.27211887,0.30966264,0.30603337,,,0.26661444,0.2666527,,,0.28374714,0.2892527
0.57358885,0.57771075,0.8877244,0.2635752,0.31001365,0.31413555,,,0.25000226,0.2607392,,,0.28022987,0.28230393
0.586222,0.5823964,0.8907321,0.27788633,0.30833566,0.30451006,,,0.27206445,0.2660898,,,0.2835852,0.28095245
0.5812514,0.57911026,0.8904015,0.26996017,0.31129122,0.3091501,,,0.27127856,0.2694887,,,0.2828675,0.28073865
0.5777546,0.58062774,0.88785136,0.27053106,0.30722356,0.31009668,,,0.2488032,0.2720189,,,0.27665174,0.28402746
0.59221107,0.58069825,0.89290655,0.2800027,0.31220835,0.30069554,,,0.29503536,0.27496582,,,0.29221183,0.2839486
0.5822537,0.58105516,0.89079934,0.27250952,0.30974418,0.30854565,,,0.2686044,0.28782433,,,0.27961332,0.2891659
0.5740345,0.5835386,0.89046395,0.26710916,0.30692536,0.31642944,,,0.27006382,0.29084855,,,0.28380448,0.2962352
0.58067286,0.5838841,0.89018476,0.27437222,0.30630064,0.3095119,,,0.28820693,0.2817765,,,0.28596765,0.29011643
0.5824493,0.5789148,0.88965356,0.27171052,0.3107388,0.3072043,,,0.27561986,0.26703125,,,0.28496134,0.28104007
0.5785174,0.58722013,0.890687,0.27505052,0.30346686,0.3121696,,,0.28949404,0.2736466,,,0.28790802,0.2884254
0.57909113,0.58079743,0.8890991,0.27078938,0.30830175,0.31000805,,,0.26508147,0.26097935,,,0.28300995,0.2831701
0.5828145,0.5839225,0.8889761,0.27776098,0.30505353,0.30616152,,,0.27628297,0.2632708,,,0.28754282,0.2825328
0.59012246,0.5766382,0.8922966,0.27446407,0.3156584,0.30217415,,,0.28470927,0.26855886,,,0.29418826,0.28449863
0.57546556,0.57435215,0.89025533,0.25956237,0.3159032,0.31478977,,,0.24615431,0.27317572,,,0.2756992,0.2839321
0.57807076,0.5779536,0.890327,0.26569736,0.3123734,0.31225622,,,0.2660473,0.2593702,,,0.28390747,0.28096753
0.5818743,0.5831541,0.8891739,0.2758544,0.3060199,0.30729967,,,0.2806453,0.28371787,,,0.2853673,0.28520012
0.572437,0.57974243,0.8886851,0.26349437,0.30894262,0.31624806,,,0.25034392,0.2562672,,,0.27359408,0.2828254
0.58210135,0.57956445,0.8884849,0.2731809,0.30892044,0.30638355,,,0.2814319,0.26234072,,,0.2877599,0.27831358
0.5841102,0.5866834,0.89193344,0.2788601,0.3052501,0.3078233,,,0.2746927,0.3080955,,,0.28283042,0.29750097
0.59079224,0.57675236,0.8895579,0.2779867,0.31280553,0.29876566,,,0.2662372,0.2753024,,,0.2847343,0.2803856
0.57732797,0.5814802,0.8898724,0.26893586,0.3083921,0.31254435,,,0.27422863,0.25734103,,,0.28610814,0.28105432
0.57760036,0.5806353,0.89035445,0.2678812,0.30971915,0.3127541,,,0.26471037,0.2873823,,,0.2802763,0.2909761
0.5821986,0.5848863,0.88892937,0.27815557,0.30404305,0.30673075,,,0.2734933,0.26843005,,,0.28247648,0.28105968
0.58085895,0.57299733,0.88685656,0.26699972,0.31385922,0.3059976,,,0.24740368,0.25093305,,,0.28248417,0.27367812
0.5722193,0.5766467,0.8879879,0.26087803,0.3113413,0.31576866,,,0.2513529,0.24081755,,,0.27346474,0.2695874
0.5786228,0.584211,0.89020807,0.27262574,0.30599707,0.31158525,,,0.26151985,0.2653461,,,0.28014547,0.28426206
0.57931566,0.58721566,0.89002484,0.27650648,0.30280918,0.31070918,,,0.27857608,0.29782808,,,0.2832144,0.29465503
0.5853888,0.5770543,0.8897419,0.27270126,0.31268752,0.30435306,,,0.26983726,0.25498885,,,0.2792037,0.27363026
0.5863683,0.57983506,0.8899839,0.2762195,0.31014884,0.30361557,,,0.26612598,0.24836528,,,0.28566855,0.27821618
0.5831132,0.58850783,0.8931663,0.27845478,0.3046584,0.31005305,,,0.2943676,0.28962576,,,0.28864068,0.2931496
0.57766956,0.57790196,0.8874327,0.26813877,0.3095308,0.3097632,,,0.27428538,0.2601751,,,0.28593785,0.27686685
0.5784329,0.5757643,0.8894718,0.2647254,0.31370753,0.3110389,,,0.26859552,0.27228242,,,0.28353518,0.2847134
0.5889931,0.5823726,0.8912801,0.28008562,0.30890745,0.30228698,,,0.28487736,0.26877737,,,0.2873534,0.28924382
0.5801117,0.58849406,0.8878027,0.28080308,0.2993086,0.30769098,,,0.2915696,0.28139442,,,0.28671688,0.29090917
0.5768311,0.5778235,0.8875772,0.26707745,0.30975366,0.31074607,,,0.26103085,0.25641966,,,0.28096467,0.28027022
0.576247,0.5731816,0.88889533,0.26053327,0.3157137,0.31264836,,,0.26657295,0.2905963,,,0.28621745,0.29248852
0.5818927,0.5817324,0.89103854,0.27258658,0.30930614,0.3091458,,,0.28690732,0.28873926,,,0.29028177,0.2926572
0.5811494,0.5887965,0.8920001,0.27794588,0.30320352,0.31085062,,,0.2692502,0.28672564,,,0.28071785,0.29158133
0.5815848,0.5792598,0.8880456,0.27279896,0.30878586,0.30646086,,,0.2717095,0.26107103,,,0.28197747,0.27630806
0.58310133,0.58009946,0.8897974,0.27340347,0.30969787,0.306696,,,0.28563333,0.2680198,,,0.28629184,0.27765113
0.5846938,0.5842105,0.8901311,0.2787732,0.3059206,0.30543733,,,0.2668072,0.2613569,,,0.28610206,0.27936178
0.5757283,0.5885836,0.8911275,0.27318436,0.30254394,0.31539923,,,0.27533287,0.2962486,,,0.28106886,0.3008352
0.583472,0.5735883,0.89230776,0.26475263,0.3187194,0.3088357,,,0.28377533,0.2596531,,,0.29517716,0.2810685
0.586938,0.5834498,0.89117634,0.2792114,0.30772662,0.30423838,,,0.2770058,0.27463,,,0.28483117,0.28556466
0.5784073,0.57549536,0.8885739,0.26532876,0.31307852,0.3101666,,,0.26350445,0.28814387,,,0.28338993,0.2920363
0.5853102,0.58010817,0.8900025,0.2754159,0.30989432,0.30469227,,,0.26953262,0.26518083,,,0.2887532,0.277627
0.5839919,0.5857911,0.8932279,0.27655512,0.30743676,0.309236,,,0.2716198,0.27389532,,,0.28113538,0.2883708
0.5761142,0.5807823,0.8884282,0.26846826,0.30764592,0.31231403,,,0.24988776,0.27510583,,,0.27671796,0.2852031
0.57711494,0.58295417,0.88912433,0.27094477,0.30617017,0.3120094,,,0.2603525,0.28062755,,,0.27888238,0.29286504
0.58135223,0.5808474,0.89028406,0.27191556,0.30943668,0.30893183,,,0.28295922,0.26719916,,,0.29117143,0.2840796
0.57166797,0.5898303,0.88870865,0.27278966,0.2988783,0.31704062,,,0.25487965,0.27407205,,,0.2742185,0.28882718
0.5832162,0.575793,0.89037454,0.26863468,0.3145815,0.30715835,,,0.27122986,0.27541828,,,0.29048884,0.28413296
0.5775157,0.5860083,0.8906331,0.27289093,0.3046248,0.31311738,,,0.24522585,0.28196663,,,0.2696395,0.29727918
0.58114326,0.5833766,0.89060014,0.27391964,0.30722362,0.30945694,,,0.25764805,0.27492738,,,0.27840483,0.2839098
0.5833768,0.57799315,0.88960975,0.27176028,0.31161654,0.30623287,,,0.26106983,0.268911,,,0.2768727,0.283445
0.59049433,0.583891,0.888943,0.2854423,0.30505204,0.29844868,,,0.2997536,0.2828231,,,0.3002782,0.29024613
0.59738207,0.5781225,0.89049834,0.28500623,0.31237584,0.29311627,,,0.29510564,0.2922657,,,0.29881954,0.28461844
0.57783794,0.58159727,0.8910002,0.26843506,0.30940288,0.3131622,,,0.28648812,0.28354436,,,0.29095364,0.2904969
0.585395,0.58436954,0.8897313,0.28003323,0.30536175,0.3043363,,,0.27520448,0.28887278,,,0.28542107,0.29194415
0.5808495,0.58374107,0.89273757,0.27185303,0.3089965,0.31188804,,,0.28507072,0.29230428,,,0.2900725,0.29297227
0.5857252,0.5766654,0.88996315,0.27242744,0.31329775,0.30423796,,,0.28839904,0.27386153,,,0.2964865,0.28505707
0.5799981,0.58101773,0.8895471,0.27146864,0.30852944,0.3095491,,,0.27126497,0.27527303,,,0.28176916,0.28501266
0.5778319,0.57924354,0.88830364,0.26877177,0.30906016,0.31047177,,,0.26208407,0.2563451,,,0.2778207,0.2800808
0.57405865,0.5746939,0.888563,0.2601896,0.31386906,0.31450433,,,0.2500705,0.26196414,,,0.27077693,0.27882606
0.58301497,0.5830424,0.88975203,0.27630532,0.30670965,0.30673707,,,0.26766378,0.2781585,,,0.28269953,0.28805417
0.5834333,0.5711858,0.8905374,0.26408172,0.31935155,0.3071041,,,0.27772903,0.27045113,,,0.28675294,0.28113288
0.5806285,0.5760054,0.89023435,0.2663995,0.314229,0.3096059,,,0.27900738,0.26397932,,,0.29096764,0.28176242
0.58125186,0.5824933,0.888883,0.27486217,0.3063897,0.30763113,,,0.25720668,0.25080806,,,0.2821036,0.27699667
0.5850262,0.5770234,0.8910224,0.27102715,0.31399906,0.30599624,,,0.26535642,0.2715181,,,0.28646088,0.2821203
0.58456075,0.57636,0.89063317,0.27028757,0.31427318,0.3060724,,,0.27807152,0.24893707,,,0.29524255,0.272718
0.58012366,0.57900846,0.8900054,0.2691267,0.31099695,0.30988175,,,0.29083806,0.28184348,,,0.2905473,0.28990084
0.58145094,0.5868622,0.8897325,0.27858067,0.30287027,0.30828154,,,0.28367066,0.28468555,,,0.28870004,0.28992903
0.5856175,0.57254636,0.8892524,0.26891136,0.31670612,0.303635,,,0.2758639,0.24951321,,,0.28847015,0.2696182
0.584054,0.5831193,0.89169097,0.2754823,0.3085717,0.30763698,,,0.287198,0.27588332,,,0.29167455,0.28697544
0.5825355,0.5738615,0.88862264,0.26777434,0.31476116,0.30608714,,,0.28508592,0.25298238,,,0.29269385,0.2769788
0.5830071,0.57832444,0.890282,0.27104956,0.31195754,0.30727488,,,0.28378093,0.26426727,,,0.29261607,0.28550375
0.5803279,0.58037585,0.8896534,0.2710504,0.30927753,0.30932546,,,0.28764588,0.2620418,,,0.29134238,0.28113288
0.5801208,0.57678866,0.88658303,0.27032644,0.30979437,0.30646223,,,0.26089042,0.27448505,,,0.28287172,0.28644764
0.58061653,0.57156265,0.8910042,0.26117504,0.3194415,0.3103876,,,0.2654069,0.25291145,,,0.2868781,0.27748007
0.5800462,0.5843072,0.88900423,0.27534914,0.30469704,0.30895805,,,0.26998246,0.28754604,,,0.2846266,0.29179007
0.57784754,0.58179945,0.8870659,0.2725811,0.30526644,0.30921835,,,0.26797724,0.25343126,,,0.28357732,0.27836078
0.5810674,0.575334,0.8900472,0.2663542,0.31471318,0.3089798,,,0.2813577,0.2624098,,,0.29433966,0.2815838
0.5885097,0.5823661,0.8898461,0.2810297,0.30747998,0.3013364,,,0.2690888,0.26953685,,,0.28325033,0.27658367
0.58851856,0.588102,0.89326423,0.28335625,0.3051623,0.30474573,,,0.29223084,0.29221046,,,0.29050404,0.2905717
0.5832068,0.582347,0.8908093,0.2747445,0.30846226,0.30760247,,,0.25078416,0.2767849,,,0.28315383,0.28896904
0.58977944,0.57693446,0.89112705,0.2755869,0.31419253,0.30134755,,,0.28847694,0.2798277,,,0.2917652,0.281909
0.589679,0.5779109,0.8908987,0.2766912,0.3129878,0.3012197,,,0.2815169,0.27605593,,,0.29229438,0.27858084
0.5784266,0.5722489,0.8870474,0.26362813,0.31479847,0.30862075,,,0.26962942,0.25049567,,,0.2881711,0.27877003
0.58938664,0.5824687,0.8931325,0.27872282,0.31066382,0.30374587,,,0.28474516,0.27215832,,,0.29592305,0.2818308
0.58413804,0.5792259,0.8924618,0.27090216,0.31323588,0.30832374,,,0.25718033,0.27902985,,,0.28187948,0.29208493
0.5813395,0.57882357,0.89210737,0.26805568,0.3132838,0.3107679,,,0.2692361,0.29046065,,,0.2871325,0.2950058
0.5790361,0.57806605,0.88918704,0.26791507,0.31112105,0.31015098,,,0.25562215,0.2574466,,,0.28183138,0.2781664
0.58309567,0.5835141,0.8918135,0.27479625,0.30829942,0.30871785,,,0.28359604,0.2973048,,,0.29115814,0.2947303
0.5793592,0.58306974,0.8900709,0.27235794,0.30700123,0.3107118,,,0.27964967,0.27129048,,,0.2901888,0.28557372
0.5790509,0.5834625,0.89045745,0.27205592,0.30699497,0.31140655,,,0.25775576,0.26858467,,,0.27562934,0.28703976
0.58629626,0.5765245,0.88823485,0.27458596,0.3117103,0.30193853,,,0.29837,0.26334798,,,0.29431468,0.2800216
0.59110504,0.581715,0.89192677,0.28089333,0.31021172,0.30082166,,,0.27914762,0.27844715,,,0.28810394,0.2848999
0.58213013,0.57891476,0.8889889,0.27205592,0.3100742,0.30685884,,,0.28227502,0.28293777,,,0.29505914,0.28955716
0.5781089,0.58038515,0.88894755,0.26954645,0.30856246,0.3108387,,,0.26918596,0.258435,,,0.28821886,0.28082496
0.5798749,0.58660775,0.8917909,0.27469176,0.3051831,0.311916,,,0.26573896,0.27775377,,,0.28015512,0.29055905
0.58588254,0.5866389,0.89032984,0.28219163,0.3036909,0.3044473,,,0.2753055,0.28789288,,,0.28209478,0.28661972
0.5816617,0.58531326,0.89119256,0.27578247,0.30587924,0.3095308,,,0.27618134,0.28340328,,,0.2856424,0.2931528
0.5817519,0.5732285,0.88990736,0.26507306,0.31667882,0.30815542,,,0.2688406,0.2575541,,,0.28494567,0.27725035
0.5780325,0.5764018,0.8896125,0.26482183,0.31321067,0.31158,,,0.2711693,0.28349018,,,0.2854976,0.29174376
0.5871414,0.57050824,0.8917341,0.2659155,0.32122588,0.30459273,,,0.2688793,0.25379312,,,0.2914741,0.27493685
0.579937,0.5848307,0.89042896,0.27433878,0.3055982,0.31049192,,,0.26491648,0.27872324,,,0.279204,0.28678274
0.5815573,0.58758867,0.88969636,0.27944958,0.3021077,0.3081391,,,0.27032548,0.2815624,,,0.27989835,0.28968573
0.57889044,0.5824217,0.89045024,0.27086186,0.30802858,0.31155986,,,0.2592857,0.27128464,,,0.28394294,0.28664333
0.57899535,0.5786047,0.88915974,0.2684403,0.31055504,0.3101644,,,0.29104114,0.24914598,,,0.29174054,0.2749135
0.5790582,0.58527225,0.890537,0.27379346,0.3052647,0.3114788,,,0.2690053,0.2883392,,,0.2835076,0.29502112
0.5747001,0.5794001,0.8892022,0.264898,0.30980211,0.31450212,,,0.24301761,0.26419312,,,0.2746154,0.28835756
0.5878436,0.57922184,0.8888435,0.2782219,0.3096217,0.30099994,,,0.2848373,0.25582802,,,0.29245025,0.27309924
0.5730877,0.5780268,0.8898571,0.26125735,0.31183034,0.31676942,,,0.26281577,0.2602262,,,0.27817887,0.2838732
0.5830146,0.5850288,0.89248824,0.27555513,0.30745947,0.3094737,,,0.2637937,0.27460694,,,0.28161544,0.28469336
0.5764514,0.57893467,0.88757694,0.26780915,0.30864227,0.31112552,,,0.27140683,0.26110947,,,0.28184497,0.27998996
0.585968,0.5799869,0.89079577,0.27515906,0.31080896,0.3048278,,,0.26973635,0.25176108,,,0.28250432,0.27088487
0.5785129,0.5732111,0.88791835,0.26380563,0.31470728,0.30940545,,,0.25164807,0.25784737,,,0.28084326,0.2771064
0.58460975,0.59933114,0.8940162,0.28992468,0.29468507,0.30940646,,,0.28804702,0.32196862,,,0.28632402,0.30286497
0.5830135,0.5731751,0.88986117,0.26632732,0.31668615,0.30684775,,,0.26154143,0.25982732,,,0.28472537,0.27952266
0.5791054,0.575032,0.88815665,0.26598072,0.31312466,0.30905128,,,0.27875185,0.26404893,,,0.28789413,0.27535212
0.59107876,0.58447534,0.89074385,0.2848102,0.30626857,0.29966515,,,0.2971424,0.27301192,,,0.29589427,0.28417492
0.5796479,0.58552945,0.888127,0.27705032,0.30259758,0.30847913,,,0.28514057,0.2627864,,,0.2850337,0.2822904
0.5858879,0.5823277,0.8888596,0.279356,0.3065319,0.30297172,,,0.2779317,0.28807247,,,0.28714615,0.28663278
0.58447975,0.57921517,0.88958734,0.27410752,0.31037223,0.30510765,,,0.27749723,0.253694,,,0.28770435,0.27392763
0.585603,0.5680691,0.88859713,0.26507497,0.32052803,0.30299413,,,0.29165143,0.2259227,,,0.2975886,0.26574826
0.58114064,0.57275194,0.8872733,0.2666192,0.31452143,0.30613273,,,0.2796749,0.25115162,,,0.29154116,0.27496064
0.5771576,0.5792892,0.88730305,0.26914376,0.30801386,0.31014544,,,0.27358872,0.26582944,,,0.28876573,0.28636128
0.58382285,0.5838522,0.8901761,0.2774989,0.30632395,0.30635327,,,0.2615921,0.2825458,,,0.28183913,0.28921103
0.5845573,0.587721,0.89249265,0.27978563,0.30477166,0.30793536,,,0.2689724,0.2700929,,,0.2834233,0.28368545
0.58789974,0.5759491,0.8876479,0.27620095,0.3116988,0.29974812,,,0.2612908,0.25964075,,,0.28139675,0.27304143
0.5758835,0.5745176,0.8890279,0.26137322,0.3145103,0.3131444,,,0.2699861,0.2593214,,,0.2857536,0.28138
0.57815754,0.5778545,0.89011335,0.2658987,0.31225884,0.3119558,,,0.23520225,0.24669659,,,0.2654037,0.27662015
0.5874012,0.5769243,0.89112794,0.27319753,0.31420368,0.3037268,,,0.28273094,0.27504212,,,0.28910887,0.28299332
0.57855785,0.58452,0.88901156,0.27406627,0.30449158,0.3104537,,,0.28717715,0.29565525,,,0.29044777,0.2948879
0.5852746,0.58503336,0.89075786,0.27955002,0.30572456,0.30548334,,,0.28070396,0.26684016,,,0.28529727,0.2827639
0.5854399,0.5881512,0.88967025,0.28392088,0.30151904,0.30423033,,,0.27833998,0.2819684,,,0.28413194,0.28753167
0.5877748,0.58340096,0.8914928,0.27968293,0.30809188,0.30371803,,,0.27559006,0.28362834,,,0.2872576,0.28919232
0.58407515,0.57854515,0.8898635,0.27275681,0.31131834,0.30578834,,,0.25717902,0.28149682,,,0.28340667,0.2919188
0.5834508,0.5820455,0.89017284,0.2753235,0.30812728,0.306722,,,0.29490483,0.27349728,,,0.2936554,0.28737503
0.5765773,0.5828948,0.88684744,0.27262467,0.30395263,0.31027013,,,0.25728637,0.26692063,,,0.27333564,0.28526336
0.5879686,0.5771922,0.8900399,0.27512085,0.31284773,0.30207133,,,0.27442557,0.27071434,,,0.2894606,0.28101075
0.5790209,0.5804761,0.88857245,0.27092457,0.30809635,0.30955154,,,0.27546328,0.26263344,,,0.2836659,0.28532857
0.5826651,0.58637315,0.89066905,0.27836925,0.30429584,0.3080039,,,0.25758767,0.27428395,,,0.27429545,0.28289658
0.5835757,0.57834804,0.8914588,0.27046496,0.31311077,0.30788308,,,0.28758967,0.2768587,,,0.29193443,0.2819928
0.5826457,0.58693784,0.8888566,0.28072697,0.30191875,0.30621088,,,0.28691924,0.2893334,,,0.2879603,0.28759897
0.58043754,0.58447826,0.88825303,0.27666277,0.30377477,0.3078155,,,0.26614648,0.26883495,,,0.27643555,0.28181952
0.5712689,0.57892823,0.88815504,0.2620421,0.3092268,0.31688613,,,0.26302296,0.27313638,,,0.28097326,0.2888885
0.5821702,0.5863052,0.89127344,0.27720195,0.30496824,0.30910325,,,0.27718043,0.3018629,,,0.28534907,0.298482
0.5794577,0.58092105,0.8872932,0.27308547,0.30637223,0.30783558,,,0.26966,0.2948804,,,0.28448886,0.29483235
0.5817081,0.5875503,0.88959295,0.2796654,0.30204266,0.30788487,,,0.2732575,0.2839157,,,0.28039795,0.2858041
0.5725151,0.5802796,0.88981026,0.26298434,0.30953074,0.31729525,,,0.25368,0.2735207,,,0.27283657,0.2896154
0.5792029,0.58302414,0.89093906,0.27128798,0.3079149,0.31173617,,,0.27311772,0.27102512,,,0.28981262,0.28246582
0.5843598,0.5865139,0.8898306,0.28104305,0.30331677,0.30547082,,,0.2808386,0.2590888,,,0.28744203,0.2791775
0.5860069,0.58540994,0.89306355,0.2783532,0.30765367,0.30705673,,,0.3010465,0.30147934,,,0.29527295,0.299677
0.5736104,0.57784796,0.88988566,0.26157272,0.3120377,0.31627524,,,0.25491065,0.2803356,,,0.2760464,0.2941683
0.5812761,0.59233975,0.889863,0.28375292,0.2975232,0.30858684,,,0.29395813,0.28669357,,,0.28524983,0.2919944
0.579167,0.5868474,0.89030135,0.2757131,0.30345392,0.31113434,,,0.2687388,0.29072148,,,0.28292328,0.293859
0.5856144,0.5872959,0.8913302,0.28158003,0.30403435,0.30571586,,,0.3004573,0.28990936,,,0.29767513,0.29523307
0.57987225,0.5820428,0.89187384,0.27004123,0.30983102,0.3120016,,,0.25950634,0.29914194,,,0.27559233,0.29503816
0.5816076,0.5801332,0.89017594,0.27156484,0.31004274,0.30856836,,,0.2583465,0.26949632,,,0.2827242,0.28582323
0.5792748,0.5842855,0.8874503,0.27611,0.30316478,0.3081755,,,0.2753952,0.27759242,,,0.2805032,0.28542888
0.5768491,0.589206,0.88856333,0.27749175,0.29935735,0.31171423,,,0.2649997,0.27192968,,,0.2765677,0.2906347
0.57690966,0.57339317,0.8868763,0.2634266,0.31348306,0.30996656,,,0.28334165,0.22574902,,,0.29124737,0.2652133
0.5819198,0.576813,0.8883364,0.27039635,0.31152344,0.30641663,,,0.26183403,0.26292813,,,0.27690142,0.27780718
0.5795342,0.57915246,0.89052355,0.26816308,0.3113711,0.31098938,,,0.25769967,0.2559933,,,0.28161955,0.2770561
0.5806712,0.5831103,0.8914042,0.2723772,0.308294,0.31073308,,,0.2731552,0.27219248,,,0.28275526,0.284881
0.58345187,0.5849794,0.890606,0.2778253,0.30562657,0.30715412,,,0.27919936,0.29289472,,,0.2826723,0.2959301
0.5705742,0.58651984,0.8886189,0.26847512,0.3020991,0.31804472,,,0.2621554,0.27760953,,,0.27274168,0.28908634
0.5907354,0.5889874,0.8925087,0.2872141,0.30352128,0.3017733,,,0.27901542,0.2852515,,,0.28476965,0.28816712
0.5871012,0.57868814,0.8890779,0.27671146,0.31038976,0.30197668,,,0.26095986,0.24990356,,,0.28029287,0.27561635
0.58097684,0.571315,0.8900091,0.26228267,0.31869417,0.30903232,,,0.26643336,0.2670529,,,0.2880739,0.27969676
0.58035135,0.5776833,0.8882929,0.26974177,0.31060958,0.30794156,,,0.2530644,0.26666898,,,0.2827121,0.2840917
0.5889147,0.58942646,0.8918262,0.28651494,0.30239975,0.30291152,,,0.29732704,0.2991538,,,0.291615,0.29456216
0.587342,0.58177805,0.8909687,0.2781514,0.30919063,0.30362666,,,0.28379732,0.25422215,,,0.288158,0.2789778
0.5772189,0.5719334,0.8907315,0.25842077,0.31879812,0.31351262,,,0.2555048,0.26200026,,,0.28199065,0.28564167
0.58523846,0.5750096,0.89074075,0.2695073,0.31573117,0.3055023,,,0.2880373,0.2595983,,,0.29762322,0.2817201
0.5796416,0.5832824,0.88737833,0.27554572,0.30409586,0.3077367,,,0.25252342,0.24724394,,,0.28061426,0.2813295
0.5783273,0.5806914,0.89076287,0.2682559,0.3100714,0.3124355,,,0.27776396,0.29043007,,,0.2826386,0.29497784
0.57781994,0.5815687,0.8897747,0.26961398,0.30820596,0.31195474,,,0.2795775,0.26581836,,,0.29110342,0.28583252
0.5799835,0.58344233,0.88827413,0.27515167,0.3048318,0.30829066,,,0.2721088,0.2750587,,,0.28632993,0.2918269
0.57884026,0.5801377,0.89035064,0.26862735,0.3102129,0.31151038,,,0.26944,0.25600123,,,0.28498763,0.28008068
0.5800872,0.5827137,0.8902806,0.2725203,0.30756688,0.31019342,,,0.2630781,0.2802505,,,0.2821331,0.2867146
0.5854264,0.5852777,0.8930374,0.27766675,0.30775964,0.30761093,,,0.30502182,0.28549623,,,0.29677296,0.29229873
0.58247,0.58398575,0.89037746,0.27607828,0.30639172,0.30790746,,,0.29242373,0.26482278,,,0.29169637,0.28451705
0.57323015,0.56865954,0.88747495,0.25441474,0.3188154,0.3142448,,,0.24967897,0.25378472,,,0.2772897,0.27601218
0.5819415,0.57648003,0.8908439,0.2675776,0.3143639,0.30890244,,,0.27826917,0.27936685,,,0.28944618,0.28965753
0.58381546,0.5832455,0.8909054,0.2761556,0.30765986,0.30708992,,,0.30236673,0.28957665,,,0.29603052,0.28998458
0.5882036,0.57650864,0.89207,0.2726422,0.3155614,0.30386645,,,0.2829132,0.2576598,,,0.288617,0.27802002
0.5792304,0.57785064,0.88947564,0.26760548,0.31162494,0.31024516,,,0.2741205,0.27698475,,,0.28614056,0.2915128
0.58160394,0.57638526,0.88881457,0.2691747,0.31242925,0.30721056,,,0.27003634,0.24141711,,,0.28781396,0.27378917
0.57872343,0.58162415,0.89121294,0.26913464,0.3095888,0.3124895,,,0.25372422,0.27324134,,,0.27360767,0.28472006
0.58122414,0.5883645,0.8913168,0.2782718,0.30295235,0.3100927,,,0.28334463,0.3096512,,,0.28593683,0.297603
0.5841602,0.583921,0.88947713,0.27860415,0.30555606,0.30531687,,,0.26907814,0.27541775,,,0.28442597,0.28907138
0.5789441,0.57210684,0.8899257,0.2611252,0.31781888,0.31098163,,,0.26310617,0.24993819,,,0.28652525,0.27602613
0.5850129,0.57864666,0.8891598,0.27449977,0.31051314,0.3041469,,,0.26613748,0.2502123,,,0.28391385,0.27591783
0.57255185,0.5804329,0.88758487,0.26539987,0.30715197,0.31503302,,,0.2569996,0.259942,,,0.2773881,0.281075
0.57960236,0.5809637,0.8904165,0.2701496,0.30945277,0.31081408,,,0.27440107,0.27520186,,,0.28689313,0.28715044
0.5770673,0.583231,0.8876589,0.27263945,0.30442786,0.31059152,,,0.2575131,0.2850786,,,0.27992207,0.29124308
0.5808774,0.5763604,0.88890994,0.26832783,0.3125496,0.30803257,,,0.27333546,0.27601373,,,0.2868694,0.28978735
0.5846222,0.57032543,0.89101744,0.2639302,0.320692,0.30639523,,,0.28186756,0.2846831,,,0.29377574,0.28779566
0.5767869,0.57429665,0.8892059,0.2618776,0.31490928,0.31241906,,,0.2738793,0.2591967,,,0.2871678,0.27784675
0.5817529,0.5770987,0.8906609,0.26819074,0.31356215,0.308908,,,0.27066094,0.2623558,,,0.28745764,0.27820605
0.58083665,0.58430827,0.88850784,0.27663708,0.30419958,0.3076712,,,0.2765169,0.26949257,,,0.28673828,0.28193104
0.574759,0.5803311,0.88901335,0.26607674,0.30868226,0.31425434,,,0.25778294,0.26189768,,,0.27950138,0.27639866
0.58130825,0.5815357,0.8881428,0.27470112,0.30660713,0.30683458,,,0.25571036,0.27229887,,,0.27995807,0.28538334
0.584409,0.57689726,0.8881687,0.27313757,0.31127143,0.3037597,,,0.25756925,0.27172852,,,0.28399348,0.28047216
0.57981175,0.5780416,0.8893683,0.26848507,0.31132668,0.30955654,,,0.29323155,0.25614464,,,0.29053444,0.27418882
0.5795654,0.5901211,0.8894747,0.28021187,0.29935354,0.30990922,,,0.26771313,0.26961726,,,0.27544898,0.28708565
0.5823458,0.58516455,0.8899658,0.2775445,0.3048013,0.30762005,,,0.27656657,0.25470847,,,0.29050452,0.27968454
0.5713098,0.583861,0.8867754,0.26839542,0.30291438,0.31546557,,,0.27366787,0.2633304,,,0.28012073,0.2828161
0.58433414,0.57555866,0.89080966,0.26908314,0.315251,0.30647552,,,0.2630154,0.25351346,,,0.27963752,0.27710557
0.5764823,0.5834733,0.8896907,0.27026492,0.30621737,0.3132084,,,0.25248498,0.26717228,,,0.2726398,0.28527963
0.58924365,0.5797293,0.888288,0.28068495,0.3085587,0.29904437,,,0.29890996,0.2932276,,,0.2984327,0.28882974
0.58406085,0.5770191,0.88821536,0.27286452,0.31119633,0.30415457,,,0.26507246,0.28247708,,,0.28331542,0.28766572
0.58401227,0.5853785,0.8918754,0.2775154,0.30649686,0.30786312,,,0.27411544,0.2805037,,,0.28286046,0.28355324
0.58432317,0.5811677,0.89087033,0.27462053,0.30970263,0.30654716,,,0.28388214,0.27247584,,,0.2887538,0.28775477
0.58263445,0.58588004,0.8906604,0.27785408,0.30478036,0.30802596,,,0.26435566,0.25401503,,,0.27633977,0.27981812
0.5861299,0.5794741,0.89105195,0.27455205,0.31157786,0.30492204,,,0.2838621,0.25646305,,,0.2935518,0.27572066
0.58560324,0.5803136,0.88900924,0.27690768,0.30869555,0.30340594,,,0.28927135,0.26531243,,,0.29340488,0.27808934
0.58067405,0.5811893,0.88958377,0.27227956,0.3083945,0.3089097,,,0.29301637,0.27361023,,,0.29287297,0.28523362
0.57740986,0.58594483,0.89059955,0.2727551,0.30465478,0.31318974,,,0.23343968,0.28318107,,,0.26974386,0.29267108
0.57861704,0.58354723,0.89013207,0.27203214,0.3065849,0.3115151,,,0.26335466,0.27336347,,,0.27993047,0.2863617
0.58760303,0.58840394,0.8895471,0.28645992,0.3011431,0.30194402,,,0.27076465,0.28447366,,,0.28040928,0.29018998
0.58150446,0.58168066,0.8885087,0.27467644,0.30682802,0.3070042,,,0.2556634,0.25636464,,,0.2801209,0.27988422
0.5882429,0.57429343,0.8885016,0.2740348,0.3142081,0.30025864,,,0.2796778,0.26712406,,,0.29473585,0.27887887
0.5797161,0.58664346,0.8921685,0.27419102,0.30552506,0.31245244,,,0.26438338,0.27466613,,,0.28213894,0.28672928
0.59202063,0.57973367,0.89098245,0.2807719,0.31124872,0.29896176,,,0.2931819,0.28600204,,,0.29611176,0.28760302
0.5796833,0.5789629,0.8902302,0.26841605,0.31126726,0.31054688,,,0.27235454,0.29225057,,,0.28735965,0.2920093
0.57747066,0.5804951,0.8885579,0.26940787,0.3080628,0.31108725,,,0.2693962,0.25784367,,,0.2888413,0.28258342
0.5779189,0.5756269,0.8917628,0.26178306,0.31613582,0.31384385,,,0.27586114,0.2772475,,,0.292193,0.28968805
0.57109225,0.57409704,0.8873329,0.25785637,0.31323588,0.31624067,,,0.270239,0.23955506,,,0.282228,0.27243626
0.5791203,0.5751822,0.8872911,0.2670114,0.31210887,0.3081708,,,0.2658037,0.26945424,,,0.2829489,0.28029794
0.5783479,0.5873207,0.88957274,0.27609587,0.30225205,0.31122482,,,0.27241963,0.2784028,,,0.28114903,0.29368913
0.58471274,0.5697988,0.8908755,0.26363605,0.3210767,0.30616277,,,0.28025103,0.24641162,,,0.29567546,0.26995862
0.58129275,0.57741404,0.88945997,0.26924682,0.31204593,0.30816722,,,0.24902815,0.2679236,,,0.27823502,0.28171003
0.5841198,0.5781826,0.88853985,0.27376252,0.31035727,0.30442005,,,0.28420204,0.26072788,,,0.2938063,0.28072733
0.5823172,0.58301646,0.88748866,0.27784497,0.3044722,0.3051715,,,0.2706502,0.2865793,,,0.29026937,0.28989398
0.57380915,0.5824536,0.8901311,0.26613164,0.3076775,0.31632197,,,0.27085513,0.27994192,,,0.28102082,0.2946884
0.58877176,0.57429844,0.8928983,0.27017188,0.31859988,0.30412656,,,0.29931688,0.27175444,,,0.30048513,0.2816981
0.58320993,0.5840113,0.8903734,0.2768479,0.30636203,0.30716342,,,0.27861273,0.2796383,,,0.2867868,0.28613418
0.58263886,0.58035946,0.8899586,0.2730397,0.30959916,0.30731976,,,0.28802663,0.28120476,,,0.29132628,0.28914762
0.58934015,0.57502156,0.8928183,0.27154344,0.3177967,0.30347812,,,0.2932827,0.27909857,,,0.3019719,0.28445023
0.58374506,0.57810295,0.8896417,0.27220637,0.3115387,0.30589658,,,0.2605912,0.27201176,,,0.28606755,0.28819227
0.5768491,0.58429897,0.8892167,0.27193135,0.30491775,0.31236762,,,0.2894339,0.2801087,,,0.28676343,0.29438072
0.5779755,0.5771172,0.88862556,0.26646715,0.31150836,0.31065005,,,0.2521283,0.26841313,,,0.28194135,0.28530163
0.5841309,0.5776265,0.8885172,0.27324027,0.31089061,0.30438626,,,0.25915277,0.25745684,,,0.28443056,0.27464283
0.58815765,0.5826383,0.8904995,0.28029644,0.3078612,0.30234188,,,0.2850672,0.26064134,,,0.28938305,0.28059912
0.5853226,0.5847813,0.887288,0.28281593,0.3025067,0.30196536,,,0.26493454,0.2752118,,,0.27554774,0.28096938
0.57731926,0.5829009,0.8869953,0.27322483,0.30409443,0.30967605,,,0.2697099,0.25907224,,,0.28452736,0.28378582
0.58119476,0.5905323,0.8891978,0.28252923,0.29866552,0.30800307,,,0.27538675,0.27106488,,,0.28240877,0.28920436
0.58669186,0.5757563,0.8914566,0.27099156,0.3157003,0.30476475,,,0.2835874,0.26689243,,,0.2938025,0.28360248
0.57849705,0.5737331,0.8871604,0.26506972,0.31342733,0.30866337,,,0.27128386,0.25316602,,,0.2864257,0.27436566
0.5849184,0.5825789,0.8913629,0.27613437,0.308784,0.30644453,,,0.2818156,0.27670503,,,0.2916218,0.2883712
0.58234954,0.5755724,0.89024955,0.26767236,0.31467718,0.3079,,,0.26336938,0.2769081,,,0.28664392,0.28606302
0.5849963,0.5819119,0.8903057,0.27660257,0.30839372,0.30530936,,,0.28137153,0.27381027,,,0.28743958,0.28891146
0.5776949,0.5820099,0.8882632,0.27144158,0.3062533,0.31056833,,,0.2704795,0.2685448,,,0.2829488,0.28168058
0.58495116,0.58242023,0.89095235,0.27641904,0.30853212,0.3060012,,,0.27498764,0.26597774,,,0.27957213,0.28210855
0.58045894,0.5820457,0.8897376,0.27276707,0.30769187,0.3092786,,,0.2921641,0.27109337,,,0.29422176,0.28480047
0.5798084,0.5791203,0.88940734,0.2695213,0.31028712,0.30959898,,,0.25513387,0.2720288,,,0.27061003,0.28124624
0.5802189,0.5773982,0.88713104,0.27048606,0.30973285,0.30691212,,,0.26819903,0.23316574,,,0.2828936,0.26722944
0.5854119,0.586185,0.8934395,0.2781574,0.3072545,0.30802757,,,0.2783082,0.27445537,,,0.28415543,0.2862773
0.5883028,0.5738022,0.88935214,0.27275282,0.31554997,0.30104935,,,0.27186954,0.25640643,,,0.28880703,0.27792126
0.582887,0.5779461,0.8895272,0.27130592,0.31158108,0.3066402,,,0.25770628,0.25957787,,,0.28052974,0.27526277
0.5852943,0.5866195,0.890401,0.28151286,0.30378145,0.30510664,,,0.27936804,0.28578788,,,0.28785294,0.29252946
0.58997655,0.58164954,0.89074993,0.28087616,0.3091004,0.30077338,,,0.28926158,0.2962283,,,0.2923907,0.28991067
0.5831231,0.5806414,0.8892748,0.2744897,0.3086334,0.3061517,,,0.27885395,0.2863837,,,0.28918272,0.29023075
0.5779312,0.5720562,0.8856451,0.26434237,0.31358886,0.3077138,,,0.26863652,0.24786687,,,0.28601408,0.27748752
0.57543546,0.58141685,0.88679695,0.2700553,0.30538017,0.31136155,,,0.25423652,0.25224984,,,0.27294314,0.27880514
0.5780151,0.5794112,0.8900768,0.26734954,0.31066555,0.31206167,,,0.27679574,0.24690181,,,0.2899549,0.27632523
0.5661583,0.58443177,0.889862,0.26072806,0.30543023,0.3237037,,,0.2390135,0.28948444,,,0.2669623,0.29720056
0.5737195,0.58182,0.8900422,0.26549733,0.30822217,0.31632268,,,0.27158636,0.27409482,,,0.28222913,0.28776717
0.58936644,0.58085966,0.891537,0.2786891,0.31067735,0.30217057,,,0.28881818,0.26603043,,,0.2932642,0.27896357
0.5808034,0.5819859,0.8907647,0.27202463,0.30877876,0.30996126,,,0.27761215,0.27801836,,,0.287938,0.289612
0.5826856,0.5846828,0.8897815,0.27758694,0.30509865,0.3070959,,,0.26041245,0.28221792,,,0.28079283,0.2910614
0.5843339,0.58379817,0.89156353,0.27656853,0.30776536,0.30722964,,,0.26940852,0.28385818,,,0.28888243,0.29307854
0.5828612,0.58130366,0.8920926,0.2720722,0.310789,0.30923146,,,0.26760733,0.25876492,,,0.2882927,0.2778253
0.58082485,0.5784813,0.8900301,0.26927608,0.31154877,0.30920523,,,0.2637775,0.2531802,,,0.28410417,0.27924293
0.58489084,0.5790224,0.88937634,0.2745369,0.31035393,0.3044855,,,0.28397518,0.2787423,,,0.29200214,0.28513145
0.58683527,0.58671737,0.8900089,0.2835437,0.30329156,0.30317366,,,0.2740603,0.2621503,,,0.27935958,0.28111923
0.5805183,0.57777184,0.88798404,0.2703061,0.3102122,0.30746573,,,0.26600033,0.2586363,,,0.28150713,0.28016442
0.58694416,0.5817739,0.89149165,0.27722645,0.3097177,0.30454743,,,0.28247386,0.2596951,,,0.28934294,0.27756977
0.585695,0.5783255,0.8895046,0.27451593,0.3111791,0.30380958,,,0.27073252,0.25435936,,,0.2864052,0.27552307
0.57989615,0.5753728,0.88796604,0.26730287,0.31259328,0.30806994,,,0.25977963,0.24397373,,,0.2815523,0.27119064
0.57894236,0.58891815,0.890656,0.2772045,0.30173784,0.31171364,,,0.26601052,0.27093488,,,0.28087062,0.28682363
0.5873861,0.57967126,0.8879779,0.27907938,0.3083067,0.3005919,,,0.27141696,0.26637048,,,0.28699678,0.2797978
0.5794182,0.5780426,0.8904207,0.26704013,0.31237805,0.3110025,,,0.25746173,0.2741642,,,0.27620035,0.28566754
0.5867845,0.57786477,0.8894373,0.27521193,0.31157255,0.30265284,,,0.2801352,0.24794143,,,0.2900377,0.26793212
0.58425593,0.58138925,0.8914431,0.27420205,0.31005388,0.3071872,,,0.28694642,0.2821749,,,0.29356068,0.28974217
0.5795499,0.5883049,0.8896941,0.2781607,0.30138922,0.3101442,,,0.2691797,0.25427598,,,0.2819922,0.2796129
0.5896313,0.57931674,0.8902033,0.27874476,0.31088656,0.30057198,,,0.28710157,0.24901634,,,0.29136646,0.26601785
0.5814291,0.58344734,0.8905462,0.27433026,0.30709887,0.30911708,,,0.2465266,0.2729137,,,0.27445036,0.28453892
0.58345675,0.5851277,0.88956696,0.2790175,0.30443925,0.3061102,,,0.29399306,0.29593605,,,0.28921485,0.29191858
0.5764961,0.5813514,0.8893477,0.26849985,0.30799627,0.31285155,,,0.279876,0.2742473,,,0.28601944,0.28683567
0.5770955,0.58451676,0.8877764,0.2738359,0.3032596,0.31068087,,,0.25558084,0.25999212,,,0.27571046,0.28261238
0.5767777,0.5824046,0.89135945,0.26782286,0.30895483,0.31458175,,,0.2770229,0.29407853,,,0.28692687,0.29647505
0.5840939,0.58089316,0.8888715,0.2761156,0.30797833,0.30477756,,,0.26537937,0.26263833,,,0.27823853,0.28185695
0.5784482,0.57943785,0.89055055,0.26733547,0.3111127,0.31210238,,,0.25800985,0.23436463,,,0.2769791,0.2758652
0.58797157,0.580685,0.89150447,0.27715212,0.31081945,0.3035329,,,0.26741636,0.2704605,,,0.28691167,0.2856441
0.5807874,0.580634,0.8912022,0.2702192,0.3105682,0.3104148,,,0.28502482,0.2593615,,,0.28973895,0.28394622
0.57901305,0.58042693,0.8894113,0.27002877,0.30898428,0.31039816,,,0.26200712,0.26272714,,,0.27754134,0.27949798
0.57580006,0.58963627,0.88813037,0.2773059,0.29849416,0.31233037,,,0.28815562,0.28950894,,,0.2836823,0.29864514
0.57609046,0.58349687,0.88860774,0.27097964,0.3051108,0.31251723,,,0.2436139,0.27591038,,,0.2736916,0.28994066
0.58806163,0.5774145,0.88936764,0.27610844,0.3119532,0.30130607,,,0.28389758,0.27451742,,,0.29227483,0.28430527
0.58647156,0.5800667,0.8915752,0.27496302,0.31150854,0.30510366,,,0.28776062,0.29791933,,,0.2906071,0.29289198
0.58097875,0.58694446,0.8904437,0.27747953,0.30349922,0.30946493,,,0.26501155,0.28375268,,,0.28136092,0.29217142
0.5849214,0.5746871,0.88884634,0.27076226,0.31415915,0.30392486,,,0.2762875,0.2612722,,,0.29078078,0.27490318
0.5779608,0.5807454,0.8906797,0.26802647,0.30993432,0.31271893,,,0.26031303,0.26921636,,,0.2815222,0.2844962
0.5830211,0.58478594,0.89162,0.27618712,0.30683398,0.30859882,,,0.2904178,0.26785034,,,0.29464525,0.28484648
0.56946826,0.58090425,0.8888053,0.26156718,0.30790108,0.31933707,,,0.26062155,0.27248573,,,0.28242886,0.2897811
0.57956815,0.5796466,0.8902882,0.26892656,0.3106416,0.31072003,,,0.26570702,0.26323915,,,0.28566343,0.28164917
0.5810963,0.5876647,0.8917235,0.2770375,0.3040588,0.31062722,,,0.2790621,0.2807861,,,0.2856204,0.2898271
0.5842599,0.5810165,0.8892792,0.27599722,0.3082627,0.30501926,,,0.28984457,0.28670514,,,0.29255688,0.29132444
0.5899409,0.58120215,0.8902308,0.28091228,0.30902863,0.30028987,,,0.30630368,0.26747453,,,0.29835927,0.28253943
0.5836277,0.57760495,0.889822,0.2714107,0.312217,0.30619425,,,0.26501548,0.25492334,,,0.2872368,0.27743
0.58480096,0.58318466,0.89165944,0.27632624,0.30847472,0.30685842,,,0.2690794,0.26437426,,,0.2838983,0.28135788
0.5776613,0.5753323,0.8889479,0.26404566,0.31361562,0.31128663,,,0.259508,0.2586025,,,0.28142834,0.27933353
0.57969904,0.5745845,0.88829064,0.26599288,0.31370616,0.3085916,,,0.27153224,0.28086716,,,0.2853949,0.28751355
0.57380736,0.58760905,0.8903331,0.2710833,0.30272406,0.31652576,,,0.26966769,0.29050428,,,0.27948081,0.29738456
0.5821454,0.57484365,0.8900661,0.266923,0.31522238,0.30792063,,,0.26306576,0.27079004,,,0.2886322,0.28666902
0.5746994,0.577976,0.88773394,0.26494145,0.30975795,0.31303453,,,0.26640856,0.25862414,,,0.28608465,0.2864986
0.578969,0.57660806,0.89094293,0.26463413,0.31433487,0.31197393,,,0.2650953,0.27236176,,,0.28367215,0.28464139
0.58477664,0.5821432,0.8915303,0.27538955,0.3093871,0.30675364,,,0.29303128,0.29091632,,,0.294082,0.29513305
0.57765067,0.57081944,0.88995767,0.2585125,0.31913817,0.31230694,,,0.2765048,0.26148164,,,0.29674447,0.28524232
0.58535993,0.58330375,0.89104146,0.27762228,0.30773765,0.30568147,,,0.27615023,0.27604085,,,0.28547883,0.28467196
0.58661497,0.5813195,0.8910854,0.27684903,0.30976593,0.30447048,,,0.28287637,0.25915736,,,0.29097283,0.2788512
0.57492936,0.5816672,0.8885341,0.2680624,0.30686694,0.31360477,,,0.26092,0.282705,,,0.2799304,0.2953868
0.5803256,0.5819733,0.89028156,0.27201736,0.30830824,0.30995595,,,0.26920998,0.2512846,,,0.28581244,0.28013635
0.57392454,0.5822825,0.8909683,0.26523876,0.30868578,0.31704372,,,0.2503639,0.27907258,,,0.2714563,0.28828514
0.5819692,0.5854161,0.89018345,0.2772019,0.3047673,0.3082142,,,0.26569355,0.29019755,,,0.2794109,0.29076678
0.5817872,0.58528507,0.8905165,0.27655578,0.30523145,0.3087293,,,0.28089964,0.2706591,,,0.28578132,0.2861632
0.5760417,0.5750859,0.88790977,0.2632178,0.3128239,0.31186807,,,0.24315506,0.24300528,,,0.27602458,0.2749371
0.5830213,0.58540213,0.8906555,0.2777679,0.3052534,0.30763423,,,0.24616528,0.27451867,,,0.27684683,0.28698784
0.5759432,0.5822535,0.88881624,0.26938045,0.30656272,0.31287307,,,0.26152194,0.27281785,,,0.2771659,0.2823397
0.5842481,0.5803468,0.8917696,0.2728253,0.31142282,0.30752152,,,0.28498226,0.28127027,,,0.29317117,0.28541577
0.5825968,0.57552874,0.88928497,0.26884055,0.31375623,0.3066882,,,0.2515527,0.25242037,,,0.27689463,0.2766496
0.5865364,0.5922908,0.89203435,0.28679293,0.29974347,0.30549788,,,0.27940953,0.3028729,,,0.2850455,0.2960949
0.5790949,0.572385,0.8894934,0.26198655,0.31710833,0.31039846,,,0.2785545,0.2843272,,,0.2928462,0.29236728
0.570655,0.57349086,0.88725746,0.2568884,0.3137666,0.31660247,,,0.24371248,0.23671496,,,0.27454364,0.27303135
0.5753317,0.58507323,0.89045703,0.2699479,0.3053838,0.31512535,,,0.25663424,0.28648186,,,0.27389818,0.28996152
0.5858554,0.58098125,0.89157134,0.2752654,0.31059003,0.30571586,,,0.2994774,0.2827828,,,0.29463464,0.28535104
0.5749637,0.5853429,0.88817257,0.272134,0.30282968,0.31320888,,,0.26283312,0.27437538,,,0.27756643,0.28802025
0.58149827,0.57561696,0.88758016,0.26953506,0.3119632,0.3060819,,,0.2648518,0.27082258,,,0.28691083,0.28619516
0.57998484,0.58288157,0.88960654,0.27325982,0.30672503,0.30962175,,,0.2834491,0.27621198,,,0.29367226,0.28932542
0.5837246,0.58095556,0.88956964,0.2751106,0.30861402,0.30584496,,,0.2635523,0.25731707,,,0.27834386,0.28007603
0.58693266,0.5798627,0.8909168,0.27587855,0.3110541,0.30398417,,,0.2840296,0.28219515,,,0.29141307,0.28844285
0.577428,0.5777181,0.8887797,0.26636642,0.31106156,0.31135166,,,0.27525914,0.27997214,,,0.28868932,0.292768
0.59052217,0.57610273,0.8912234,0.27540153,0.31512064,0.3007012,,,0.27805543,0.2739576,,,0.28849357,0.27909666
0.5767629,0.5891576,0.8900525,0.275868,0.30089492,0.31328958,,,0.25681448,0.28452098,,,0.27437347,0.296216
0.56961787,0.58531344,0.8896373,0.26529402,0.30432385,0.32001942,,,0.26632804,0.26429796,,,0.27502137,0.28801584
0.5861492,0.58552355,0.8933631,0.2783097,0.3078395,0.30721384,,,0.29446805,0.28398484,,,0.29655933,0.2918787
0.57256484,0.57716167,0.8882625,0.261464,0.31110084,0.31569767,,,0.23951954,0.28110301,,,0.27514195,0.2945757
0.5755099,0.58625394,0.88970745,0.27205646,0.30345345,0.31419748,,,0.2616291,0.30601978,,,0.2768829,0.30165535
0.5766758,0.57545805,0.88833785,0.26379597,0.3128798,0.31166208,,,0.2682264,0.26652867,,,0.28181344,0.28728944
0.58628666,0.579062,0.88989127,0.27545738,0.31082928,0.3036046,,,0.28959614,0.2747032,,,0.29262233,0.28212118
0.5811547,0.5845577,0.89126873,0.27444363,0.30671108,0.3101141,,,0.284993,0.28773034,,,0.28339022,0.29201108
0.578196,0.57999176,0.88699996,0.27118778,0.3070082,0.30880398,,,0.2542259,0.24947935,,,0.27721572,0.27578723
0.57709944,0.5764977,0.88623285,0.26736426,0.30973518,0.3091334,,,0.252096,0.27103823,,,0.2764663,0.28446186
0.57813764,0.5741869,0.88894904,0.26337552,0.31476212,0.3108114,,,0.25625604,0.27298802,,,0.27875537,0.28588998
0.570688,0.5776945,0.8871707,0.26121175,0.30947626,0.31648272,,,0.25144374,0.26388812,,,0.27329618,0.28149134
0.5812712,0.571494,0.8896242,0.26314098,0.3181302,0.308353,,,0.27692956,0.24928594,,,0.29411733,0.27742136
0.5850391,0.57490456,0.8900913,0.26985228,0.3151868,0.30505228,,,0.2671516,0.26297045,,,0.29103655,0.2821623
0.5916095,0.5872549,0.8912698,0.28759456,0.30401492,0.29966033,,,0.2701972,0.28069007,,,0.28518933,0.28243446
0.5777031,0.5784675,0.88890964,0.26726097,0.31044215,0.31120652,,,0.2766003,0.26198882,,,0.2835877,0.281403
0.58823013,0.58023536,0.89167964,0.27678585,0.31144428,0.3034495,,,0.2763989,0.2858194,,,0.28794253,0.29017997
0.58997595,0.5894907,0.89082235,0.28864437,0.30133158,0.30084634,,,0.2766394,0.3029822,,,0.2841558,0.29402584
0.5777676,0.57303727,0.88990474,0.26090014,0.31686747,0.31213713,,,0.29153407,0.25913334,,,0.301974,0.27972496
0.57776666,0.5802624,0.888543,0.26948607,0.3082806,0.31077635,,,0.2751245,0.26105118,,,0.2852214,0.2778995
0.57389116,0.58140165,0.88887584,0.2664169,0.30747426,0.31498474,,,0.25837803,0.26400357,,,0.27974588,0.2875613
0.57898664,0.5798658,0.8886786,0.27017385,0.3088128,0.30969197,,,0.25898236,0.2683196,,,0.2748363,0.28880304
0.5858737,0.5805094,0.89168715,0.274696,0.31117773,0.30581343,,,0.30389076,0.28244728,,,0.30235034,0.28631324
0.57935804,0.56965965,0.8888352,0.2601825,0.31917554,0.30947715,,,0.2418347,0.26273096,,,0.27945453,0.27917933
0.5759226,0.58123314,0.88865954,0.26849622,0.3074264,0.31273693,,,0.25846624,0.2443654,,,0.28269905,0.2774452
0.5764297,0.5847986,0.89120173,0.27002656,0.30640316,0.314772,,,0.271192,0.26165444,,,0.2800867,0.2895077
0.580394,0.5833504,0.8911279,0.27261657,0.30777746,0.31073385,,,0.27970183,0.2817353,,,0.28891432,0.28672892
0.5819179,0.58595896,0.89082474,0.2770521,0.30486578,0.30890685,,,0.27771872,0.2663632,,,0.28579098,0.28688616
0.5830023,0.5770316,0.8918796,0.26815432,0.314848,0.3088773,,,0.29701954,0.27397448,,,0.29759544,0.28163642
0.5733774,0.580722,0.8892762,0.26482314,0.30855423,0.31589884,,,0.27975208,0.280702,,,0.28180635,0.29203212
0.58306813,0.57993746,0.8894447,0.27356088,0.30950725,0.30637658,,,0.2564479,0.27528077,,,0.28458333,0.28443485
0.57825726,0.5887313,0.8904244,0.27656424,0.30169302,0.31216705,,,0.273017,0.27852213,,,0.28282785,0.29528594
0.5818253,0.58185875,0.8899061,0.27377802,0.3080473,0.30808073,,,0.28305346,0.2685613,,,0.2920813,0.2857862
0.5864576,0.57884383,0.88917726,0.27612418,0.31033343,0.30271965,,,0.29837787,0.28223813,,,0.2975474,0.28264266
0.5852463,0.58037424,0.8905908,0.27502978,0.31021655,0.30534446,,,0.28763473,0.28525382,,,0.2927168,0.2889099
0.5777925,0.57273376,0.8893908,0.26113546,0.31665707,0.3115983,,,0.2434085,0.24900568,,,0.27699625,0.27845418
0.5825456,0.5825025,0.89032644,0.27472168,0.3078239,0.3077808,,,0.28913152,0.25980777,,,0.28793085,0.27968514
0.5787115,0.58065295,0.8876989,0.27166557,0.30704594,0.30898738,,,0.24808097,0.2529812,,,0.27743047,0.28372455
0.5774437,0.5819286,0.89211875,0.26725358,0.31019014,0.31467503,,,0.25653338,0.23674482,,,0.28184783,0.27532828
0.587551,0.58067447,0.88972235,0.27850318,0.30904782,0.3021713,,,0.2891305,0.26618093,,,0.29177302,0.28046197
0.5774044,0.57619786,0.88969016,0.26391208,0.3134923,0.31228578,,,0.27609456,0.2739178,,,0.28683758,0.28902256
0.5806404,0.5840076,0.8896117,0.27503633,0.30560404,0.3089713,,,0.28168976,0.29250544,,,0.2902273,0.29378003
0.58076084,0.5757029,0.8865964,0.26986736,0.31089348,0.30583555,,,0.25328022,0.25440812,,,0.28281885,0.27634752
0.58122706,0.58001316,0.8914289,0.26981133,0.31141573,0.31020182,,,0.2518164,0.28496575,,,0.27693897,0.29146987
0.5822004,0.57930493,0.89124745,0.2702579,0.31194252,0.30904704,,,0.25307703,0.27059716,,,0.28218204,0.2838514
0.5890141,0.59222305,0.8932024,0.2880348,0.30097932,0.30418825,,,0.26204228,0.3072368,,,0.27537447,0.29493058
0.5816457,0.58621144,0.8903333,0.27752388,0.30412185,0.30868757,,,0.2689929,0.28917217,,,0.28540438,0.29428303
0.5687946,0.57415676,0.8890823,0.25386906,0.31492555,0.3202877,,,0.2665534,0.25896358,,,0.28879035,0.28135687
0.578712,0.57781935,0.8898551,0.26667625,0.31203574,0.3111431,,,0.27516901,0.2736159,,,0.2894308,0.2906688
0.5837697,0.57333755,0.8893784,0.2677288,0.31604087,0.30560875,,,0.26984364,0.2638443,,,0.2884295,0.2796206
0.5876961,0.57715666,0.8902858,0.27456695,0.31312913,0.3025897,,,0.26831877,0.2725461,,,0.2836362,0.28432792
0.5774406,0.5795336,0.88911915,0.26785505,0.30958557,0.31167853,,,0.2540136,0.27332944,,,0.28065902,0.28394306
0.5904776,0.5764444,0.89096916,0.27595282,0.31452477,0.30049157,,,0.28040808,0.27432287,,,0.2898,0.28392863
0.5847615,0.58214015,0.89063543,0.27626616,0.30849534,0.305874,,,0.28129864,0.26905555,,,0.2879154,0.2844206
0.5748943,0.5802823,0.890579,0.26459765,0.31029665,0.31568462,,,0.27140456,0.27834642,,,0.28691733,0.29247528
0.57746065,0.58283806,0.88926744,0.27103126,0.3064294,0.3118068,,,0.26846117,0.28104025,,,0.28350914,0.29294592
0.5820589,0.57619274,0.8895217,0.26872993,0.31332898,0.3074628,,,0.25324106,0.26525247,,,0.2809288,0.28123075
0.57767856,0.5892103,0.8891343,0.27775455,0.29992402,0.31145573,,,0.27928287,0.29033136,,,0.28021324,0.29168183
0.57721776,0.5788085,0.8885048,0.26752144,0.30969632,0.31128705,,,0.2578494,0.2754466,,,0.28551978,0.28719157
0.578215,0.58759665,0.8910059,0.27480578,0.30340922,0.31279087,,,0.29123324,0.2805537,,,0.28817904,0.28834665
0.5878917,0.57867837,0.89102054,0.27554953,0.31234217,0.30312884,,,0.2800265,0.2616387,,,0.288512,0.2806639
0.5857641,0.57848096,0.88919574,0.2750494,0.31071472,0.30343157,,,0.27015793,0.272389,,,0.28259224,0.28019345
0.5718882,0.58291626,0.8906434,0.26416105,0.30772716,0.3187552,,,0.26468736,0.2899086,,,0.27639514,0.2991141
0.58314884,0.5847068,0.8903199,0.27753574,0.3056131,0.30717105,,,0.25813705,0.2833361,,,0.27649158,0.28678447
0.5822573,0.58184755,0.88804924,0.27605557,0.3062017,0.30579197,,,0.26016778,0.27441418,,,0.27844888,0.28239262
0.57842004,0.57385457,0.8905823,0.2616923,0.31672776,0.31216228,,,0.27003628,0.28059894,,,0.28379375,0.28731662
0.57298076,0.58238494,0.8889484,0.26641732,0.30656344,0.31596762,,,0.24619561,0.2546878,,,0.27012396,0.28213167
0.5772791,0.57457703,0.8869878,0.26486838,0.3124107,0.30970865,,,0.269198,0.26245952,,,0.28540313,0.27955538
0.5771855,0.58665395,0.88945025,0.2743892,0.3027963,0.31226474,,,0.2743231,0.26530868,,,0.28445852,0.2860937
0.5804622,0.5817951,0.89075303,0.27150428,0.30895793,0.3102908,,,0.28276485,0.274386,,,0.29268992,0.28885323
0.5775726,0.5796934,0.88908684,0.26817906,0.30939353,0.31151432,,,0.2747165,0.26283842,,,0.2870298,0.2841496
0.5845755,0.5794505,0.8908444,0.27318162,0.31139386,0.30626887,,,0.27600735,0.26209402,,,0.28809053,0.27721053
0.5903746,0.5780127,0.88997316,0.27841413,0.31196046,0.29959857,,,0.29137933,0.24738139,,,0.29735494,0.2712528
0.5772099,0.5770062,0.889927,0.26428902,0.31292087,0.3127172,,,0.24783915,0.24705893,,,0.27906275,0.27795744
0.5763854,0.58907354,0.8898394,0.2756195,0.30076587,0.31345403,,,0.27951908,0.28393757,,,0.28498024,0.29655445
0.5936049,0.59163797,0.89179397,0.29344893,0.300156,0.29818904,,,0.28574145,0.27306026,,,0.29047936,0.2846223
0.5755886,0.5800853,0.8893609,0.26631296,0.30927563,0.31377232,,,0.27839082,0.2624681,,,0.28740883,0.28606373
0.59254265,0.5779892,0.88887686,0.281655,0.31088763,0.2963342,,,0.278553,0.28173035,,,0.29202753,0.2824968
0.5823421,0.582868,0.8912045,0.27400553,0.30833656,0.30886245,,,0.27090424,0.28222287,,,0.28212225,0.28448766
0.58764833,0.5825626,0.8883031,0.28190786,0.30574048,0.30065477,,,0.256204,0.28502423,,,0.2817343,0.28622264
0.57819355,0.5800244,0.88999873,0.26821917,0.30997437,0.31180525,,,0.2775607,0.24815524,,,0.2843005,0.2785983
0.5855148,0.58496135,0.8919246,0.27855158,0.3069632,0.30640978,,,0.29590768,0.2995665,,,0.29667926,0.2973631
0.5733317,0.5678972,0.8885195,0.2527094,0.32062232,0.3151878,,,0.24984062,0.2632516,,,0.2792651,0.284351
0.5793521,0.575619,0.8886638,0.2663073,0.3130448,0.3093117,,,0.25301826,0.2638669,,,0.2818578,0.28523803
0.5723307,0.57354105,0.88805073,0.25782102,0.3145097,0.31572002,,,0.26024967,0.2683673,,,0.27952987,0.28646874
0.5731685,0.5781852,0.8893714,0.26198232,0.3111862,0.31620288,,,0.2609412,0.27267963,,,0.27905387,0.28551883
0.57925475,0.5819938,0.8896727,0.27157587,0.30767888,0.31041795,,,0.26786518,0.289616,,,0.28345984,0.2908033
0.5853482,0.57935846,0.8902027,0.274504,0.31084418,0.30485445,,,0.27774125,0.26866722,,,0.2825566,0.28241265
0.5726317,0.58191204,0.8900149,0.26452887,0.30810285,0.31738317,,,0.2766546,0.27157724,,,0.28775066,0.28811276
0.5822321,0.5838121,0.8919938,0.2740504,0.3081817,0.3097617,,,0.27451724,0.26632667,,,0.29044038,0.2811399
0.5804415,0.57559377,0.8891136,0.26692158,0.3135199,0.3086722,,,0.2739939,0.27126402,,,0.29119277,0.28393817
0.58912826,0.5748036,0.8894766,0.27445525,0.314673,0.30034834,,,0.28967977,0.2458505,,,0.29695952,0.2698797
0.57633543,0.57883966,0.88864595,0.26652914,0.3098063,0.31231052,,,0.2579447,0.2968127,,,0.28356576,0.29651397
0.5868454,0.5807617,0.89056724,0.27703983,0.30980557,0.30372185,,,0.28296882,0.27720505,,,0.28653008,0.28347152
0.5848916,0.579805,0.89013034,0.27456635,0.31032526,0.30523866,,,0.29639882,0.2796353,,,0.29633152,0.28617096
0.5813415,0.5843334,0.891352,0.27432293,0.30701858,0.3100105,,,0.29290062,0.27865082,,,0.29462057,0.2916088
0.59049416,0.5768908,0.89194566,0.27543932,0.31505483,0.3014515,,,0.2930541,0.26471257,,,0.29856235,0.2781734
0.5799621,0.5758871,0.887536,0.26831323,0.31164885,0.30757385,,,0.25686198,0.25483632,,,0.27678007,0.27548784
0.5806846,0.57598686,0.8901733,0.2664982,0.3141864,0.30948865,,,0.28017777,0.2557153,,,0.29379278,0.2794065
0.5793771,0.58107424,0.88925385,0.27119756,0.30817956,0.30987668,,,0.26257735,0.25773346,,,0.27937692,0.28032917
0.5848967,0.58123916,0.89235187,0.27378392,0.31111276,0.30745524,,,0.27271223,0.2793631,,,0.2858565,0.29114616
0.58161366,0.5862477,0.8906005,0.27726084,0.30435282,0.30898684,,,0.2680261,0.29029012,,,0.28141195,0.2952175
0.5823902,0.588469,0.89168644,0.27917278,0.3032174,0.30929625,,,0.2758956,0.28706616,,,0.2832595,0.29491144
0.58378196,0.5840262,0.8908493,0.27695888,0.30682307,0.30706733,,,0.2805012,0.27395952,,,0.2877838,0.28802884
0.5740269,0.5765312,0.8888404,0.26171762,0.31230927,0.31481355,,,0.25651366,0.27600157,,,0.2719493,0.28881162
0.58171725,0.5859989,0.8911142,0.27660197,0.30511528,0.30939692,,,0.26955408,0.29944533,,,0.28376627,0.29962432
0.57643485,0.5872296,0.89230907,0.2713554,0.30507946,0.31587422,,,0.25784934,0.27771616,,,0.27471238,0.2863688
0.57170045,0.5740174,0.8865105,0.25920737,0.3124931,0.31481004,,,0.2462542,0.2559079,,,0.27354103,0.27910763
0.57939005,0.5766826,0.8889085,0.2671641,0.31222594,0.30951852,,,0.2623747,0.27175915,,,0.28231156,0.28207964
0.5812268,0.572507,0.886998,0.26673585,0.31449097,0.30577117,,,0.27279335,0.25262147,,,0.2864647,0.27571368
0.58835125,0.5751599,0.8891424,0.27436876,0.3139825,0.30079114,,,0.26748216,0.26546073,,,0.29090095,0.28047097
0.5879681,0.57266974,0.88938653,0.27125132,0.3167168,0.30141842,,,0.2617687,0.26924998,,,0.28631198,0.282268
0.58537984,0.5812622,0.89023805,0.2764039,0.30897593,0.30485827,,,0.27800155,0.2917903,,,0.29147643,0.28931165
0.5902018,0.5808964,0.89063615,0.2804621,0.3097397,0.3004343,,,0.28163475,0.2943558,,,0.28975528,0.28797448
0.58735496,0.57803607,0.8897465,0.27564448,0.31171048,0.3023916,,,0.2906502,0.26771784,,,0.29800934,0.28613704
0.58461416,0.5831175,0.8904379,0.27729374,0.30732042,0.30582374,,,0.29100865,0.29081714,,,0.29316956,0.28978252
0.5786663,0.588222,0.88932407,0.2775643,0.30110204,0.31065774,,,0.24225438,0.277377,,,0.26900858,0.28722072
0.58153987,0.58665586,0.8903564,0.2778393,0.30370057,0.30881655,,,0.2748983,0.2817936,,,0.28348655,0.29075116
0.57471013,0.56725985,0.8884821,0.25348783,0.3212223,0.31377202,,,0.27481383,0.23538798,,,0.290354,0.27077013
0.5956476,0.57690763,0.8921776,0.28037763,0.31526995,0.29653,,,0.30526453,0.2571833,,,0.29894185,0.26662815
0.58854365,0.57966685,0.88875604,0.27945447,0.30908918,0.30021238,,,0.28208965,0.2696107,,,0.29523468,0.28229147
0.5799488,0.58327127,0.8872736,0.27594644,0.30400234,0.30732483,,,0.2655002,0.2824489,,,0.2776782,0.28417563
0.5836383,0.58848846,0.89054,0.28158677,0.30205154,0.3069017,,,0.2667619,0.28259367,,,0.2808799,0.2891128
0.57722765,0.5739107,0.8874747,0.2636636,0.31356406,0.31024712,,,0.25320792,0.2560891,,,0.27762926,0.2742356
0.58064,0.56929564,0.88726825,0.26266748,0.31797254,0.30662817,,,0.2642678,0.25376785,,,0.28696704,0.27080214
0.5738139,0.5768653,0.8874749,0.26320434,0.31060958,0.31366098,,,0.2544167,0.26824605,,,0.27854693,0.2824641
0.58280474,0.5740404,0.88942826,0.26741683,0.3153879,0.30662358,,,0.28787416,0.26228976,,,0.2949956,0.2791561
0.5867598,0.58054864,0.8919633,0.27534515,0.31141466,0.3052035,,,0.29991716,0.30000335,,,0.29882848,0.2964278
0.58316815,0.5831822,0.89161325,0.27473712,0.30843103,0.3084451,,,0.27657247,0.2788633,,,0.2871883,0.28610593
0.57966965,0.5855755,0.8897357,0.27550948,0.30416018,0.31006604,,,0.27383173,0.25029993,,,0.28149784,0.27909905
0.58737147,0.5761287,0.8885907,0.2749095,0.31246197,0.30121922,,,0.29276365,0.27033257,,,0.29371262,0.28400278
0.58060396,0.5782026,0.89289093,0.26591563,0.31468832,0.31228697,,,0.26598078,0.26923293,,,0.28798282,0.2867245
0.5830687,0.5771674,0.8900496,0.27018654,0.31288218,0.30698085,,,0.28260982,0.2536751,,,0.29216754,0.28305334
0.58425796,0.5872381,0.89211375,0.2793823,0.30487567,0.30785578,,,0.26537347,0.28887117,,,0.2846133,0.2909035
0.58565265,0.5868205,0.8908224,0.28165078,0.30400187,0.3051697,,,0.28437924,0.2923302,,,0.28811884,0.29147148
0.5688312,0.5834793,0.88884574,0.26346475,0.30536646,0.32001454,,,0.2792639,0.28484422,,,0.28562784,0.2970298
0.5800456,0.58328974,0.89043874,0.2728966,0.307149,0.31039315,,,0.26013744,0.2904734,,,0.27975327,0.29203355
0.5771471,0.5763806,0.8899305,0.26359725,0.31354988,0.31278336,,,0.25765556,0.2604056,,,0.2827379,0.2785226
0.5739115,0.5841705,0.8901295,0.2679525,0.305959,0.31621802,,,0.283839,0.2879163,,,0.28730124,0.2959916
0.58372843,0.57488525,0.88965505,0.26895863,0.3147698,0.30592662,,,0.26721966,0.27024263,,,0.28205234,0.2814911
0.58023584,0.5706578,0.8874332,0.26346052,0.31677532,0.30719727,,,0.27551037,0.2590723,,,0.2875573,0.275167
0.58729815,0.5804367,0.89202315,0.27571172,0.31158644,0.304725,,,0.29040188,0.25719237,,,0.29098344,0.27609426
0.5867655,0.5881187,0.8909376,0.28394657,0.30281895,0.3041721,,,0.2557025,0.2767955,,,0.27707928,0.2876718
0.57637966,0.5852617,0.8910823,0.27055907,0.30582058,0.31470263,,,0.26669878,0.28821635,,,0.28300798,0.29538035
0.58469546,0.5773935,0.8907231,0.27136576,0.3133297,0.3060277,,,0.25147736,0.2615134,,,0.27691603,0.2749853
0.58673483,0.5814235,0.8904289,0.2777294,0.30900544,0.30369413,,,0.280137,0.27997082,,,0.29182917,0.2858793
0.5854683,0.5831183,0.8881032,0.28048342,0.30498487,0.3026349,,,0.30567873,0.2814427,,,0.29743785,0.28516197
0.5837685,0.5799837,0.89019954,0.27355266,0.31021583,0.30643106,,,0.27788174,0.26134855,,,0.289069,0.28095263
0.5797621,0.57286817,0.8909265,0.26170385,0.31805825,0.31116432,,,0.26751566,0.25977075,,,0.2893505,0.28444648
0.5773962,0.5841301,0.88896084,0.27256548,0.30483073,0.31156462,,,0.26342392,0.27932185,,,0.27765268,0.2913769
0.5840573,0.5751076,0.89034915,0.26881576,0.31524152,0.30629182,,,0.28997433,0.26861066,,,0.29421586,0.28487867
0.57200235,0.580891,0.88889873,0.26399457,0.30800778,0.31689644,,,0.26124132,0.2680834,,,0.2780382,0.28998625
0.5691619,0.5767205,0.8872194,0.25866294,0.31049895,0.31805754,,,0.25705153,0.26482826,,,0.2823751,0.28780085
0.5845104,0.5818633,0.8922139,0.27415985,0.31035054,0.30770344,,,0.28060323,0.28339356,,,0.28576273,0.29000515
0.5785022,0.575732,0.88890266,0.2653315,0.31317067,0.3104005,,,0.26570022,0.25743818,,,0.28126216,0.2831552
0.5758368,0.57607615,0.8877551,0.26415783,0.31167895,0.31191832,,,0.24599624,0.23969829,,,0.2755608,0.27489597
0.57534003,0.5901056,0.8899747,0.27547085,0.29986918,0.31463474,,,0.25717318,0.28706717,,,0.27530897,0.29540718
0.5843986,0.5764048,0.8891123,0.27169114,0.31270748,0.30471367,,,0.28151423,0.26162696,,,0.2888807,0.27447736
0.58202815,0.5824919,0.8897884,0.27473164,0.3072965,0.30776024,,,0.2572469,0.2505893,,,0.27902466,0.28226978
0.5819638,0.5766594,0.8886612,0.269962,0.31200176,0.30669737,,,0.2621144,0.27423632,,,0.2825181,0.2845238
0.57004535,0.588415,0.88819957,0.2702608,0.29978454,0.31815422,,,0.25820363,0.28073514,,,0.27431864,0.29402232
0.5769007,0.5769748,0.888648,0.26522762,0.3116731,0.3117472,,,0.26335412,0.2699511,,,0.28273594,0.28280377
0.5847516,0.58162844,0.88897073,0.27740932,0.3073423,0.30421913,,,0.26953536,0.28807986,,,0.2815112,0.28775162
0.5786038,0.5808741,0.8891157,0.27036226,0.30824155,0.31051183,,,0.26378638,0.2604499,,,0.28209865,0.280766
0.5777357,0.5839305,0.8916558,0.27001035,0.30772537,0.31392014,,,0.2753154,0.27625346,,,0.28668684,0.2902276
0.5779139,0.5778066,0.8905873,0.2651332,0.31278068,0.3126734,,,0.25624275,0.27660882,,,0.2804197,0.28819835
0.5804769,0.57756513,0.88861305,0.2694289,0.31104797,0.30813622,,,0.27685153,0.26230127,,,0.28929645,0.28042632
0.5915618,0.5794295,0.8925221,0.2784692,0.3130926,0.3009603,,,0.27252078,0.28941047,,,0.2883696,0.28604412
0.5760045,0.58129287,0.8916392,0.2656582,0.3103463,0.31563467,,,0.26905078,0.26331037,,,0.28326654,0.28405237
0.58824456,0.58378553,0.89301276,0.27901733,0.30922723,0.3047682,,,0.2822249,0.2851537,,,0.28952605,0.28795838
0.5816805,0.57702565,0.8906742,0.268032,0.31364846,0.30899364,,,0.2840805,0.25924116,,,0.29107863,0.27772212
0.58038175,0.57965875,0.89087653,0.26916397,0.31121778,0.31049478,,,0.26908088,0.2735237,,,0.28457183,0.28293812
0.5772656,0.5796519,0.88862467,0.2682929,0.30897272,0.311359,,,0.26004016,0.2664917,,,0.2809639,0.28927946
0.58118445,0.58462083,0.8910675,0.27473783,0.3064466,0.309883,,,0.26713938,0.2687559,,,0.28223848,0.28155088
0.5799066,0.5775939,0.88919824,0.26830226,0.31160432,0.30929166,,,0.260175,0.27258635,,,0.27940506,0.28375858
0.578549,0.5778693,0.8903152,0.26610315,0.31244588,0.31176615,,,0.24869257,0.24399757,,,0.27624208,0.27458268
0.57848567,0.5838165,0.8904456,0.27185667,0.306629,0.31195986,,,0.24873084,0.25595474,,,0.27751476,0.28177404
0.58655226,0.58254874,0.8892948,0.2798062,0.30674607,0.30274254,,,0.26860452,0.27602798,,,0.2814784,0.287656
0.5826539,0.5807158,0.8911613,0.27220833,0.31044555,0.30850744,,,0.28521746,0.26843727,,,0.2959141,0.28853565
0.5808798,0.5819032,0.8888638,0.27391922,0.30696058,0.307984,,,0.2716952,0.27898133,,,0.28004044,0.28586054
0.5854975,0.58442414,0.88901347,0.28090817,0.30458933,0.30351597,,,0.29678142,0.26283014,,,0.2953642,0.28165567
0.5821026,0.581826,0.8901777,0.27375078,0.3083518,0.3080752,,,0.29458737,0.29743272,,,0.29598314,0.29271376
0.57680035,0.5795146,0.8874017,0.26891327,0.30788708,0.31060135,,,0.26576966,0.26811266,,,0.28465003,0.288388
0.5865564,0.58494097,0.8929711,0.27852625,0.30803013,0.30641472,,,0.26957017,0.27122462,,,0.2865739,0.28659165
0.5817442,0.5905311,0.8917523,0.280523,0.3012212,0.3100081,,,0.27986515,0.2735387,,,0.28384048,0.28376287
0.5834731,0.5759977,0.8885495,0.2709213,0.3125518,0.30507642,,,0.2589916,0.2776212,,,0.27870053,0.28499877
0.5829837,0.5774245,0.8884502,0.27195805,0.31102562,0.30546647,,,0.27611023,0.24705309,,,0.28683698,0.2700789
0.5855674,0.5862434,0.8905406,0.28127027,0.30429715,0.30497313,,,0.27025372,0.26868194,,,0.28312773,0.2812906
0.58281827,0.5793668,0.8898043,0.27238077,0.3104375,0.30698603,,,0.2529971,0.25925404,,,0.28090358,0.27879298
0.57728505,0.58260745,0.8877646,0.272128,0.30515707,0.31047946,,,0.2610131,0.24865294,,,0.2789625,0.2748018
0.5866537,0.574527,0.8890802,0.2721005,0.3145532,0.30242652,,,0.2722047,0.25493753,,,0.28922743,0.2772277
0.58552206,0.5774821,0.8906475,0.2723567,0.31316537,0.30512542,,,0.28780067,0.28212512,,,0.298508,0.29088855
0.5773117,0.57659554,0.88743377,0.26647353,0.31083816,0.310122,,,0.2514382,0.2489999,,,0.27934557,0.2783569
0.5850023,0.57310396,0.88911563,0.2689907,0.3160116,0.30411327,,,0.28064924,0.24944007,,,0.29209602,0.27407926
0.5885639,0.5873599,0.89053506,0.28538877,0.30317515,0.30197114,,,0.27680516,0.27136457,,,0.28364044,0.28594142
0.58704096,0.5755313,0.8883951,0.2741772,0.31286377,0.3013541,,,0.2545287,0.25705737,,,0.28522748,0.27862263
0.58549845,0.58641195,0.8913564,0.280554,0.30494446,0.30585796,,,0.28871208,0.28597766,,,0.28741568,0.2870826
0.5759338,0.5881593,0.8904987,0.27359444,0.30233938,0.31456488,,,0.25800002,0.27511823,,,0.2751745,0.29097646
0.5844753,0.5872333,0.89127934,0.28042924,0.30404603,0.30680406,,,0.3003689,0.28775758,,,0.29273057,0.28869486
0.58287907,0.57817054,0.89178467,0.26926494,0.31361413,0.3089056,,,0.27293313,0.2751153,,,0.29095656,0.28411794
0.58052653,0.5772425,0.88795006,0.2698189,0.31070763,0.3074236,,,0.27164662,0.26451313,,,0.28579617,0.2818321
0.5789795,0.58317196,0.8874954,0.27465606,0.30432343,0.3085159,,,0.28136665,0.26138616,,,0.2865703,0.28100884
0.58759105,0.5813862,0.88918567,0.2797916,0.30779946,0.30159461,,,0.2840132,0.2632571,,,0.29674375,0.28397006
0.58395094,0.5800564,0.8904013,0.27360612,0.31034482,0.3064503,,,0.26803738,0.27161127,,,0.2884382,0.28226238
0.57046187,0.58064514,0.8887582,0.2623489,0.30811298,0.31829625,,,0.2472952,0.2738375,,,0.27427793,0.29243243
0.5771392,0.57678163,0.8893891,0.2645318,0.3126074,0.31224984,,,0.27187872,0.27139992,,,0.2873327,0.28856993
0.5793645,0.57815516,0.8886475,0.26887208,0.3104924,0.30928308,,,0.2700655,0.24305707,,,0.28145063,0.27830315
0.58363324,0.57908064,0.8885751,0.2741388,0.30949444,0.30494183,,,0.24224597,0.25694174,,,0.27638006,0.28154087
0.5824979,0.5862761,0.8902571,0.2785169,0.303981,0.30775923,,,0.26711434,0.282515,,,0.28353685,0.29344457
0.5725114,0.57818305,0.8885172,0.26217717,0.3103342,0.3160059,,,0.24299568,0.26047885,,,0.27139467,0.2865463
0.573576,0.5842516,0.8884882,0.26933944,0.30423653,0.31491214,,,0.2754367,0.26126224,,,0.28513807,0.28038728
0.5794052,0.58273196,0.88962424,0.2725129,0.30689228,0.31021905,,,0.2678362,0.27038682,,,0.2873931,0.28333306
0.57554126,0.58118004,0.88926303,0.26745832,0.30808294,0.31372172,,,0.25777626,0.2700972,,,0.27675045,0.2893386
0.57827747,0.58433414,0.88961613,0.27299547,0.305282,0.31133866,,,0.25140387,0.2655139,,,0.27785033,0.2890765
0.5799706,0.5835371,0.8892514,0.2742563,0.3057143,0.3092808,,,0.26203537,0.29324317,,,0.27954072,0.29223454
0.58000195,0.57798916,0.8887656,0.2692256,0.31077635,0.30876356,,,0.27653402,0.27028024,,,0.28677964,0.28477693
0.5808176,0.5749148,0.8901087,0.2656237,0.3151939,0.30929112,,,0.27598107,0.26670396,,,0.29440075,0.28588313
0.57465994,0.58495045,0.88765,0.27196038,0.30269957,0.31299007,,,0.23774135,0.2692803,,,0.26529694,0.28828168
0.58454216,0.5768223,0.88857836,0.27278608,0.31175607,0.3040362,,,0.26962703,0.2715255,,,0.28579855,0.2820009
0.5752265,0.5788202,0.8877852,0.26626158,0.3089649,0.31255865,,,0.25921935,0.26727837,,,0.27440912,0.28381705
0.5824058,0.5859981,0.8883534,0.28005046,0.30235535,0.30594766,,,0.25712222,0.26988584,,,0.27674836,0.28640383
0.5746629,0.5767555,0.8908374,0.26058108,0.31408185,0.31617445,,,0.24857175,0.26605952,,,0.27514935,0.28932458
0.5841898,0.5838007,0.89230317,0.27568728,0.3085025,0.3081134,,,0.2519712,0.27317423,,,0.27952033,0.2847908
0.5815684,0.57730675,0.89123493,0.2676403,0.31392813,0.30966645,,,0.28329116,0.2730205,,,0.2962175,0.29084182
0.5843793,0.58147633,0.8915145,0.27434117,0.31003815,0.30713516,,,0.28483355,0.28077745,,,0.2919811,0.28580272
0.58132386,0.5812179,0.8894953,0.27304643,0.30827743,0.30817145,,,0.2554201,0.24964225,,,0.27929956,0.275491
0.5745026,0.5888011,0.88957196,0.27373165,0.30077094,0.31506944,,,0.28817034,0.28423184,,,0.28513163,0.2914995
0.5661794,0.58415115,0.88626933,0.2640612,0.30211818,0.32008994,,,0.25163913,0.26647252,,,0.27564287,0.28898394
0.58188903,0.5808848,0.89017224,0.2726016,0.30928743,0.3082832,,,0.28775805,0.29925638,,,0.29200763,0.29401523
0.58449566,0.57483625,0.88848877,0.27084315,0.31365252,0.3039931,,,0.27349776,0.2757426,,,0.28704816,0.2763428
0.5829365,0.58146787,0.89245516,0.27194923,0.3109873,0.30951864,,,0.27790242,0.26605982,,,0.28475893,0.2877155
0.58436036,0.58506024,0.8905225,0.27889812,0.30546224,0.30616212,,,0.26448703,0.28089702,,,0.28513747,0.29440802
0.57591355,0.5735664,0.88861567,0.2608642,0.31504935,0.31270218,,,0.26917106,0.26466018,,,0.28662807,0.28241104
0.5791567,0.5825018,0.8891654,0.27249312,0.30666357,0.3100087,,,0.26633608,0.28367472,,,0.28514242,0.29065096
0.5842336,0.57933587,0.8898227,0.27374673,0.31048685,0.30558914,,,0.28343868,0.27660197,,,0.29182017,0.28175706
0.5778552,0.577659,0.8895962,0.26591802,0.3119372,0.311741,,,0.27088886,0.2810055,,,0.28636998,0.28586465
0.5830752,0.5775021,0.8876735,0.2729038,0.31017143,0.30459827,,,0.27098143,0.26286048,,,0.28571188,0.28250355
0.57947195,0.5750175,0.8877711,0.2667184,0.31275356,0.30829912,,,0.2684391,0.26303923,,,0.2856753,0.2787971
0.57048905,0.5775014,0.8877356,0.26025486,0.3102342,0.31724656,,,0.24706465,0.25681645,,,0.2751268,0.28219813
0.5948623,0.57928574,0.8927375,0.28141057,0.3134517,0.29787517,,,0.2903281,0.28213626,,,0.29709768,0.28941095
0.5874001,0.5772189,0.89191,0.27270895,0.31469113,0.30450994,,,0.2969584,0.26498616,,,0.29786694,0.28129482
0.5829389,0.5797478,0.8881736,0.27451313,0.30842578,0.30523467,,,0.26828253,0.26766294,,,0.2825107,0.28112978
0.58662707,0.57922053,0.89154154,0.274306,0.31232107,0.30491453,,,0.28742838,0.30184132,,,0.29323298,0.29406363
0.5861674,0.576814,0.8904332,0.2725482,0.3136192,0.3042658,,,0.28541887,0.2731918,,,0.29411793,0.2782526
0.58559024,0.58543,0.8910237,0.27999657,0.30559367,0.30543345,,,0.27012068,0.27116913,,,0.28454924,0.28052855
0.580768,0.58732295,0.8921776,0.27591336,0.30485463,0.3114096,,,0.28490424,0.26112825,,,0.29030967,0.28468835
0.5876416,0.576713,0.8891811,0.2751735,0.3124681,0.30153954,,,0.27823108,0.27442437,,,0.2926827,0.2838775
0.57921886,0.5770666,0.89035267,0.26593286,0.313286,0.31113374,,,0.27034587,0.2793234,,,0.2824747,0.28143615
0.5777646,0.57796836,0.8901373,0.26559556,0.31216902,0.3123728,,,0.27872515,0.25653422,,,0.28883612,0.2803223
0.5898825,0.57669115,0.8906673,0.27590632,0.31397617,0.30078483,,,0.28160417,0.24091959,,,0.2928459,0.26899713
0.5829188,0.57909846,0.8871453,0.27487206,0.30804676,0.3042264,,,0.27771014,0.26568168,,,0.28804195,0.28551525
0.57700133,0.57913876,0.8886364,0.26750368,0.30949765,0.31163508,,,0.26681596,0.2557071,,,0.27910298,0.2731586
0.5778506,0.5809303,0.8887887,0.2699921,0.30785847,0.31093818,,,0.28534245,0.27256823,,,0.29323584,0.28105724
0.580455,0.5767462,0.88998735,0.26721394,0.31324106,0.30953228,,,0.24080539,0.26569164,,,0.2694565,0.28261304
0.5842813,0.5809305,0.8891518,0.27606,0.30822134,0.3048705,,,0.26246446,0.25891274,,,0.27877933,0.2789992
0.57287085,0.58721316,0.89082575,0.26925826,0.3036126,0.3179549,,,0.25110888,0.27863973,,,0.2755242,0.29399192
0.5881043,0.5783946,0.8910165,0.27548242,0.3126219,0.30291218,,,0.2643193,0.25724918,,,0.28386414,0.27682763
0.5707042,0.58016455,0.88742507,0.2634437,0.3072605,0.31672084,,,0.26732022,0.2614649,,,0.2794246,0.2813
0.5774153,0.57388926,0.88978255,0.26152194,0.31589335,0.31236732,,,0.28155518,0.27439094,,,0.28575367,0.28377533
0.5820969,0.58345973,0.89213973,0.27341694,0.30867994,0.3100428,,,0.29315525,0.26911908,,,0.29051727,0.2850651
0.5772439,0.58395857,0.89018613,0.2710163,0.30622762,0.31294227,,,0.26548326,0.2756036,,,0.2818191,0.28963494
0.57506895,0.57305604,0.8865851,0.26153982,0.31352913,0.31151623,,,0.2554562,0.24601156,,,0.28344858,0.27320856
0.58128643,0.5780499,0.89234656,0.26698977,0.31429666,0.31106013,,,0.28944904,0.26648653,,,0.29676104,0.28142494
0.5737073,0.5800416,0.8887139,0.26503497,0.3086723,0.3150066,,,0.27732003,0.2759217,,,0.28349596,0.29054987
0.5893272,0.5745652,0.89121115,0.27268124,0.31664598,0.30188394,,,0.3042915,0.26809454,,,0.30199474,0.2772196
0.58394516,0.5750662,0.8890329,0.26997846,0.3139667,0.30508775,,,0.26804096,0.25252265,,,0.28597385,0.2710461
0.5786326,0.57347745,0.8895504,0.2625597,0.31607288,0.31091774,,,0.26541185,0.2683801,,,0.28481573,0.2857437
0.5838038,0.5830153,0.89002717,0.27679193,0.30701184,0.3062234,,,0.2851447,0.24795812,,,0.2863397,0.2794093
0.5800489,0.57899684,0.8892583,0.26978737,0.31026155,0.30920947,,,0.27096814,0.25621527,,,0.28730518,0.279948
0.57494324,0.58040094,0.88921523,0.26612902,0.30881423,0.31427193,,,0.256819,0.26978117,,,0.27758586,0.29089183
0.57629573,0.5822034,0.8912247,0.26727444,0.3090213,0.31492895,,,0.28660572,0.27408516,,,0.29070562,0.2844361
0.5783877,0.5695132,0.8892689,0.25863194,0.31975573,0.31088126,,,0.25853115,0.25215822,,,0.2776487,0.27451283
0.5792807,0.5812697,0.8906416,0.26990873,0.30937195,0.31136096,,,0.29889458,0.27922785,,,0.29560637,0.28713202
0.57636666,0.5857712,0.8896873,0.27245057,0.3039161,0.31332064,,,0.27165812,0.2688694,,,0.2805547,0.28334624
0.57523465,0.5822173,0.88872355,0.26872832,0.30650634,0.31348896,,,0.25806057,0.2602725,,,0.27948397,0.28483975
0.58163774,0.5744919,0.8895908,0.2665388,0.31509894,0.30795312,,,0.25097984,0.2575559,,,0.27983207,0.27522713
0.57425356,0.5793736,0.88778985,0.2658373,0.30841625,0.3135363,,,0.24300396,0.26732695,,,0.2727387,0.2860694
0.57824814,0.584097,0.8912091,0.27113605,0.3071121,0.31296098,,,0.27000087,0.28451735,,,0.28492004,0.29019338
0.58299,0.58122,0.89115524,0.27305472,0.30993527,0.30816525,,,0.29411364,0.26828068,,,0.29471934,0.28036386
0.58146524,0.58272684,0.89009845,0.27409363,0.30737162,0.3086332,,,0.2852438,0.26130635,,,0.2885757,0.28090143
0.58225346,0.5829211,0.8905747,0.2745998,0.30765367,0.3083213,,,0.2567051,0.28018534,,,0.27976578,0.28458178
0.58445024,0.57835114,0.8922162,0.27058518,0.31386507,0.30776596,,,0.2882753,0.25740224,,,0.29551053,0.27529085
0.583824,0.58380115,0.89138913,0.27623606,0.30758792,0.3075651,,,0.26742667,0.28687465,,,0.28239906,0.28965157
0.5781523,0.57453763,0.88737977,0.26531017,0.31284213,0.30922747,,,0.27804202,0.25995332,,,0.2866193,0.27659214
0.58252126,0.5805408,0.8895871,0.273475,0.30904627,0.30706578,,,0.28830254,0.25324696,,,0.29011714,0.2728287
0.5832602,0.5837292,0.8907602,0.27622914,0.30703104,0.30750006,,,0.2585467,0.27835268,,,0.27822596,0.28686994
0.57897294,0.58041203,0.8920859,0.26729906,0.31167388,0.31311297,,,0.26910323,0.2673738,,,0.28395826,0.28190553
0.5831139,0.5793243,0.8904408,0.27199733,0.31111658,0.30732697,,,0.26957142,0.28143084,,,0.28821027,0.29003972
0.5854813,0.58404773,0.8920275,0.27750146,0.30797982,0.30654627,,,0.2788657,0.29932702,,,0.28788477,0.29482055
0.5810562,0.58592343,0.89111733,0.27586222,0.30519396,0.31006122,,,0.2620756,0.2820359,,,0.28034806,0.2914756
0.5929514,0.5826435,0.8906887,0.2849062,0.3080452,0.2977373,,,0.27737153,0.27157533,,,0.28623688,0.2815485
0.5790049,0.5790321,0.8906858,0.26735115,0.31165373,0.31168097,,,0.27309734,0.27965492,,,0.28858787,0.2864943
0.5736835,0.58845615,0.89193356,0.2702061,0.3034774,0.31825006,,,0.28025985,0.27450693,,,0.284786,0.29351693
0.58683044,0.5870563,0.8889008,0.28498596,0.30184448,0.30207032,,,0.29076028,0.27788943,,,0.28968108,0.28491288
0.5835132,0.58129436,0.891135,0.27367258,0.30984062,0.30762178,,,0.27020454,0.25413698,,,0.28114176,0.27664322
0.5764729,0.5820522,0.88945454,0.26907045,0.30740243,0.31298172,,,0.25735903,0.27342242,,,0.27861184,0.28730088
0.58328664,0.5723363,0.8918994,0.26372355,0.3195631,0.30861276,,,0.26361072,0.26383245,,,0.2878194,0.28267497
0.5852935,0.57701224,0.8915158,0.27078992,0.31450355,0.30622232,,,0.27723694,0.26530463,,,0.2930007,0.27979934
0.5822605,0.57664424,0.88657194,0.27233285,0.30992764,0.3043114,,,0.26103133,0.26342636,,,0.27985483,0.27809328
0.5850093,0.57753384,0.88992155,0.2726215,0.31238776,0.30491233,,,0.26117504,0.28442746,,,0.27926856,0.28427
0.5803286,0.58339036,0.8891059,0.27461302,0.30571556,0.30877733,,,0.260019,0.2612524,,,0.28271645,0.28273004
0.5820427,0.5785161,0.8902411,0.27031773,0.31172496,0.3081984,,,0.2800696,0.27289593,,,0.2887001,0.28859174
0.58360744,0.5745591,0.891359,0.26680756,0.31679988,0.30775154,,,0.26752853,0.2606473,,,0.28579104,0.27507144
0.57944405,0.5823524,0.8903703,0.27142614,0.3080179,0.31092626,,,0.27276456,0.27733225,,,0.28578192,0.2927013
0.57745653,0.5860206,0.891298,0.2721792,0.30527735,0.3138414,,,0.2747721,0.28030163,,,0.28315187,0.2925452
0.5840314,0.5857065,0.8939154,0.2758224,0.308209,0.30988407,,,0.29184854,0.27677673,,,0.29375613,0.28754896
0.58219445,0.57564855,0.88926095,0.26858205,0.3136124,0.3070665,,,0.275191,0.2675419,,,0.2916767,0.2840376
0.58263475,0.5843892,0.89100796,0.27601594,0.3066188,0.30837327,,,0.24496979,0.2902162,,,0.27131742,0.29243314
0.58040345,0.5845534,0.89110535,0.27385145,0.306552,0.31070197,,,0.25989515,0.26453424,,,0.28185004,0.28631312
0.58836883,0.5808538,0.887911,0.28131157,0.30705726,0.29954225,,,0.287381,0.24922538,,,0.29449165,0.2744897
0.58297956,0.5845942,0.89068335,0.27689034,0.30608922,0.30770385,,,0.2551965,0.26785326,,,0.27898896,0.28830242
0.58682716,0.5777438,0.88881147,0.27575958,0.31106758,0.30198425,,,0.28705704,0.2739659,,,0.29288352,0.28363377
0.5831773,0.5773463,0.88993555,0.2705881,0.31258923,0.30675822,,,0.26074904,0.27577335,,,0.27915806,0.2858833
0.5821683,0.5863496,0.8913437,0.27717412,0.30499417,0.3091755,,,0.2673421,0.27929878,,,0.28002083,0.28567034
0.5783522,0.58366585,0.889549,0.27246904,0.30588317,0.3111968,,,0.2801832,0.28298157,,,0.28763902,0.29237002
0.5839293,0.581767,0.88985413,0.27584225,0.30808705,0.30592477,,,0.29600507,0.28474587,,,0.2950228,0.29074752
0.58110744,0.57968175,0.8905632,0.27022606,0.31088138,0.3094557,,,0.2752927,0.27839345,,,0.28815866,0.2873066
0.58318377,0.58041656,0.890027,0.27357334,0.30961043,0.30684322,,,0.26740593,0.27225435,,,0.2877686,0.28439867
0.5842664,0.5783497,0.8886946,0.27392155,0.31034487,0.30442816,,,0.27372277,0.25231105,,,0.28700358,0.27826035
0.5706389,0.5694524,0.8859359,0.2541554,0.3164835,0.315297,,,0.27126336,0.2592842,,,0.28616613,0.28332573
0.57324815,0.58111537,0.8896519,0.26471162,0.30853653,0.31640375,,,0.26031685,0.29212624,,,0.28034306,0.29835248
0.5789129,0.58665097,0.889906,0.27565783,0.30325508,0.31099313,,,0.2603531,0.27459043,,,0.27891755,0.28814763
0.58963454,0.5815977,0.889598,0.2816342,0.30800033,0.29996347,,,0.2952593,0.26659203,,,0.29766798,0.28189123
0.5909138,0.5801223,0.8920452,0.2789908,0.31192297,0.3011315,,,0.3004107,0.28649068,,,0.29966635,0.28898442
0.59061605,0.58432174,0.8904958,0.28444195,0.3061741,0.2998798,,,0.28139174,0.26960117,,,0.2932636,0.2793678
0.5882036,0.5826655,0.8913467,0.27952242,0.3086812,0.30314308,,,0.28938627,0.27913684,,,0.29309314,0.28681976
0.5741211,0.5816953,0.88809454,0.2677219,0.30639923,0.31397343,,,0.26016563,0.26920038,,,0.2745723,0.28432268
0.5780709,0.58638245,0.88946646,0.2749868,0.30308408,0.31139565,,,0.28341097,0.28494346,,,0.2891026,0.29346222
0.5810232,0.5733123,0.8904722,0.26386333,0.3171599,0.30944896,,,0.25754964,0.26484305,,,0.27886754,0.28421783
0.5864806,0.5854751,0.8920474,0.2799083,0.30657232,0.3055668,,,0.28005123,0.2777481,,,0.282946,0.2844333
0.5856346,0.57803804,0.89048994,0.27318275,0.31245184,0.3048553,,,0.28656507,0.28911823,,,0.29626006,0.29189944
0.5788746,0.58531845,0.88996255,0.27423048,0.3046441,0.31108797,,,0.28137094,0.26784503,,,0.28635526,0.28600734
0.58095646,0.58983266,0.89005363,0.2807355,0.30022097,0.30909717,,,0.28092253,0.2827736,,,0.28583157,0.28823644
0.5817841,0.57025576,0.88913894,0.26290095,0.31888318,0.3073548,,,0.26045865,0.2605425,,,0.28756094,0.27722353
0.58837676,0.5736472,0.89066726,0.27135676,0.31702,0.30229044,,,0.29482692,0.26154447,,,0.2982399,0.27930474
0.58811873,0.58226705,0.89172083,0.278665,0.30945373,0.30360204,,,0.26862246,0.26513892,,,0.285294,0.277597
0.57928956,0.576798,0.88839835,0.2676893,0.31160027,0.30910873,,,0.25947517,0.25567794,,,0.28366816,0.27936357
0.5806383,0.5814643,0.88783246,0.27427012,0.30636817,0.30719417,,,0.2694189,0.27622664,,,0.28354895,0.28645313
0.5808041,0.57894325,0.8909219,0.26882547,0.31197864,0.31011778,,,0.24269706,0.27286637,,,0.27436894,0.28293383
0.5775763,0.5728842,0.88820934,0.26225114,0.31532514,0.31063306,,,0.26861483,0.2672518,,,0.28445363,0.2827111
0.5808243,0.57804054,0.88712287,0.271742,0.30908233,0.30629855,,,0.2789092,0.27623034,,,0.2891426,0.28378224
0.58972776,0.58086,0.8918704,0.2787174,0.31101036,0.30214262,,,0.274971,0.2864707,,,0.28502214,0.28830338
0.5749358,0.5854366,0.89039576,0.26997662,0.30495918,0.31545997,,,0.2538457,0.26018137,,,0.2773432,0.2830044
0.57972264,0.58141434,0.8914713,0.26966566,0.31005698,0.31174868,,,0.27898693,0.25321132,,,0.2871487,0.28202194
0.5853371,0.5784865,0.8907407,0.2730829,0.3122542,0.3054036,,,0.2951318,0.2850064,,,0.29357064,0.28729492
0.58242464,0.5766388,0.8888475,0.270216,0.31220865,0.30642283,,,0.2793603,0.2491929,,,0.29505342,0.27468348
0.57689565,0.58454466,0.8912963,0.27014405,0.3067516,0.3144006,,,0.28119642,0.2885608,,,0.28594637,0.2922364
0.5855129,0.58145267,0.89177275,0.27519274,0.31032014,0.30625993,,,0.26607364,0.26477355,,,0.28755778,0.2827074
0.5787492,0.5852095,0.89080906,0.2731496,0.30559957,0.31205988,,,0.2810598,0.27645987,,,0.2854408,0.28566474
0.5854527,0.5849974,0.89066356,0.27978653,0.30566615,0.3052109,,,0.28562164,0.29654783,,,0.2904325,0.2944786
0.5743636,0.5917404,0.89013946,0.27596462,0.29839897,0.3157758,,,0.26840287,0.28787613,,,0.27237433,0.29791278
0.5816357,0.5753882,0.8890821,0.26794183,0.31369388,0.30744636,,,0.29408783,0.27993453,,,0.29307294,0.28640544
0.5842082,0.57319784,0.88936234,0.26804376,0.31616443,0.3051541,,,0.27246678,0.251616,,,0.29020405,0.27582705
0.57722974,0.5860379,0.8917248,0.2715428,0.30568695,0.3144951,,,0.27425873,0.26720953,,,0.28163022,0.28966373
0.57713723,0.5822199,0.89066523,0.26869184,0.3084454,0.31352806,,,0.26274312,0.28341353,,,0.28033572,0.2931232
0.58011425,0.5833184,0.88909525,0.27433735,0.3057769,0.30898106,,,0.26431662,0.2746668,,,0.27972203,0.28562492
0.57803893,0.5787251,0.88920695,0.26755708,0.31048185,0.31116802,,,0.26507407,0.25516295,,,0.28310913,0.27858597
0.5710213,0.5720042,0.8889934,0.25403214,0.31698918,0.31797206,,,0.23403418,0.24730617,,,0.27288425,0.2786237
0.5720792,0.5873806,0.8905803,0.26887953,0.30319965,0.31850106,,,0.24370617,0.2784829,,,0.26975882,0.2961492
0.5806433,0.5794053,0.8885605,0.27148813,0.30915517,0.30791718,,,0.26305842,0.2687744,,,0.27588177,0.28073168
0.57935375,0.58287954,0.8946021,0.26763123,0.31172252,0.3152483,,,0.27626693,0.28104,,,0.28724563,0.29151887
0.57951546,0.5863347,0.8911885,0.27466166,0.3048538,0.31167305,,,0.25816762,0.27623093,,,0.27897048,0.2883588
0.58235663,0.5820333,0.8890541,0.27533573,0.3070209,0.30669755,,,0.2557729,0.28877032,,,0.27705938,0.28892612
0.57520187,0.5805335,0.88859975,0.26713562,0.30806625,0.31339788,,,0.26256198,0.27481997,,,0.27899373,0.28445905
0.585003,0.56918794,0.88629025,0.26790076,0.31710225,0.30128717,,,0.27296174,0.27101457,,,0.2961498,0.28115386
0.58115596,0.58293664,0.8884437,0.27564883,0.30550712,0.3072878,,,0.27737683,0.29796547,,,0.28351367,0.2909003
0.5764335,0.5786226,0.88799554,0.26706046,0.30937302,0.31156212,,,0.24846584,0.26651198,,,0.27345723,0.28222877
0.57926357,0.57129645,0.88983124,0.26072878,0.3185348,0.31056768,,,0.24656928,0.24376369,,,0.28086054,0.27553922
0.57421565,0.58230793,0.88884526,0.26767832,0.30653733,0.3146296,,,0.2578063,0.26520836,,,0.27887827,0.2821275
0.581,0.58771384,0.89167255,0.27704126,0.3039587,0.31067258,,,0.27862465,0.29246557,,,0.28762925,0.2983818
0.5881921,0.5792849,0.89089024,0.27658677,0.31160533,0.30269814,,,0.2995401,0.2853983,,,0.30320436,0.28755265
0.5773792,0.57374954,0.8867645,0.26436424,0.31301498,0.3093853,,,0.2645926,0.25649905,,,0.27696908,0.2780862
0.57864803,0.5797365,0.890684,0.26770055,0.31094748,0.31203592,,,0.26598263,0.26757646,,,0.28215617,0.28291816
0.5717212,0.58098197,0.89021343,0.26248974,0.30923146,0.31849223,,,0.25175613,0.266186,,,0.27862114,0.28584075
0.5823121,0.5813768,0.8895692,0.27411968,0.30819243,0.30725712,,,0.27051264,0.24783629,,,0.28398728,0.27896595
0.5761764,0.58152556,0.88939524,0.26830673,0.30786967,0.31321883,,,0.2761799,0.2844808,,,0.28481102,0.28982127
0.5828403,0.57776916,0.8901813,0.27042818,0.31241214,0.30734098,,,0.27048248,0.26652908,,,0.2855215,0.27949154
0.5917936,0.5792283,0.8934245,0.27759743,0.31419617,0.30163085,,,0.29977947,0.27148277,,,0.2971325,0.28071952
0.577155,0.5796244,0.89024407,0.26653534,0.31061965,0.31308907,,,0.27032572,0.25218987,,,0.28182995,0.27515686
0.5805436,0.584041,0.8901148,0.27446985,0.30607373,0.30957115,,,0.25546372,0.24302024,,,0.27643085,0.2789716
0.57923377,0.58282983,0.88918,0.2728836,0.30635017,0.30994624,,,0.27391255,0.24713606,,,0.28653735,0.27878416
0.57945913,0.57721776,0.89071983,0.26595706,0.31350207,0.3112607,,,0.26414806,0.2604164,,,0.2825001,0.281645
0.58214015,0.5790225,0.8895046,0.271658,0.31048214,0.30736452,,,0.2726689,0.28213453,,,0.2873559,0.28750038
0.5793716,0.57223845,0.886208,0.26540202,0.31396955,0.30683643,,,0.24963939,0.24437523,,,0.2746417,0.27407765
0.5870814,0.5887455,0.88989216,0.28593463,0.30114675,0.30281085,,,0.28440577,0.29002458,,,0.2825545,0.29339427
0.5868927,0.57681644,0.8893288,0.2743804,0.31251234,0.30243605,,,0.28209573,0.28112984,,,0.29574203,0.28336805
0.58719176,0.588634,0.8937871,0.28203875,0.305153,0.30659527,,,0.27940786,0.28293794,,,0.28871572,0.28986096
0.5865994,0.58373475,0.8919821,0.27835202,0.3082474,0.30538273,,,0.2716605,0.28874308,,,0.28759146,0.29325986
0.5792265,0.57736087,0.888193,0.26839435,0.31083214,0.30896652,,,0.28043127,0.27571976,,,0.28428602,0.2847545
0.5789161,0.5865334,0.88939613,0.27605337,0.3028627,0.31048006,,,0.26559132,0.28007293,,,0.28339207,0.28808463
0.5842908,0.58024144,0.889883,0.2746492,0.3096416,0.30559224,,,0.2806481,0.29054224,,,0.2875632,0.29131252
0.5846483,0.58805895,0.89040613,0.2823012,0.30234712,0.30575776,,,0.27148128,0.26757556,,,0.281919,0.27985913
0.58548826,0.5821954,0.8900238,0.27765977,0.3078285,0.30453563,,,0.27193177,0.27388406,,,0.28691435,0.28310603
0.58629847,0.5830757,0.8912936,0.27808064,0.30821782,0.30499506,,,0.28538632,0.27700597,,,0.2915169,0.28790247
0.58023256,0.5786736,0.8906019,0.26830435,0.3119282,0.31036925,,,0.27874655,0.27529573,,,0.2871502,0.28532094
0.5805195,0.5802214,0.89059687,0.270144,0.3103755,0.31007743,,,0.2716372,0.2735361,,,0.28797877,0.28347826
0.5753534,0.5833031,0.8888824,0.26977408,0.3055793,0.313529,,,0.25407338,0.26222646,,,0.26855552,0.28126913
0.58099717,0.5764451,0.88954663,0.2678957,0.31310147,0.3085494,,,0.28002065,0.26567322,,,0.28822738,0.27959675
0.58471,0.5775571,0.88687116,0.27539593,0.30931407,0.30216116,,,0.27680928,0.26001012,,,0.2865975,0.2795822
0.5846903,0.58540714,0.8912401,0.27885723,0.30583304,0.3065499,,,0.26232517,0.24209988,,,0.28138423,0.27178544
0.5816041,0.58402306,0.8915189,0.27410835,0.30749577,0.3099147,,,0.26910192,0.27575302,,,0.28177685,0.28720576
0.5807796,0.5741131,0.8873747,0.26751798,0.31326163,0.3065951,,,0.25252926,0.24706459,,,0.2804758,0.27466303
0.5801048,0.58195984,0.8904792,0.27158546,0.30851936,0.31037438,,,0.28810728,0.28059924,,,0.28558892,0.28742188
0.57901824,0.58264506,0.890253,0.2714103,0.30760795,0.31123477,,,0.28245747,0.27361876,,,0.288395,0.28829688
0.58341837,0.57256687,0.88892305,0.2670622,0.31635618,0.30550468,,,0.26901668,0.2628281,,,0.28351474,0.27860612
0.5773159,0.585701,0.89086205,0.27215487,0.30516106,0.31354612,,,0.2531796,0.27663052,,,0.27346689,0.28861475
0.5730311,0.5824783,0.8881576,0.26735187,0.30567926,0.31512642,,,0.2543692,0.26431417,,,0.2700246,0.28380126
0.58497334,0.5792234,0.8901777,0.274019,0.31095433,0.3052044,,,0.27086365,0.25979888,,,0.2870018,0.27750647
0.5789674,0.57447696,0.8890947,0.26434958,0.3146178,0.31012738,,,0.26917976,0.25656813,,,0.28218627,0.27843845
0.5810462,0.57584375,0.89148366,0.26540625,0.31563997,0.3104375,,,0.2802614,0.28801805,,,0.28993726,0.2900039
0.59095335,0.5874146,0.89120513,0.28716284,0.3037905,0.30025178,,,0.29189163,0.26615143,,,0.2863729,0.28031623
0.58408254,0.5828401,0.89214957,0.274773,0.30930954,0.30806708,,,0.28090924,0.3038947,,,0.28937948,0.29679418
0.5794718,0.58726215,0.8898734,0.2768606,0.30261123,0.31040156,,,0.2851094,0.2709862,,,0.29007596,0.284486
0.57913333,0.5701226,0.8887658,0.26049018,0.31864315,0.30963242,,,0.2694062,0.2582947,,,0.2927122,0.27747935
0.5818143,0.5833614,0.8909559,0.27421975,0.30759454,0.30914164,,,0.27309275,0.26546377,,,0.2820484,0.2826239
0.5813421,0.58197594,0.88880354,0.2745145,0.3068276,0.30746144,,,0.24266231,0.24608451,,,0.27644116,0.28093874
0.5727387,0.57698286,0.8879544,0.2617672,0.3109715,0.31521565,,,0.25592667,0.26674187,,,0.27798575,0.2888351
0.57769406,0.5781399,0.88528365,0.2705503,0.30714375,0.3075896,,,0.24467164,0.26436323,,,0.27180958,0.28541434
0.57508403,0.5787543,0.88849175,0.26534665,0.30973738,0.31340766,,,0.24371028,0.25580966,,,0.27099895,0.27932006
0.58761877,0.5733163,0.8874927,0.27344233,0.31417644,0.29987395,,,0.25411755,0.2453286,,,0.28701782,0.26594418
0.5913748,0.5791481,0.8908297,0.27969325,0.31168157,0.29945487,,,0.27846265,0.2675662,,,0.29464167,0.2784589
0.5774262,0.58424884,0.88928944,0.27238554,0.30504066,0.3118633,,,0.26515913,0.27898568,,,0.27752197,0.29002094
0.57576185,0.5783049,0.8879858,0.26608098,0.30968088,0.3122239,,,0.24766672,0.27579957,,,0.27889013,0.28665733
0.5828538,0.57444406,0.8880302,0.26926768,0.31358612,0.30517638,,,0.26927805,0.26630503,,,0.2889626,0.27993506
0.58122194,0.58130395,0.8914328,0.27109307,0.31012887,0.31021088,,,0.2842155,0.25810248,,,0.28932315,0.2800218
0.5830956,0.5825498,0.8915593,0.27408606,0.30900955,0.30846375,,,0.2780835,0.28627127,,,0.281533,0.28434128
0.574459,0.5820651,0.88960195,0.26692224,0.30753678,0.31514287,,,0.25802302,0.2815686,,,0.27600235,0.29366195
0.59001005,0.572556,0.8897738,0.27279228,0.31721777,0.29976374,,,0.26520395,0.24809241,,,0.28643447,0.27334905
0.57914853,0.576866,0.8872535,0.26876092,0.3103876,0.30810505,,,0.25543427,0.25910747,,,0.284433,0.2789755
0.5789054,0.5803193,0.8905275,0.26869726,0.31020814,0.31162202,,,0.26906896,0.2661103,,,0.28549457,0.28208303
0.5839981,0.5805131,0.8905323,0.2739789,0.3100192,0.30653423,,,0.27706856,0.2539602,,,0.2833106,0.2808944
0.58082473,0.5834209,0.88863343,0.27561218,0.30521256,0.3078087,,,0.267425,0.28433287,,,0.2817241,0.2867841
0.58451945,0.5786335,0.89339346,0.26975948,0.31475997,0.308874,,,0.28617507,0.2687946,,,0.2898674,0.2856437
0.58622533,0.5764357,0.8920351,0.27062595,0.31559938,0.30580974,,,0.2725522,0.27630973,,,0.2917478,0.2851702
0.58784497,0.5799518,0.8926185,0.27517837,0.3126666,0.30477345,,,0.30046904,0.2889282,,,0.29707992,0.28917593
0.57486933,0.5782082,0.8897065,0.2633711,0.31149822,0.3148371,,,0.2661026,0.26837867,,,0.28446484,0.29039413
0.58051693,0.5818726,0.8904662,0.2719233,0.30859363,0.30994928,,,0.25903744,0.26400548,,,0.282986,0.28453517
0.57517725,0.5790683,0.8902433,0.26400232,0.31117493,0.31506598,,,0.26274568,0.27290666,,,0.2789737,0.28978133
0.5847485,0.58090305,0.8870246,0.27862698,0.30612153,0.30227607,,,0.2505216,0.26052088,,,0.28127956,0.2774356
0.5835537,0.5770389,0.8880598,0.27253276,0.3110209,0.30450612,,,0.28849506,0.2646771,,,0.2927218,0.27939457
0.58102524,0.5714853,0.8888043,0.2637062,0.31731904,0.30777907,,,0.27199632,0.26336908,,,0.29104072,0.27820832
0.58209765,0.57963467,0.8881307,0.2736016,0.30849606,0.30603307,,,0.28185433,0.27957255,,,0.285119,0.28523868
0.58370924,0.5787542,0.8881995,0.27426392,0.30944532,0.30449027,,,0.26293993,0.26962006,,,0.28583306,0.2833469
0.58707917,0.5824039,0.89103675,0.27844632,0.30863285,0.30395758,,,0.2710176,0.24650925,,,0.2822219,0.27230477
0.5803152,0.5758317,0.8879922,0.26815468,0.3121605,0.30767703,,,0.26079816,0.26867533,,,0.2837578,0.2909953
0.58322,0.5800147,0.8913841,0.2718506,0.31136942,0.30816412,,,0.28836495,0.26743186,,,0.29129064,0.28272563
0.5788342,0.5799709,0.8885109,0.27029425,0.30853993,0.30967665,,,0.24894315,0.27248114,,,0.2734952,0.28620267
0.5886968,0.58155954,0.892074,0.2781824,0.3105144,0.30337715,,,0.2869116,0.28834033,,,0.29335725,0.2898227
0.58531415,0.5842582,0.8912009,0.27837145,0.3069427,0.30588675,,,0.2916361,0.29436886,,,0.2891693,0.29667985
0.58301437,0.5875531,0.891269,0.27929848,0.30371588,0.3082546,,,0.28536755,0.2802863,,,0.28949702,0.28948528
0.58293605,0.58071077,0.88917005,0.27447677,0.30845928,0.306234,,,0.28904575,0.2673896,,,0.28879124,0.28095013
0.58594894,0.58423626,0.8915876,0.2785976,0.30735135,0.30563867,,,0.27384824,0.2607203,,,0.2855904,0.27722424
0.58216864,0.5826272,0.8923311,0.27246475,0.3097039,0.31016243,,,0.2744019,0.27471656,,,0.29002893,0.28532875
0.5868015,0.58408743,0.8914744,0.27941447,0.30738705,0.30467296,,,0.28889322,0.28079748,,,0.29333085,0.28499728
0.58856666,0.5834248,0.88993686,0.2820546,0.30651206,0.3013702,,,0.3078372,0.27910674,,,0.30011106,0.28120303
0.582062,0.5751283,0.8881278,0.26906252,0.3129995,0.3060658,,,0.27752244,0.26636922,,,0.29241896,0.28264308
0.58252704,0.58200383,0.8889451,0.27558577,0.30694127,0.30641806,,,0.27034825,0.26102662,,,0.28733885,0.28111637
0.5745691,0.57567596,0.887902,0.26234305,0.31222606,0.31333292,,,0.2546686,0.25888222,,,0.27379924,0.27805018
0.581712,0.58315116,0.88988125,0.27498186,0.30673015,0.3081693,,,0.30127037,0.2727502,,,0.29589146,0.28753
0.58435786,0.58780783,0.891652,0.28051364,0.3038442,0.3072942,,,0.28315693,0.29982567,,,0.28812551,0.29638803
0.5762329,0.5834187,0.8886813,0.27097034,0.30526257,0.31244838,,,0.27396846,0.27061707,,,0.28573883,0.28666514
0.5757258,0.58037275,0.89076144,0.26533717,0.31038862,0.31503558,,,0.28111416,0.29454392,,,0.287059,0.29444408
0.5825288,0.5822519,0.8914322,0.2733485,0.30918032,0.3089034,,,0.26669252,0.27493244,,,0.2809229,0.28486717
0.5782747,0.57787645,0.890005,0.26614618,0.31212854,0.31173027,,,0.2857523,0.2664339,,,0.28766513,0.2863629
0.5799774,0.5716239,0.88939977,0.26220155,0.31777585,0.30942237,,,0.26594758,0.25555944,,,0.28767365,0.2815435
0.5744736,0.57553935,0.886508,0.26350498,0.31096864,0.31203437,,,0.27596253,0.28652823,,,0.2835006,0.29238802
0.58195966,0.5741844,0.8879384,0.26820576,0.3137539,0.30597866,,,0.27102226,0.27634442,,,0.28592712,0.2825026
0.5703398,0.5744705,0.88676935,0.25804096,0.31229883,0.31642956,,,0.26364338,0.2605068,,,0.2823447,0.28232908
0.58660483,0.5765694,0.8903702,0.27280396,0.31380087,0.30376542,,,0.29636806,0.2768095,,,0.29742151,0.28430992
0.5823726,0.58178604,0.88950586,0.27465272,0.3077199,0.30713332,,,0.28495562,0.26553768,,,0.28585857,0.28075302
0.5778135,0.5874467,0.89090925,0.27435094,0.30346256,0.31309575,,,0.26355648,0.2745893,,,0.27616197,0.29059684
0.57941973,0.5779797,0.8882954,0.269104,0.31031573,0.30887568,,,0.26818782,0.2755409,,,0.28732717,0.2937835
0.58648324,0.58133286,0.88982415,0.277992,0.30849123,0.30334085,,,0.27712148,0.28182513,,,0.29032964,0.2889871
0.5878348,0.5792793,0.89070046,0.27641356,0.31142122,0.30286574,,,0.2786876,0.25441813,,,0.28310138,0.2783224
0.57781744,0.5894551,0.890919,0.27635354,0.3014639,0.3131016,,,0.28073436,0.27143377,,,0.2790984,0.2893688
0.57633543,0.5811302,0.88846207,0.26900363,0.3073318,0.31212658,,,0.26571834,0.28448915,,,0.28564996,0.29403943
0.5865383,0.5846926,0.89104533,0.28018558,0.30635273,0.30450702,,,0.2607512,0.24912167,,,0.2819664,0.2766428
0.5744429,0.5788225,0.8895463,0.2637192,0.31072372,0.3151033,,,0.25957626,0.2510271,,,0.27945977,0.27621156
0.5855787,0.5810486,0.8898939,0.2767334,0.30884528,0.3043152,,,0.2741707,0.26237786,,,0.28763872,0.27877992
0.58109325,0.5856482,0.8873304,0.27941096,0.3016823,0.30623722,,,0.26872373,0.28353,,,0.28407538,0.28829104
0.5749296,0.5747646,0.8864158,0.26327842,0.31165117,0.31148618,,,0.25586832,0.25809127,,,0.28089786,0.28282827
0.5824834,0.579332,0.89183205,0.26998335,0.31250006,0.30934864,,,0.2770416,0.28697723,,,0.29212737,0.29535848
0.58609486,0.57528985,0.8894544,0.27193028,0.31416458,0.30335957,,,0.30202532,0.26023006,,,0.29554528,0.28220755
0.58550835,0.58758307,0.8931849,0.2799065,0.30560184,0.30767655,,,0.28059882,0.29089952,,,0.28779656,0.2890576
0.5870626,0.57523596,0.89025635,0.2720422,0.31502038,0.30319375,,,0.29318583,0.28680032,,,0.29805964,0.28419822
0.5800787,0.58681184,0.89226085,0.27462977,0.30544895,0.31218207,,,0.2731486,0.2927047,,,0.2835043,0.29051846
0.5858259,0.5769859,0.89029825,0.2725135,0.3133124,0.3044724,,,0.29611248,0.2638694,,,0.29371655,0.27745855
0.576414,0.5837785,0.8914827,0.26870978,0.3077042,0.31506872,,,0.26833928,0.2762149,,,0.27834982,0.28962016
0.5807123,0.5849447,0.89042014,0.2752369,0.3054754,0.30970782,,,0.26014906,0.2697503,,,0.28264087,0.28080624
0.58598334,0.5802085,0.8915426,0.2746492,0.31133413,0.30555928,,,0.2795664,0.26756263,,,0.29160428,0.2827608
0.5737326,0.5842502,0.88935137,0.26863146,0.30510116,0.31561875,,,0.2636904,0.28152794,,,0.27773368,0.296771
0.5822607,0.5739631,0.89178926,0.26443452,0.3178262,0.3095286,,,0.28078866,0.26488447,,,0.29167974,0.28144044
0.5789436,0.57382804,0.8881432,0.26462853,0.31431508,0.3091995,,,0.2628364,0.25092083,,,0.28352314,0.27886826
0.573809,0.5797035,0.8890884,0.2644241,0.30938494,0.31527942,,,0.2820046,0.25290102,,,0.2922005,0.279401
0.5844063,0.57919186,0.89048874,0.27310944,0.31129688,0.30608243,,,0.2868951,0.2667294,,,0.29012984,0.28240263
0.5879924,0.57729805,0.8907646,0.27452588,0.31346655,0.30277216,,,0.2652895,0.26934046,,,0.28529215,0.28306383
0.57722014,0.5821602,0.8899856,0.2693947,0.30782545,0.31276548,,,0.2666337,0.27434593,,,0.28393096,0.29069203
0.5781687,0.5763476,0.88779116,0.26672506,0.31144363,0.30962253,,,0.2813834,0.25155818,,,0.28795362,0.28115845
0.57268023,0.5799637,0.88847744,0.26416647,0.30851376,0.3157972,,,0.2506951,0.27094752,,,0.2762586,0.28867185
0.5849911,0.5738313,0.88931453,0.26950788,0.3154832,0.30432343,,,0.26200283,0.26730347,,,0.28422195,0.2863925
0.58271265,0.5784781,0.88757586,0.27361488,0.30909777,0.3048632,,,0.27613765,0.27573526,,,0.288732,0.28415167
0.584785,0.57303274,0.8900832,0.26773453,0.31705046,0.3052982,,,0.26396376,0.25489527,,,0.2859558,0.27793813
0.59024554,0.58121026,0.89207387,0.279382,0.31086355,0.30182827,,,0.31043887,0.28331214,,,0.3035015,0.2862404
0.58454084,0.58247715,0.8918447,0.27517325,0.3093676,0.3073039,,,0.27672404,0.28436518,,,0.28437364,0.29121995
0.5820792,0.5825943,0.88869184,0.2759816,0.30609757,0.30661267,,,0.2669546,0.26968682,,,0.28146428,0.2895943
0.583475,0.5844692,0.89111316,0.27683103,0.30664396,0.30763817,,,0.30775738,0.2819031,,,0.2991125,0.29138458
0.58626735,0.58048266,0.89278364,0.2739663,0.31230104,0.30651635,,,0.2879631,0.25279552,,,0.2971009,0.28072262
0.587978,0.58151674,0.8903184,0.27917635,0.30880165,0.3023404,,,0.2910217,0.2642967,,,0.29233092,0.27879184
0.5864208,0.5780917,0.8903057,0.2742067,0.31221408,0.30388498,,,0.2626117,0.26520967,,,0.28541923,0.2811693
0.5829302,0.5853425,0.8913058,0.27696693,0.30596328,0.3083756,,,0.26874942,0.28322512,,,0.28200424,0.28556806
0.5844047,0.57176155,0.8902981,0.2658682,0.31853652,0.30589336,,,0.2673363,0.26577884,,,0.28638738,0.27507246
0.5825584,0.5849646,0.8909072,0.27661568,0.3059427,0.3083489,,,0.28387994,0.29496735,,,0.28601933,0.29384083
0.5789186,0.5788839,0.88854444,0.26925802,0.30966055,0.30962586,,,0.2668723,0.25681525,,,0.28699338,0.2824248
0.58633924,0.578704,0.88812834,0.2769149,0.30942434,0.3017891,,,0.27642733,0.25954485,,,0.29031026,0.27483356
0.57747304,0.5802687,0.88813615,0.26960564,0.3078674,0.31066304,,,0.2700929,0.26536173,,,0.2828626,0.2836995
0.5850463,0.5857442,0.8918765,0.27891392,0.30613238,0.3068303,,,0.28593117,0.26990998,,,0.29258877,0.28536183
0.5782797,0.5789984,0.8894914,0.26778668,0.310493,0.3112117,,,0.27119207,0.25694698,,,0.2863593,0.27375394
0.5803367,0.5828644,0.88838756,0.27481353,0.30552316,0.30805087,,,0.27702183,0.2769227,,,0.28755772,0.28687352
0.5881418,0.59057975,0.8931468,0.28557473,0.30256706,0.305005,,,0.26755178,0.28041178,,,0.28260565,0.286448
0.57741964,0.5818342,0.8892771,0.26997674,0.3074429,0.31185746,,,0.2547152,0.2684031,,,0.2808451,0.28540766
0.580709,0.579713,0.89028054,0.27014142,0.31056756,0.30957156,,,0.25353724,0.28773987,,,0.27886915,0.28759456
0.5927676,0.570771,0.89136726,0.27217132,0.32059628,0.29859966,,,0.27913463,0.25960612,,,0.30002332,0.27218652
0.58495635,0.58547753,0.8913598,0.27907407,0.30588228,0.30640346,,,0.27945226,0.27140188,,,0.28868693,0.28782606
0.5804086,0.5847005,0.89029944,0.27480972,0.30559886,0.3098908,,,0.27168012,0.28857327,,,0.28565663,0.29298466
0.57447267,0.5755541,0.88988036,0.26014644,0.31432623,0.31540763,,,0.26991564,0.26635832,,,0.2808566,0.28159618
0.57025456,0.5699102,0.88785535,0.2523095,0.31794506,0.31760073,,,0.26757842,0.26054984,,,0.28277558,0.2832603
0.58483005,0.57395774,0.89037156,0.26841617,0.31641388,0.30554157,,,0.28584594,0.2563269,,,0.29494423,0.27752972
0.5870796,0.5781113,0.88934505,0.2758459,0.3112337,0.3022654,,,0.262586,0.2652802,,,0.2850719,0.27910143
0.5879514,0.5812987,0.8923914,0.27685875,0.31109267,0.30443996,,,0.30000556,0.28143513,,,0.302373,0.2882883
0.5928183,0.58658195,0.89246714,0.28693306,0.30588526,0.29964888,,,0.2788775,0.284536,,,0.290496,0.2874024
0.5827883,0.58194107,0.8895974,0.27513194,0.30765635,0.30680913,,,0.27379495,0.2593221,,,0.28600317,0.28276372
0.58420753,0.5860318,0.89028203,0.2799573,0.30425024,0.3060745,,,0.2922256,0.28133076,,,0.28748518,0.28626174
0.5829901,0.57974625,0.89040375,0.27233267,0.31065744,0.30741358,,,0.28572607,0.28888834,,,0.29052222,0.28781688
0.57847273,0.57602215,0.88892496,0.26556993,0.3129028,0.31045222,,,0.26450872,0.26542383,,,0.2858801,0.2878083
0.5842584,0.5754334,0.8893634,0.2703284,0.31392998,0.30510497,,,0.2721544,0.26776057,,,0.28905278,0.28383923
0.5813669,0.5819334,0.8880252,0.27527505,0.30609185,0.30665833,,,0.26985812,0.25885218,,,0.28524297,0.28110677
0.58465755,0.5772313,0.89017785,0.271711,0.31294656,0.3055203,,,0.28430134,0.26337308,,,0.29263455,0.27897346
0.58047587,0.57415444,0.8897225,0.26490778,0.3155681,0.30924666,,,0.27134836,0.25092477,,,0.2850337,0.2770682
0.5844605,0.58854526,0.89109033,0.2819155,0.302545,0.30662978,,,0.29590762,0.29502982,,,0.29530448,0.29485077
0.56683916,0.5828476,0.88975793,0.25992888,0.30691028,0.3229187,,,0.28333884,0.2656368,,,0.28658926,0.2840289
0.57951367,0.58348936,0.88965034,0.27335262,0.30616105,0.31013674,,,0.24357873,0.28070086,,,0.27334857,0.2941785
0.58700657,0.5807634,0.89075214,0.27701777,0.3099888,0.30374563,,,0.2750846,0.28949523,,,0.2890467,0.29385382
0.5848723,0.58264655,0.89276475,0.2747541,0.3101182,0.30789244,,,0.28080207,0.27674598,,,0.29053992,0.29056203
0.5867512,0.57654226,0.8918989,0.2713946,0.3153566,0.30514765,,,0.30361325,0.27123976,,,0.30438548,0.28246278
0.58342,0.5790832,0.8889088,0.27359444,0.30982554,0.30548877,,,0.27046835,0.27883083,,,0.28886193,0.28480548
0.58243304,0.5811831,0.8891694,0.2744468,0.30798626,0.3067363,,,0.2771755,0.2656383,,,0.28751433,0.28080237
0.58632535,0.57943594,0.8913139,0.27444732,0.31187803,0.30498862,,,0.28534794,0.28473014,,,0.29043698,0.287237
0.5900239,0.57497895,0.8879833,0.2770195,0.31300437,0.29795945,,,0.29965502,0.27019835,,,0.29778856,0.2766099
0.57948756,0.57881314,0.89126045,0.2670402,0.31244737,0.31177294,,,0.2551402,0.25807607,,,0.28488666,0.2849776
0.5782299,0.58531344,0.88938886,0.27415448,0.30407542,0.31115896,,,0.2500772,0.27265757,,,0.26801932,0.28644
0.57967037,0.5789944,0.88937724,0.26928747,0.3103829,0.30970693,,,0.24835777,0.27995074,,,0.2724594,0.28125727
0.58299124,0.58298445,0.8905727,0.27540296,0.30758828,0.30758148,,,0.27225286,0.2545995,,,0.2815497,0.27945018
0.5791241,0.5775605,0.89028347,0.26640117,0.31272292,0.3111593,,,0.26714665,0.2563669,,,0.2836588,0.28220487
0.57853425,0.57997996,0.8886585,0.26985574,0.3086785,0.31012422,,,0.27087635,0.2654994,,,0.28514868,0.27932262
0.5886451,0.5761796,0.8913699,0.27345484,0.31519026,0.30272478,,,0.28348243,0.25676924,,,0.29319853,0.27729225
0.5760578,0.5783626,0.88646066,0.2679597,0.30809808,0.31040287,,,0.2635404,0.25967962,,,0.28283232,0.28357172
0.5859259,0.58329487,0.89192015,0.27730054,0.30862534,0.30599433,,,0.28654158,0.27876318,,,0.28999984,0.28523248
0.582475,0.5748341,0.89084584,0.26646322,0.3160118,0.3083709,,,0.2789759,0.25978017,,,0.29492366,0.2785418
0.5821117,0.572233,0.8900643,0.2642805,0.31783122,0.30795252,,,0.26648355,0.26009905,,,0.2888224,0.2728495
0.5762199,0.5775776,0.890864,0.2629335,0.31328642,0.3146441,,,0.26950455,0.27109557,,,0.2857895,0.2858556
0.57675946,0.57871276,0.890431,0.2650413,0.31171817,0.31367147,,,0.27207518,0.26664066,,,0.2803769,0.2824036
0.58308405,0.5768428,0.89122474,0.26870215,0.3143819,0.30814064,,,0.28845996,0.2829196,,,0.2918759,0.28681415
0.58161306,0.5829523,0.89067346,0.27389187,0.3077212,0.30906045,,,0.2716776,0.2690736,,,0.28546947,0.28859687
0.5839813,0.5853553,0.89025486,0.2790817,0.30489957,0.30627358,,,0.2571739,0.2775064,,,0.27960765,0.28644812
0.5796311,0.5826311,0.8900934,0.27216882,0.30746228,0.3104623,,,0.2848274,0.27393717,,,0.29018444,0.28789872
0.5762671,0.57573104,0.88801634,0.26398182,0.3122853,0.31174922,,,0.25302595,0.2858593,,,0.2742957,0.2899241
0.58319527,0.5838659,0.89080024,0.27626085,0.30693442,0.30760503,,,0.30070013,0.27525002,,,0.29321188,0.28349286
0.59067214,0.5818863,0.8884528,0.2841056,0.30656654,0.2977807,,,0.27250004,0.2776404,,,0.29062182,0.28431886
0.58039284,0.5768918,0.8889583,0.26832634,0.3120665,0.30856544,,,0.25377387,0.27895308,,,0.28354055,0.29312897
0.5803648,0.5754701,0.8907163,0.2651186,0.31524622,0.3103515,,,0.2771263,0.2536521,,,0.292661,0.28062278
0.57550204,0.58461344,0.8896077,0.27050775,0.3049943,0.3141057,,,0.25013077,0.2861628,,,0.27394515,0.2916097
0.57748264,0.5779302,0.8898114,0.26560152,0.31188112,0.3123287,,,0.2635386,0.24932373,,,0.28477806,0.27398372
0.583851,0.57615054,0.8902393,0.26976222,0.31408876,0.30638832,,,0.27280968,0.2651139,,,0.28823125,0.28314495
0.57825935,0.5801223,0.8905008,0.26788092,0.31037843,0.31224138,,,0.2847258,0.275728,,,0.28707355,0.28670323
0.5927374,0.57808965,0.8889257,0.28190136,0.31083602,0.2961883,,,0.2788571,0.2575302,,,0.29236388,0.27673852
0.5828259,0.5862634,0.8908685,0.27822083,0.30460507,0.3080426,,,0.2968521,0.2830075,,,0.29455107,0.2894969
0.58013165,0.5804481,0.8906453,0.26993436,0.3101973,0.31051373,,,0.27894706,0.24280345,,,0.28778362,0.27472812
0.5742966,0.5747936,0.8871906,0.2618996,0.312397,0.312894,,,0.25152987,0.25041044,,,0.2805674,0.27512312
0.58616525,0.5760515,0.8889217,0.273295,0.31287026,0.3027565,,,0.27793956,0.26747274,,,0.2820046,0.28178722
0.5777488,0.5860112,0.8887619,0.27499807,0.3027507,0.3110131,,,0.27915823,0.30123973,,,0.28463674,0.29885954
0.5781473,0.58178586,0.8912013,0.26873177,0.30941552,0.31305408,,,0.25754404,0.27614415,,,0.28022516,0.28903484
0.5846291,0.59123135,0.89537513,0.28048527,0.30414385,0.31074607,,,0.2844686,0.29379773,,,0.2873025,0.2901588
0.5785154,0.5800713,0.8884244,0.27016234,0.30835307,0.30990893,,,0.2590574,0.2778113,,,0.28178102,0.29247797
0.58188367,0.5824777,0.8896865,0.27467483,0.30720884,0.30780286,,,0.26110733,0.2761491,,,0.28419864,0.28946495
0.57676136,0.5821089,0.8909984,0.2678718,0.30888957,0.31423712,,,0.2687112,0.2720158,,,0.28082007,0.28669178
0.57882273,0.58293533,0.89136946,0.2703886,0.30843413,0.31254673,,,0.262514,0.263748,,,0.2795607,0.28131628
0.58514965,0.58265865,0.8894295,0.27837878,0.30677086,0.30427986,,,0.26538044,0.2862029,,,0.28172082,0.286956
0.58036935,0.58323014,0.88852787,0.27507162,0.30529773,0.30815852,,,0.26896787,0.26664847,,,0.27768385,0.28229928
0.5887674,0.58212245,0.89302033,0.27786952,0.3108979,0.30425292,,,0.2727989,0.28586483,,,0.29097039,0.28713638
0.57577175,0.5838421,0.8889462,0.27066767,0.30510408,0.31317443,,,0.23647267,0.2558096,,,0.26835155,0.2769549
0.5869601,0.5804771,0.8889855,0.27845168,0.3085084,0.30202544,,,0.28296596,0.26660633,,,0.29034734,0.27916563
0.58625746,0.5794594,0.89138013,0.27433676,0.3119207,0.30512267,,,0.29134685,0.28000116,,,0.29603165,0.2863978
0.5856316,0.5792711,0.8885992,0.27630347,0.30932814,0.3029676,,,0.29713792,0.26730317,,,0.29767084,0.2810971
0.5855654,0.58031404,0.8894224,0.27645707,0.30910832,0.30385697,,,0.2600385,0.27252656,,,0.2819872,0.28274757
0.5822122,0.588238,0.8904349,0.2800153,0.30219692,0.3082227,,,0.26987416,0.2811839,,,0.28288937,0.2924435
0.5788369,0.5651036,0.8890926,0.25484782,0.3239891,0.31025577,,,0.25482804,0.25788623,,,0.2840104,0.27161586
0.5863387,0.58670354,0.890316,0.2827263,0.3036124,0.30397725,,,0.28141528,0.262155,,,0.29003823,0.2809208
0.5809028,0.5804595,0.88913375,0.27222854,0.30867428,0.30823094,,,0.26634485,0.26164192,,,0.2811358,0.2784893
0.5830802,0.58100927,0.8879319,0.27615756,0.3069226,0.3048517,,,0.27805394,0.2718079,,,0.2894975,0.28248674
0.5823872,0.58683056,0.8901071,0.27911073,0.30327648,0.30771983,,,0.26280725,0.29070687,,,0.27985477,0.29065174
0.57917833,0.5777602,0.88784695,0.2690916,0.31008673,0.3086686,,,0.27755898,0.27021557,,,0.2826926,0.279445
0.57779604,0.5742061,0.8891465,0.2628556,0.31494045,0.31135052,,,0.2684332,0.27758187,,,0.28746444,0.28685242
0.58353114,0.5830212,0.8891948,0.27735752,0.30617362,0.3056637,,,0.27255058,0.28263587,,,0.28466874,0.28661245
0.5864123,0.5836516,0.8902008,0.27986318,0.30654913,0.30378842,,,0.2750597,0.26771092,,,0.28711653,0.27702004
0.5724528,0.58446175,0.8887097,0.26820475,0.30424803,0.316257,,,0.27738637,0.28252852,,,0.28046513,0.29491788
0.58373404,0.5735685,0.8895173,0.2677853,0.31594872,0.3057832,,,0.2616102,0.24635601,,,0.28780127,0.27674818
0.5745199,0.5832663,0.88731694,0.2704692,0.30405068,0.31279713,,,0.23540628,0.26871407,,,0.26688415,0.2844581
0.5757878,0.58278453,0.8880799,0.27049243,0.30529535,0.3122921,,,0.2686596,0.26756883,,,0.2834304,0.28559232
0.57820326,0.5758071,0.88910264,0.26490766,0.3132956,0.31089944,,,0.26812094,0.26344126,,,0.28375286,0.28474826
0.5781034,0.57646674,0.88999933,0.26457077,0.31353265,0.31189597,,,0.26957792,0.27002776,,,0.28519768,0.2855363
0.5767955,0.5843078,0.8896932,0.27141005,0.30538547,0.31289774,,,0.25958532,0.27076608,,,0.27665627,0.29026824
0.57464635,0.5815431,0.8885298,0.26765966,0.3069867,0.31388342,,,0.2522382,0.27816826,,,0.27719772,0.2900294
0.58717906,0.5741651,0.88983655,0.27150762,0.31567144,0.30265749,,,0.27560282,0.25347972,,,0.2890827,0.27868974
0.5792867,0.5762526,0.888873,0.2666663,0.3126204,0.3095863,,,0.25690132,0.27238196,,,0.28294027,0.28514093
0.5815703,0.57679754,0.88930774,0.26906013,0.3125102,0.3077374,,,0.2497276,0.25240684,,,0.27687037,0.27854282
0.582957,0.5836647,0.89116555,0.27545613,0.3075009,0.30820858,,,0.26569468,0.27241862,,,0.28154808,0.28220558
0.5904056,0.58288527,0.89120096,0.2820899,0.3083157,0.30079538,,,0.2700466,0.26482213,,,0.287476,0.28679496
0.5898044,0.58206296,0.89286447,0.2790029,0.3108015,0.30306005,,,0.2872228,0.27308154,,,0.29200447,0.27814198
0.58267987,0.58022606,0.8899008,0.27300513,0.30967474,0.30722094,,,0.25949174,0.26848048,,,0.28151208,0.2831958
0.57773066,0.5773569,0.88889045,0.26619703,0.31153363,0.31115985,,,0.2742806,0.2673341,,,0.2894115,0.28492576
0.58404124,0.5841836,0.8909013,0.27732348,0.30671775,0.3068601,,,0.27582413,0.26806623,,,0.2883957,0.28452468
0.5762583,0.5869061,0.88865775,0.27450663,0.30175167,0.31239945,,,0.27050298,0.30151254,,,0.28165632,0.3018151
0.5790018,0.5797733,0.8903173,0.26845777,0.310544,0.31131554,,,0.25513208,0.25487065,,,0.28194714,0.282611
0.58220255,0.57402426,0.88852125,0.26770562,0.31449693,0.30631864,,,0.27553827,0.2495873,,,0.29299712,0.27335232
0.581167,0.57732487,0.89063203,0.26785982,0.31330717,0.30946505,,,0.28787494,0.28429347,,,0.291404,0.29411113
0.5885246,0.58974046,0.89143646,0.28682864,0.30169594,0.30291182,,,0.27963907,0.2743919,,,0.28213388,0.2822593
0.581265,0.5897355,0.89376754,0.27723294,0.30403203,0.31250256,,,0.2738886,0.29235274,,,0.28028876,0.29261714
0.58823526,0.5792563,0.8889645,0.27852708,0.30970818,0.30072922,,,0.2907133,0.2703718,,,0.2950583,0.27720314
0.5835748,0.5811577,0.89203495,0.2726975,0.31087726,0.30846018,,,0.27400494,0.27693915,,,0.28983825,0.28519487
0.5796674,0.5892345,0.88951063,0.2793913,0.3002761,0.30984318,,,0.2838171,0.27827185,,,0.285017,0.29319733
0.57986426,0.58289945,0.8904312,0.2723325,0.30753177,0.31056696,,,0.27460796,0.26271588,,,0.28454673,0.28100127
0.573897,0.5774936,0.88804924,0.2633413,0.3105557,0.3141523,,,0.2512859,0.25842232,,,0.27613884,0.2816906
0.571085,0.58189505,0.891086,0.2618941,0.30919087,0.32000095,,,0.2629851,0.27253413,,,0.27732444,0.29306918
0.58401453,0.5846406,0.8907489,0.27790624,0.3061083,0.30673438,,,0.26817816,0.2651016,,,0.2866428,0.28452158
0.58649457,0.5834226,0.89293426,0.27698284,0.30951172,0.30643976,,,0.27466995,0.2578448,,,0.28382635,0.27521372
0.5795605,0.5850054,0.89027345,0.27429247,0.30526805,0.31071293,,,0.28309894,0.27067173,,,0.29038787,0.28864092
0.5846733,0.5825716,0.8928861,0.2743588,0.31031448,0.30821282,,,0.28701937,0.30306476,,,0.28766727,0.29882216
0.5875097,0.5850234,0.8904247,0.2821083,0.30540138,0.3029151,,,0.27372408,0.26311034,,,0.28725106,0.28022218
0.57666016,0.5752452,0.8879022,0.2640031,0.31265706,0.3112421,,,0.26473856,0.24211973,,,0.28752196,0.2775696
0.58578694,0.5824802,0.89215064,0.2761165,0.30967045,0.3063637,,,0.27507293,0.27726865,,,0.2867542,0.28927857
0.5851433,0.5807695,0.88857013,0.27734274,0.3078006,0.30342674,,,0.29139978,0.27831465,,,0.2954797,0.28827858
0.57608616,0.5768473,0.889321,0.26361245,0.3124737,0.31323487,,,0.26242834,0.27886558,,,0.28353083,0.29163945
0.5882286,0.5728217,0.890774,0.2702763,0.31795228,0.30254537,,,0.25626135,0.25502235,,,0.2856707,0.2755736
0.58257234,0.5794944,0.88919806,0.27286863,0.3097037,0.30662578,,,0.28386003,0.27473032,,,0.29090112,0.2894212
0.58312047,0.5792476,0.8907484,0.27161968,0.3115008,0.30762792,,,0.2972666,0.28681463,,,0.30047315,0.2938227
0.5798166,0.5803633,0.8905318,0.26964808,0.3101685,0.3107152,,,0.26541483,0.2772609,,,0.28213006,0.28390986
0.5892,0.5758083,0.89094216,0.27406615,0.31513387,0.30174214,,,0.27360559,0.27882993,,,0.28872973,0.28532392
0.5821123,0.5825608,0.88942206,0.27525103,0.30686128,0.30730975,,,0.27452928,0.2771448,,,0.28667766,0.28846127
0.5849241,0.58763146,0.8922325,0.2803231,0.304601,0.30730838,,,0.29290432,0.28474623,,,0.29051065,0.2889812
0.5825417,0.58438104,0.89137834,0.27554446,0.30699724,0.30883658,,,0.2602759,0.2622552,,,0.27883106,0.28548175
0.5845376,0.5847498,0.8908599,0.27842754,0.30611008,0.30632228,,,0.27683765,0.26761317,,,0.2879848,0.2741496
0.5846729,0.5808,0.8914924,0.27398056,0.31069237,0.30681944,,,0.2873047,0.3034994,,,0.29180503,0.2947349
0.58178437,0.57857025,0.8900362,0.2703184,0.31146598,0.30825186,,,0.2567541,0.24745989,,,0.27733725,0.27297944
0.5795257,0.5760509,0.89070994,0.26486665,0.31465906,0.31118423,,,0.26406956,0.27792364,,,0.28514493,0.28741753
0.580568,0.5889635,0.8897708,0.27976078,0.30080724,0.30920273,,,0.25233978,0.28047413,,,0.2745313,0.29004186
0.5822171,0.58319044,0.8915742,0.27383333,0.30838376,0.3093571,,,0.3080548,0.27750665,,,0.2998917,0.2891791
0.5770682,0.57982945,0.8904101,0.26648754,0.31058067,0.31334192,,,0.27436787,0.27398127,,,0.28261733,0.2885794
0.587543,0.58451927,0.8909587,0.28110355,0.30643946,0.30341572,,,0.27046818,0.28158253,,,0.28260756,0.2904098
0.57655764,0.5825436,0.8888977,0.27020353,0.3063541,0.31234008,,,0.2489838,0.27132082,,,0.2755525,0.2884974
0.57692266,0.585544,0.8907021,0.27176452,0.30515814,0.31377947,,,0.2697267,0.29134792,,,0.28252524,0.2969088
0.57887435,0.57671994,0.89157724,0.2640171,0.31485724,0.31270283,,,0.2595837,0.25724912,,,0.2819485,0.27629924
0.58564276,0.58208793,0.8905413,0.27718937,0.30845338,0.30489856,,,0.29086077,0.2769274,,,0.2944951,0.28685093
0.5746938,0.5900116,0.89104676,0.27365863,0.30103517,0.31635296,,,0.265409,0.27970827,,,0.27782863,0.2883373
0.5845268,0.5730077,0.8890777,0.26845676,0.31607002,0.30455095,,,0.2776125,0.28341186,,,0.29006112,0.2854548
0.58893454,0.5757685,0.8882588,0.2764442,0.31249034,0.29932427,,,0.2683987,0.23305261,,,0.2871006,0.26715052
0.57977664,0.579121,0.8925987,0.26629895,0.3134777,0.31282204,,,0.26814055,0.28461266,,,0.28912538,0.2923339
0.589342,0.5843146,0.8918702,0.28178638,0.30755562,0.3025282,,,0.28294283,0.27296895,,,0.29259783,0.28217506
0.585456,0.5662633,0.8862171,0.2655022,0.3199538,0.3007611,,,0.26803356,0.23721236,,,0.2886185,0.26514423
0.5813167,0.5767544,0.8900513,0.26801974,0.31329697,0.30873466,,,0.28809965,0.26145673,,,0.29421192,0.28327662
0.564463,0.5731081,0.8870519,0.25051922,0.3139438,0.32258886,,,0.24733752,0.24668092,,,0.2730348,0.277726
0.5814429,0.5841818,0.8899039,0.27572072,0.30572218,0.30846107,,,0.26981354,0.25924927,,,0.28330076,0.279109
0.58737004,0.57444024,0.8898342,0.27197605,0.31539398,0.3024642,,,0.28034884,0.26600426,,,0.2920817,0.2785021
0.57842267,0.5836547,0.8906001,0.27147734,0.30694532,0.31217736,,,0.26770842,0.30612373,,,0.28536594,0.3059718
0.583694,0.58201146,0.8900698,0.27563566,0.30805832,0.3063758,,,0.28030246,0.29154187,,,0.29238963,0.291911
0.5746571,0.58268,0.88808286,0.2692542,0.30540287,0.31342578,,,0.2550931,0.2864927,,,0.28011692,0.2937544
0.5801412,0.5851556,0.8892514,0.27604538,0.3040958,0.30911022,,,0.27229476,0.26936036,,,0.28492725,0.28381705
0.5787171,0.57807183,0.88938826,0.26740068,0.31131643,0.31067115,,,0.24362594,0.2652651,,,0.27662158,0.285177
0.5773705,0.5794931,0.8896969,0.2671668,0.31020373,0.3123263,,,0.27436078,0.27537662,,,0.28291243,0.28919572
0.57179725,0.58566415,0.88977647,0.26768494,0.30411232,0.31797922,,,0.26596004,0.26585537,,,0.2770036,0.28838116
0.5886822,0.5898218,0.8921839,0.2863201,0.30236208,0.30350173,,,0.27611953,0.29202956,,,0.28542542,0.28734177
0.57577366,0.5725399,0.8879211,0.26039243,0.31538123,0.3121475,,,0.2663709,0.24117053,,,0.28804362,0.27054828
0.5816268,0.5820013,0.8869659,0.27666223,0.30496454,0.3053391,,,0.26661777,0.267707,,,0.2825091,0.28265595
0.5800608,0.5801163,0.89043677,0.26974022,0.31032056,0.31037605,,,0.269453,0.26865214,,,0.28767717,0.2847572
0.5785357,0.574638,0.8878956,0.2652781,0.31325758,0.3093599,,,0.27691478,0.26309514,,,0.289033,0.28199935
0.58459044,0.58308923,0.89145017,0.2762295,0.30836093,0.30685973,,,0.28753,0.28832406,,,0.29060322,0.28920782
0.58003604,0.58157617,0.8914504,0.27016187,0.30987418,0.3114143,,,0.28144407,0.26408643,,,0.2890995,0.28305995
0.5801563,0.5810292,0.892539,0.26864648,0.31150985,0.3123827,,,0.27397662,0.28646404,,,0.29053563,0.29338068
0.58461386,0.58106863,0.8896387,0.27604383,0.30857003,0.3050248,,,0.27060592,0.27264285,,,0.28114402,0.27949524
0.5805448,0.57034576,0.88797146,0.26291913,0.3176257,0.30742663,,,0.28790492,0.25906754,,,0.29625553,0.27869588
0.58105576,0.5816725,0.8894523,0.27327603,0.30777973,0.30839646,,,0.28850788,0.29515004,,,0.29524904,0.2948255
0.58689237,0.57375115,0.8880523,0.2725913,0.31430107,0.30115986,,,0.26120746,0.2681452,,,0.28196335,0.2768885
0.594419,0.5776596,0.89366794,0.27841067,0.31600833,0.29924893,,,0.2932635,0.27609146,,,0.30050582,0.28669417
0.5739318,0.5832033,0.8883995,0.26873565,0.30519617,0.31446767,,,0.2358312,0.28902507,,,0.2708155,0.2957222
0.5875278,0.5728087,0.88968587,0.27065063,0.3168772,0.30215806,,,0.27915365,0.25498748,,,0.29250073,0.2724656
0.58169127,0.5814004,0.8888341,0.27425754,0.30743372,0.30714285,,,0.25968754,0.2643537,,,0.28084767,0.2843055
0.58760834,0.5765662,0.8886984,0.27547616,0.31213218,0.30109006,,,0.26715642,0.24510944,,,0.28663927,0.2739035
0.5853593,0.5848597,0.8910307,0.27918822,0.30617106,0.3056715,,,0.27443945,0.2876212,,,0.28573972,0.2925018
0.58456486,0.5748968,0.8882612,0.27120054,0.31336433,0.30369627,,,0.28176588,0.2696445,,,0.29186118,0.27624696
0.5871316,0.5907263,0.8917619,0.28609598,0.30103564,0.30463034,,,0.27209383,0.2769788,,,0.28605187,0.28961313
0.5902302,0.58819354,0.8915857,0.28683805,0.30339217,0.30135548,,,0.28123724,0.28116214,,,0.29199868,0.290793
0.5863365,0.58731854,0.88920516,0.28444988,0.30188662,0.30286866,,,0.28106123,0.2676633,,,0.28558534,0.28195524
0.5827546,0.5881871,0.8926814,0.2782603,0.30449432,0.3099268,,,0.28150165,0.27720284,,,0.2884652,0.2873913
0.5850533,0.5844012,0.89245075,0.27700382,0.3080495,0.30739737,,,0.28166258,0.27043003,,,0.2886808,0.2856776
0.57900965,0.58308244,0.8897892,0.27230287,0.3067068,0.31077957,,,0.2678156,0.26633936,,,0.27980882,0.28436917
0.58319545,0.5806856,0.8898736,0.27400744,0.309188,0.30667818,,,0.28999126,0.27504903,,,0.2931118,0.2871024
0.5852728,0.5776166,0.8886909,0.27419847,0.31107432,0.3034181,,,0.26807004,0.26357514,,,0.28816944,0.2808795
0.578952,0.57802725,0.88957614,0.2674032,0.31154883,0.31062406,,,0.27389163,0.2706601,,,0.28593665,0.28886873
0.5778773,0.58660555,0.8915587,0.27292413,0.30495316,0.31368142,,,0.28504688,0.2799443,,,0.290209,0.29185605
0.58730155,0.57768065,0.8901693,0.27481288,0.31248868,0.30286777,,,0.27117085,0.26849467,,,0.28754216,0.28155535
0.57732826,0.58488536,0.8913208,0.27089274,0.30643553,0.31399262,,,0.2549882,0.2580496,,,0.27217245,0.27854067
0.5908862,0.58233654,0.89005363,0.28316915,0.30771703,0.2991674,,,0.29090655,0.26370436,,,0.2943102,0.27742302
0.5738238,0.58285046,0.8894583,0.26721597,0.30660784,0.3156345,,,0.25698864,0.25854176,,,0.27786052,0.28384912
0.5819237,0.57563686,0.88991004,0.26765054,0.31427318,0.30798632,,,0.28198618,0.27239877,,,0.29006785,0.28146714
0.57655495,0.58190274,0.8897579,0.26869988,0.30785507,0.31320286,,,0.27946484,0.25745416,,,0.2884509,0.28219146
0.58039474,0.58556265,0.8918261,0.27413136,0.3062634,0.3114313,,,0.2807088,0.29026973,,,0.2933312,0.292903
0.58444214,0.5765259,0.8876024,0.27336568,0.31107646,0.30316025,,,0.26888156,0.2682852,,,0.28618318,0.28030694
0.5813093,0.57610583,0.8900083,0.26740688,0.31390244,0.30869895,,,0.26925778,0.24907899,,,0.29234195,0.2784468
0.58413017,0.58112067,0.8890253,0.2762255,0.30790466,0.30489516,,,0.28158593,0.2439788,,,0.28881347,0.27208906
0.57769704,0.5841521,0.88992965,0.2719195,0.30577755,0.3122326,,,0.26695526,0.2497629,,,0.2778324,0.27240664
0.5782026,0.5755576,0.8866115,0.26714867,0.31105393,0.30840892,,,0.24681228,0.26643497,,,0.27341098,0.28170162
0.5783293,0.57010067,0.88855064,0.25987935,0.31844997,0.3102213,,,0.28533375,0.26631832,,,0.28901732,0.27969855
0.5816064,0.5787003,0.89057344,0.26973325,0.31187314,0.30896705,,,0.2614864,0.26722562,,,0.28088254,0.28278196
0.58782077,0.5768255,0.89098454,0.27366173,0.31415904,0.30316377,,,0.28678423,0.26636058,,,0.29786986,0.27802843
0.58401465,0.57849777,0.8898836,0.27262884,0.3113858,0.30586892,,,0.26136762,0.26822865,,,0.285995,0.2808985
0.57767355,0.5771263,0.8887511,0.26604885,0.3116247,0.31107748,,,0.26850176,0.27906674,,,0.28753936,0.28128678
0.57314134,0.57465494,0.8893187,0.25847757,0.31466377,0.31617737,,,0.24534291,0.2501406,,,0.2733491,0.27717328
0.58028865,0.58407915,0.89089894,0.27346885,0.3068198,0.3106103,,,0.27845448,0.31213897,,,0.28534043,0.2985757
0.57316434,0.5806091,0.89015305,0.26362038,0.30954397,0.3169887,,,0.28038305,0.25163144,,,0.2851568,0.2766173
0.5832578,0.5869007,0.8914941,0.2786644,0.30459338,0.3082363,,,0.2789101,0.28530598,,,0.2861861,0.2936375
0.58367324,0.5858166,0.89256155,0.2769283,0.30674493,0.30888832,,,0.29265678,0.28439152,,,0.28854358,0.28965187
0.5834602,0.5794205,0.89126974,0.27161092,0.3118493,0.3078096,,,0.26745212,0.27225363,,,0.2803079,0.28320128
0.5805302,0.5689353,0.8887181,0.26074743,0.3197828,0.30818784,,,0.24197972,0.2521128,,,0.27562004,0.27425843
0.58223915,0.5860982,0.89016926,0.27816808,0.30407107,0.3079301,,,0.27039313,0.27609694,,,0.28500444,0.28361893
0.5764531,0.5857055,0.8886495,0.2735091,0.302944,0.31219643,,,0.25191748,0.25614077,,,0.2759084,0.28354454
0.5776119,0.5843544,0.89198107,0.26998526,0.30762666,0.31436914,,,0.28726292,0.29637748,,,0.2890706,0.29829568
0.5801819,0.5827982,0.8889467,0.27403337,0.30614853,0.30876482,,,0.26476622,0.2698235,,,0.27450162,0.28468877
0.58169925,0.5734092,0.88918376,0.2659247,0.31577456,0.3074845,,,0.26881015,0.27676713,,,0.2942335,0.28626454
0.5782323,0.58060455,0.8914757,0.26736116,0.31087112,0.3132434,,,0.29113477,0.26377273,,,0.29146278,0.28265756
0.57705724,0.58351696,0.88953966,0.27103454,0.3060227,0.31248242,,,0.25014532,0.26965523,,,0.27559018,0.28338927
0.577344,0.5768963,0.89008695,0.26415342,0.31319058,0.3127429,,,0.2671501,0.2650851,,,0.28549343,0.2829435
0.5752697,0.57866526,0.8883741,0.26556087,0.30970883,0.3131044,,,0.25665736,0.2722293,,,0.27593744,0.2850353
0.5785066,0.57451475,0.88859516,0.26442617,0.31408042,0.31008857,,,0.274337,0.26414037,,,0.28716737,0.2817682
0.5841948,0.57830834,0.8883115,0.27419162,0.31000316,0.30411673,,,0.26517433,0.2663237,,,0.28178132,0.28148425
0.5800265,0.58010876,0.88948685,0.27064842,0.3093781,0.30946034,,,0.27306128,0.27630687,,,0.2819727,0.28428042
0.58542776,0.57778454,0.8896429,0.2735694,0.31185836,0.30421513,,,0.2779563,0.26405573,,,0.28701192,0.2773581
0.57285964,0.5860379,0.88776374,0.27113378,0.30172586,0.3149041,,,0.26665235,0.2873736,,,0.28028423,0.29407388
0.584247,0.57898426,0.88945377,0.27377748,0.3104695,0.30520678,,,0.25750136,0.26412863,,,0.28851634,0.27926672
0.58301187,0.57918024,0.8902549,0.2719372,0.31107467,0.30724305,,,0.252728,0.28765684,,,0.27985466,0.28922367
0.5806464,0.5782481,0.88781136,0.27108318,0.30956322,0.3071649,,,0.260585,0.2767018,,,0.27849835,0.28208315
0.58174574,0.58131504,0.89054346,0.27251732,0.30922842,0.30879772,,,0.25260776,0.26804638,,,0.27504218,0.2861216
0.5859678,0.5862678,0.8923414,0.27989423,0.30607355,0.3063736,,,0.27562135,0.2813964,,,0.28883266,0.29009193
0.58132994,0.58237064,0.8902701,0.27343047,0.30789948,0.30894017,,,0.26463294,0.27565104,,,0.2819162,0.28197497
0.57961655,0.5805241,0.88909507,0.27104557,0.30857098,0.30947852,,,0.27572072,0.28543335,,,0.2905628,0.29039687
0.57949877,0.5767782,0.89091945,0.2653575,0.31414127,0.31142068,,,0.27465075,0.28557515,,,0.28820682,0.29248172
0.5824841,0.5844959,0.89104867,0.27593136,0.30655277,0.30856454,,,0.27806586,0.28377867,,,0.28533596,0.2843963
0.57698536,0.5770024,0.8901007,0.26388705,0.3130983,0.31311536,,,0.27229202,0.26324487,,,0.2861529,0.28546
0.57431424,0.5785077,0.8877318,0.26509023,0.309224,0.3134175,,,0.27021557,0.28019756,,,0.28276247,0.29307556
0.5838231,0.58321,0.89084595,0.27618712,0.30763596,0.30702287,,,0.26668662,0.2729684,,,0.28491694,0.28495246
0.5753714,0.57461214,0.8880845,0.26189905,0.31347233,0.3127131,,,0.2803141,0.25726265,,,0.2843346,0.28216153
0.58708405,0.58133173,0.8889878,0.279428,0.30765605,0.30190372,,,0.2678005,0.25063515,,,0.28050655,0.2726336
0.5776189,0.5836283,0.89205945,0.2691878,0.3084311,0.3144405,,,0.25380415,0.27556187,,,0.28032333,0.28941357
0.5833062,0.5791367,0.8899761,0.27246684,0.31083935,0.3066699,,,0.2512939,0.2588033,,,0.2721846,0.27886683
0.5862795,0.5776961,0.89001447,0.27396113,0.31231838,0.30373496,,,0.29271615,0.2924142,,,0.29516244,0.2916882
0.58745766,0.5793253,0.8914195,0.2753635,0.31209415,0.3039618,,,0.2864924,0.2704032,,,0.29508132,0.28062516
0.57772684,0.5810232,0.89047605,0.268274,0.30945283,0.3127492,,,0.27225083,0.2592978,,,0.2825724,0.28034842
0.5834124,0.58001184,0.8892889,0.27413535,0.30927706,0.3058765,,,0.27287626,0.24926597,,,0.28373492,0.27361
0.5793324,0.58215755,0.88985217,0.2716378,0.3076946,0.31051975,,,0.2589681,0.27895927,,,0.27911133,0.29009998
0.574132,0.5766074,0.88924116,0.26149827,0.31263375,0.31510913,,,0.26841182,0.26766008,,,0.2845708,0.28575164
0.5846581,0.5775597,0.8912621,0.27095574,0.31370234,0.30660397,,,0.27103567,0.29045713,,,0.2804281,0.28792733
0.5788033,0.5756088,0.8908359,0.26357615,0.31522715,0.31203264,,,0.28021514,0.24961013,,,0.28688502,0.27477437
0.57533526,0.5761094,0.88678265,0.26466203,0.31067324,0.31144738,,,0.2748438,0.26096433,,,0.28488928,0.28289485
0.585309,0.58046657,0.8903148,0.27546072,0.3098483,0.30500585,,,0.2928204,0.28472275,,,0.29122245,0.2846669
0.5792752,0.58274925,0.8887023,0.27332222,0.30595297,0.30942702,,,0.23099321,0.25394905,,,0.2649204,0.27492547
0.5863944,0.5775322,0.89129835,0.27262825,0.31376618,0.30490392,,,0.29384965,0.26241386,,,0.2913816,0.2763039
0.5868844,0.5833012,0.8903005,0.27988505,0.30699933,0.30341613,,,0.2676946,0.2706173,,,0.2852108,0.28519362
0.5758932,0.5740881,0.88917756,0.2608037,0.31508952,0.3132844,,,0.2487315,0.24712932,,,0.27771765,0.27805626
0.5854137,0.5851803,0.8904116,0.28018236,0.30523133,0.30499792,,,0.2753471,0.28202105,,,0.28158784,0.2905056
0.5797838,0.58500683,0.891835,0.27295566,0.30682814,0.31205118,,,0.28653097,0.29895175,,,0.28939462,0.2957877
0.5740969,0.58135,0.88927317,0.26617384,0.30792308,0.3151762,,,0.27262127,0.2758276,,,0.28456163,0.28806388
0.58312225,0.58716565,0.8908074,0.27948046,0.3036418,0.3076852,,,0.2820416,0.25419647,,,0.28716266,0.27648354
0.5830883,0.58551764,0.8902759,0.27833003,0.30475825,0.30718762,,,0.28629297,0.2792334,,,0.28910118,0.2861979
0.5771644,0.58292806,0.88858765,0.27150482,0.3056596,0.31142324,,,0.27233464,0.279693,,,0.28134412,0.2892539
0.5803312,0.57916987,0.8883097,0.27119136,0.30913985,0.3079785,,,0.263609,0.24098659,,,0.2833652,0.27211112
0.5760639,0.57859284,0.8893279,0.26532876,0.3107351,0.31326407,,,0.270508,0.27595592,,,0.2849365,0.28811067
0.57749796,0.5723102,0.8883258,0.26148236,0.3160156,0.31082785,,,0.28826338,0.26521564,,,0.29815412,0.2823233
0.57706106,0.58078974,0.88757384,0.2702769,0.30678415,0.31051284,,,0.28277338,0.26938218,,,0.2878065,0.28583366
0.572641,0.58204985,0.88925683,0.26543403,0.307207,0.31661582,,,0.2633918,0.2726915,,,0.27992016,0.28841233
0.5755789,0.5773139,0.8859481,0.2669447,0.30863422,0.3103692,,,0.25724906,0.2790923,,,0.27910012,0.2910763
0.5836998,0.57593834,0.88926375,0.27037442,0.3133254,0.30556393,,,0.26684755,0.2754209,,,0.28308284,0.2837628
0.5856799,0.5787742,0.88952893,0.27492517,0.31075472,0.30384904,,,0.2578532,0.25189513,,,0.28043264,0.27402437
0.5793749,0.5852017,0.88823146,0.27634507,0.30302984,0.3088566,,,0.27000737,0.27339047,,,0.28324038,0.2864316
0.57549644,0.5798803,0.8880277,0.26734895,0.3081475,0.31253135,,,0.26903784,0.2722141,,,0.28580195,0.28722274
0.58240145,0.5795027,0.88946176,0.27244234,0.3099591,0.30706036,,,0.27469808,0.26663393,,,0.28251272,0.28615838
0.5826223,0.5794435,0.88968205,0.2723837,0.3102386,0.30705982,,,0.2705766,0.26084852,,,0.28639275,0.27773702
0.58117425,0.57564974,0.88811505,0.26870894,0.3124653,0.3069408,,,0.261653,0.27655637,,,0.27284378,0.28043634
0.5870769,0.58372307,0.89236915,0.27843082,0.30864608,0.30529225,,,0.27973765,0.28940135,,,0.2899928,0.28855813
0.5837317,0.5820914,0.88806987,0.27775323,0.30597848,0.30433816,,,0.26151437,0.26227325,,,0.27891046,0.2785325
0.58652663,0.5791992,0.89224696,0.27347887,0.31304777,0.30572033,,,0.28168285,0.27754623,,,0.2895481,0.28686303
0.5783764,0.5758233,0.88682836,0.26737136,0.31100506,0.30845195,,,0.26961172,0.2687319,,,0.28621876,0.2844711
0.5836189,0.5818167,0.8916961,0.27373946,0.30987942,0.30807722,,,0.25700885,0.2802732,,,0.27574897,0.28656662
0.5801836,0.58303654,0.8873315,0.27588868,0.30429494,0.30714786,,,0.27155173,0.26596904,,,0.2824602,0.27923858
0.58156395,0.5826422,0.8903734,0.27383274,0.3077312,0.30880946,,,0.2513253,0.2778511,,,0.2788027,0.29072684
0.5756607,0.585522,0.8891016,0.27208102,0.3035797,0.31344098,,,0.2778011,0.27141827,,,0.27962136,0.28371412
0.5847434,0.5880444,0.89140964,0.28137815,0.30336523,0.30666625,,,0.2762286,0.29419768,,,0.28497672,0.29227245
0.5794088,0.58183223,0.88854414,0.2726969,0.3067119,0.30913532,,,0.29706538,0.2810548,,,0.291947,0.29177332
0.5776402,0.5725324,0.88578147,0.26439112,0.31324905,0.3081413,,,0.26134044,0.25340265,,,0.28407484,0.27587372
0.5809692,0.5762399,0.88975185,0.2674573,0.3135119,0.30878258,,,0.2624004,0.28306836,,,0.28160697,0.29330045
0.5849846,0.5838671,0.89108855,0.27776307,0.30722153,0.306104,,,0.2832077,0.2745613,,,0.2876622,0.2819553
0.5818714,0.5775138,0.8904549,0.26893032,0.31294107,0.3085835,,,0.26302606,0.25534528,,,0.28086227,0.27421492
0.57935786,0.58162487,0.8893654,0.27161735,0.3077405,0.3100075,,,0.2641086,0.2834645,,,0.2816527,0.28883326
0.580327,0.5868222,0.8886185,0.27853066,0.30179632,0.30829155,,,0.27443188,0.2741722,,,0.27875084,0.27872884
0.5817337,0.5691734,0.89027935,0.2606277,0.32110602,0.3085457,,,0.296449,0.25585198,,,0.30258876,0.27428037
0.5818492,0.5887338,0.88913053,0.28145248,0.30039674,0.30728132,,,0.281012,0.28252047,,,0.2810241,0.28602636
0.58042926,0.589512,0.8931436,0.2767976,0.30363166,0.3127144,,,0.2616712,0.29938293,,,0.27754462,0.29482436
0.58021295,0.57899123,0.89426845,0.2649358,0.31527716,0.31405544,,,0.28131843,0.27899688,,,0.2899714,0.2900192
0.5836193,0.5832522,0.8912437,0.27562785,0.30799145,0.30762434,,,0.25855213,0.28281617,,,0.2775845,0.28671426
0.58481956,0.5854486,0.8907476,0.27952057,0.30529898,0.30592805,,,0.28004777,0.28870153,,,0.28983057,0.29029733
0.5837556,0.58118707,0.89034843,0.2745943,0.3091613,0.30659276,,,0.26248753,0.28116184,,,0.28931504,0.2875864
0.58365846,0.58108616,0.8907085,0.2740361,0.30962235,0.30705005,,,0.27246726,0.27048516,,,0.28442103,0.28569412
0.58169574,0.57937974,0.890108,0.27096748,0.31072825,0.30841225,,,0.24746919,0.24928814,,,0.27610505,0.27687323
0.59041524,0.57685786,0.8898383,0.27743477,0.31298047,0.2994231,,,0.2992574,0.26114964,,,0.30298477,0.2763887
0.5758849,0.58342665,0.8885136,0.2707979,0.30508697,0.31262875,,,0.2710166,0.2753564,,,0.28312355,0.28421438
0.57820773,0.5811266,0.8890245,0.2703098,0.30789793,0.31081676,,,0.26612425,0.28424537,,,0.28112304,0.2853853
0.579985,0.590145,0.8911157,0.2790143,0.30097073,0.3111307,,,0.27246338,0.2849201,,,0.28404164,0.29429078
0.59343666,0.5811139,0.8900525,0.28449804,0.30893862,0.29661584,,,0.30598372,0.27049738,,,0.3021552,0.2788579
0.5795015,0.5759319,0.8900229,0.26541054,0.31409097,0.31052136,,,0.27763128,0.2551422,,,0.29086995,0.27995002
0.5891958,0.57534134,0.888581,0.2759562,0.31323957,0.29938513,,,0.27513814,0.25622678,,,0.29080403,0.27532053
0.58463013,0.5831013,0.89046013,0.27727127,0.30735886,0.30583,,,0.26463002,0.2706834,,,0.28597194,0.2853992
0.58554715,0.5863518,0.8913266,0.28057235,0.3049748,0.30577946,,,0.29409307,0.28497136,,,0.28934264,0.29065114
0.5792474,0.5872664,0.8891262,0.27738762,0.3018598,0.30987877,,,0.26418263,0.2699679,,,0.28218544,0.2873599
0.58185714,0.58154094,0.8901387,0.27325934,0.3085978,0.3082816,,,0.2724743,0.26512778,,,0.28668743,0.28457808
0.57798505,0.58762515,0.89053226,0.27507794,0.3029071,0.3125472,,,0.26854908,0.29424173,,,0.28371578,0.2976982
0.5880939,0.5811925,0.8929948,0.27629155,0.31180233,0.30490094,,,0.29570264,0.27343506,,,0.29668432,0.28649986
0.574424,0.588889,0.8917794,0.2715336,0.30289042,0.3173554,,,0.26670164,0.26952606,,,0.279738,0.28947186
0.5827309,0.5852493,0.8894546,0.2785256,0.3042053,0.3067237,,,0.2623306,0.28092045,,,0.28243828,0.28601414
0.5807199,0.5815791,0.8890532,0.2732457,0.3074742,0.3083334,,,0.27705795,0.28766382,,,0.28949487,0.29094553
0.5746571,0.5831448,0.88825923,0.26954263,0.30511445,0.31360215,,,0.2549101,0.2474047,,,0.27144516,0.28317648
0.5920505,0.58753407,0.89058995,0.28899455,0.30305594,0.29853952,,,0.28035378,0.295345,,,0.28632176,0.29095697
0.58942276,0.5822545,0.89148366,0.2801937,0.30922908,0.30206084,,,0.28665125,0.27438188,,,0.29365027,0.28045642
0.581962,0.5747386,0.88727,0.26943064,0.31253135,0.30530798,,,0.26237273,0.2397232,,,0.28452253,0.26886725
0.5828455,0.57628894,0.8914523,0.26768208,0.31516343,0.30860686,,,0.26584673,0.24459344,,,0.2873366,0.27399957
0.584815,0.5795827,0.88905877,0.27533895,0.30947608,0.30424374,,,0.28880584,0.2769093,,,0.28958905,0.28607404
0.5799726,0.5760266,0.8880866,0.26791257,0.31206006,0.30811405,,,0.26551485,0.27451152,,,0.28645653,0.2869538
0.5784664,0.58065575,0.8916458,0.26747644,0.31098998,0.3131793,,,0.2621603,0.26142204,,,0.28063327,0.28364575
0.5724419,0.58317256,0.88894784,0.26666653,0.30577534,0.31650603,,,0.26755607,0.27196676,,,0.28279328,0.2894144
0.58309084,0.5743431,0.8891889,0.2682451,0.31484574,0.30609798,,,0.27399212,0.27328825,,,0.2890284,0.2858358
0.5728191,0.57781017,0.8885822,0.26204705,0.31077206,0.31576312,,,0.2503237,0.25316566,,,0.27924,0.2874322
0.5790923,0.58423936,0.88828266,0.2750491,0.30404323,0.30919027,,,0.28141278,0.2813602,,,0.2824697,0.29176575
0.58837783,0.5772387,0.89023376,0.27538276,0.31299508,0.30185592,,,0.2622313,0.26079226,,,0.28261822,0.27982396
0.5831421,0.59281075,0.89129907,0.28465384,0.29848826,0.3081569,,,0.2750824,0.27884436,,,0.2756796,0.2915653
0.59209794,0.5799918,0.889771,0.28231883,0.3097791,0.297673,,,0.26724946,0.27362233,,,0.28673583,0.28308696
0.5876353,0.5839914,0.8896256,0.28200108,0.3056342,0.30199033,,,0.27802527,0.27261496,,,0.2841683,0.2808702
0.57928956,0.576962,0.8896629,0.26658863,0.31270093,0.31037337,,,0.28005797,0.27008426,,,0.28919774,0.28535342
0.57781005,0.5822394,0.8878823,0.27216715,0.3056429,0.31007224,,,0.2615863,0.27420413,,,0.28263712,0.29050916
0.5724369,0.56946456,0.8887466,0.25315487,0.31928205,0.3163097,,,0.26428503,0.21564358,,,0.28450102,0.25989687
0.58037186,0.5772168,0.89122117,0.26636755,0.3140043,0.31084925,,,0.27129662,0.26214147,,,0.28363264,0.28086364
0.58285654,0.57861745,0.88924044,0.27223355,0.310623,0.3063839,,,0.25933003,0.27581358,,,0.2835554,0.28560948
0.576689,0.57527107,0.8885266,0.26343352,0.3132555,0.31183755,,,0.27317834,0.2709403,,,0.2849844,0.28413397
0.5840615,0.57985854,0.89158845,0.2723316,0.3117299,0.30752695,,,0.27322334,0.26984882,,,0.28102368,0.28152096
0.58073306,0.5724289,0.889321,0.26384097,0.3168921,0.3085879,,,0.27850735,0.26959288,,,0.28736287,0.28230822
0.57878923,0.57157975,0.8878018,0.2625671,0.31622213,0.30901265,,,0.27851522,0.25900143,,,0.2908128,0.28146368
0.57664984,0.5737791,0.89052147,0.25990754,0.3167423,0.31387156,,,0.27290267,0.25623208,,,0.28625917,0.28280276
0.5822525,0.5847044,0.89040947,0.27654743,0.30570507,0.30815697,,,0.28325152,0.27520573,,,0.28728306,0.28356403
0.5823964,0.5805391,0.8903455,0.27258998,0.3098064,0.30794913,,,0.25302166,0.2790969,,,0.27992606,0.28752118
0.57641894,0.5885378,0.8905953,0.2743615,0.30205745,0.31417632,,,0.2728479,0.27811712,,,0.28102,0.28688556
0.58367455,0.5817746,0.8897412,0.27570796,0.3079666,0.30606663,,,0.25837612,0.26590103,,,0.27350223,0.281735
0.5764985,0.5794373,0.8873823,0.26855344,0.30794507,0.31088388,,,0.25720757,0.2854979,,,0.27533692,0.28955626
0.58263004,0.58398545,0.89214224,0.27447325,0.3081568,0.3095122,,,0.286807,0.28161544,,,0.29012817,0.2907523
0.5865765,0.5869395,0.8918291,0.28168696,0.30488956,0.30525255,,,0.2886272,0.29876864,,,0.28138977,0.2980036
0.584911,0.58786976,0.8899194,0.28286135,0.30204964,0.3050084,,,0.2836449,0.26366872,,,0.28147632,0.2807654
0.58026135,0.5839739,0.89237165,0.27186358,0.30839777,0.3121103,,,0.28352475,0.277726,,,0.29019165,0.28958
0.5917497,0.58209,0.8905143,0.2833255,0.30842423,0.29876453,,,0.29214448,0.28915954,,,0.30073208,0.28587335
0.5840384,0.5802193,0.89157456,0.2726832,0.31135517,0.30753613,,,0.28046417,0.27941453,,,0.2885008,0.28627956
0.58342695,0.5783162,0.88850886,0.2732343,0.31019264,0.3050819,,,0.26032507,0.2739253,,,0.2821979,0.28423536
0.5865667,0.58122146,0.8923205,0.27546763,0.31109905,0.30575383,,,0.28305238,0.28476894,,,0.2878039,0.28883713
0.5796075,0.57973844,0.88806003,0.27128583,0.30832165,0.3084526,,,0.26707637,0.26893634,,,0.28366035,0.28623492
0.5759408,0.5798208,0.88778436,0.26797724,0.30796355,0.31184357,,,0.25290465,0.2626307,,,0.27942955,0.2771333
0.5848624,0.5824574,0.88841337,0.2789064,0.305956,0.30355102,,,0.27765644,0.26823044,,,0.2873189,0.28067046
0.57810104,0.5793679,0.8885721,0.26889682,0.30920422,0.31047106,,,0.2567001,0.26587754,,,0.27955085,0.2835799
0.5883779,0.58220804,0.89247674,0.27810913,0.31026876,0.3040989,,,0.2916268,0.29398674,,,0.2920574,0.29272842
0.5765158,0.5802979,0.88974756,0.26706606,0.30944973,0.31323183,,,0.27322805,0.25701416,,,0.2873482,0.2801373
0.5834237,0.5760077,0.891848,0.26758343,0.31584024,0.3084243,,,0.27055395,0.2701617,,,0.29045182,0.2808854
0.5781889,0.57937986,0.8888908,0.2686779,0.309511,0.31070197,,,0.28225088,0.28501153,,,0.2887957,0.29041827
0.59018797,0.5691782,0.8897296,0.2696365,0.32055146,0.2995417,,,0.27826482,0.27507412,,,0.29363358,0.282484
0.5784128,0.5825212,0.88839495,0.27253902,0.30587375,0.30998218,,,0.28003687,0.2706604,,,0.28861284,0.28305066
0.58208096,0.57928693,0.88916504,0.27220285,0.3098781,0.30708408,,,0.2708851,0.27003944,,,0.279714,0.28097457
0.57924956,0.5843338,0.8899841,0.2735992,0.30565035,0.31073457,,,0.2705456,0.2773223,,,0.28502887,0.28992635
0.5792804,0.58197665,0.8880987,0.2731583,0.30612206,0.30881834,,,0.25936592,0.26464403,,,0.27917844,0.2837717
0.586041,0.57939506,0.88924146,0.27619457,0.3098464,0.30320048,,,0.28888816,0.27218932,,,0.2987063,0.28273898
0.585508,0.58030504,0.8914753,0.27433765,0.31117034,0.3059674,,,0.27639854,0.26212978,,,0.28308082,0.27769345
0.5825008,0.5819862,0.8894415,0.2750455,0.3074553,0.30694067,,,0.27645296,0.2525254,,,0.28315967,0.27823246
0.58066297,0.5808599,0.88879746,0.2727254,0.30793756,0.3081345,,,0.26841593,0.26220667,,,0.27865183,0.28369194
0.5791329,0.5826256,0.8915067,0.27025187,0.30888104,0.31237376,,,0.27553362,0.28293848,,,0.28989565,0.29356098
0.5746348,0.5767622,0.8890567,0.2623403,0.31229448,0.3144219,,,0.25728995,0.28076977,,,0.27808654,0.28685665
0.5835555,0.5769062,0.8902441,0.27021754,0.31333798,0.30668867,,,0.27183306,0.28495485,,,0.2848177,0.28859437
0.58044004,0.57774067,0.8887831,0.26939762,0.31104243,0.30834305,,,0.26765066,0.27081376,,,0.28735524,0.28830242
0.5797389,0.58805597,0.890594,0.27720094,0.30253798,0.31085503,,,0.27145714,0.27592784,,,0.28397393,0.29086208
0.5792282,0.5872497,0.8912872,0.2751907,0.3040375,0.312059,,,0.26831585,0.2588368,,,0.28232664,0.2843448
0.58115435,0.5856844,0.88935673,0.27748203,0.3036723,0.3082024,,,0.27581114,0.2707029,,,0.28684115,0.29016274
0.5673655,0.5776871,0.8867181,0.25833458,0.30903095,0.3193525,,,0.23234504,0.24532318,,,0.26340842,0.27790195
0.5766212,0.5785904,0.8904109,0.26480067,0.3118205,0.31378973,,,0.27062678,0.2667691,,,0.28383076,0.27872318
0.58232975,0.583621,0.8882407,0.27771008,0.30461967,0.30591094,,,0.26801014,0.2786218,,,0.28432035,0.2858882
0.5690874,0.5847415,0.8865154,0.26731348,0.3017739,0.317428,,,0.25872362,0.27654135,,,0.27732027,0.29107445
0.5743946,0.58110946,0.8898379,0.26566607,0.30872852,0.3154434,,,0.25537646,0.27108806,,,0.2748328,0.28642595
0.58796847,0.58811855,0.89132863,0.2847584,0.30321008,0.30336016,,,0.27970284,0.2792127,,,0.28546447,0.28751904
0.5878928,0.57365763,0.8893476,0.2722028,0.31568998,0.30145484,,,0.26588315,0.26198143,,,0.28843182,0.2749859
0.5839679,0.5847045,0.8894346,0.27923787,0.30473006,0.30546665,,,0.27039647,0.25603014,,,0.28015596,0.2777834
0.5799059,0.5864532,0.891415,0.2749442,0.30496174,0.311509,,,0.2728554,0.28336775,,,0.28544998,0.29009056
0.58123153,0.57738787,0.8884515,0.2701679,0.31106365,0.30721998,,,0.29102552,0.26473892,,,0.29130393,0.2826414
0.5836241,0.5884137,0.8903455,0.28169233,0.3019318,0.3067214,,,0.30624783,0.29211587,,,0.29535967,0.294504
0.5737836,0.57605493,0.89070773,0.25913072,0.31465286,0.3169242,,,0.26320857,0.2797612,,,0.28432363,0.29120326
0.58112925,0.5823505,0.8915283,0.2719515,0.30917776,0.310399,,,0.26644945,0.2703755,,,0.2808271,0.28784084
0.5783045,0.581941,0.8904175,0.26982802,0.3084765,0.312113,,,0.26430738,0.24931532,,,0.2868253,0.28144485
0.5828533,0.57763517,0.88998526,0.27050322,0.3123501,0.30713195,,,0.27090842,0.26130456,,,0.281514,0.27943486
0.5775873,0.5814241,0.8879031,0.27110827,0.30647904,0.31031585,,,0.2542255,0.27225822,,,0.27741933,0.2850107
0.5804132,0.5816021,0.88621193,0.2758034,0.30460984,0.3057987,,,0.2624318,0.2608255,,,0.2834301,0.28419042
0.57764506,0.58001703,0.8923025,0.26535964,0.31228542,0.3146574,,,0.27320594,0.27585864,,,0.28489256,0.2894174
0.5807278,0.5888512,0.8903055,0.2792735,0.3014543,0.3095777,,,0.28412122,0.2949946,,,0.28223306,0.29004747
0.57629085,0.5722359,0.8869723,0.26155436,0.3147365,0.31068152,,,0.26004672,0.23794746,,,0.27665716,0.27174157
0.5855198,0.58679926,0.89286196,0.2794571,0.3060627,0.30734217,,,0.3003806,0.29402095,,,0.29016995,0.2889766
0.58137226,0.58241904,0.89052355,0.27326775,0.30810452,0.3091513,,,0.27622032,0.26340312,,,0.28612703,0.2817306
0.58139217,0.58088374,0.89067024,0.27160567,0.3097865,0.30927807,,,0.27846706,0.28203535,,,0.28877157,0.28780192
0.57779104,0.57819116,0.8891632,0.26681906,0.31097198,0.3113721,,,0.25652957,0.26932085,,,0.27773237,0.28695923
0.5822052,0.56799346,0.8882527,0.26194602,0.32025915,0.30604744,,,0.27783644,0.2591256,,,0.29219252,0.27708554
0.58234096,0.579514,0.89047563,0.27137935,0.3109616,0.30813468,,,0.26049316,0.26293588,,,0.2839679,0.28406113
0.5792273,0.59007514,0.89301,0.27629244,0.30293489,0.3137827,,,0.26666218,0.28078407,,,0.27935523,0.2937644
0.5869074,0.5781349,0.89050895,0.27453333,0.31237406,0.30360156,,,0.27348018,0.27732855,,,0.29037428,0.28792995
0.589802,0.5791472,0.888828,0.28012127,0.30968076,0.29902595,,,0.26931816,0.2640165,,,0.2844301,0.2773332
0.5819564,0.5816624,0.88944095,0.27417785,0.30777854,0.30748457,,,0.27606022,0.258937,,,0.28511852,0.27560127
0.58598053,0.5832536,0.8915125,0.27772164,0.3082589,0.30553198,,,0.26966447,0.27953726,,,0.28518093,0.29116958
0.5747615,0.5710052,0.88706255,0.2587042,0.31605732,0.31230104,,,0.2504701,0.24735194,,,0.2780524,0.27324182
0.5793208,0.57788,0.88894963,0.26825118,0.3110696,0.30962884,,,0.26019382,0.2946356,,,0.27985555,0.29470593
0.58566165,0.5838493,0.89343727,0.2760737,0.30958796,0.30777562,,,0.29398966,0.29556125,,,0.2903006,0.29544568
0.58473897,0.58803165,0.89181226,0.28095835,0.30378062,0.3070733,,,0.2672252,0.2912801,,,0.28616458,0.2961995
0.5817991,0.58237374,0.8906868,0.27348608,0.308313,0.30888766,,,0.2566204,0.261442,,,0.2817011,0.28296357
0.5728947,0.58131385,0.8881427,0.26606584,0.30682886,0.315248,,,0.24921662,0.26686007,,,0.2790442,0.28283244
0.5935136,0.58400595,0.89318216,0.2843374,0.3091762,0.29966855,,,0.29556012,0.2806958,,,0.2937233,0.28457826
0.5858944,0.586913,0.8919221,0.28088534,0.30500907,0.30602765,,,0.2778992,0.28499508,,,0.2825762,0.29507953
0.5861293,0.57959235,0.8892566,0.27646506,0.30966425,0.3031273,,,0.2817943,0.25691843,,,0.28613615,0.27799147
0.57837784,0.5813476,0.8890797,0.27064574,0.3077321,0.31070185,,,0.26374662,0.29696882,,,0.27703577,0.29533923
0.57574886,0.57850075,0.88751394,0.26673573,0.30901313,0.31176502,,,0.2577749,0.2549476,,,0.2750867,0.27781755
0.579756,0.57328975,0.89025915,0.26278663,0.3169694,0.31050313,,,0.25677896,0.27073503,,,0.2742797,0.28619796
0.57914215,0.58052194,0.8892679,0.27039623,0.30874592,0.3101257,,,0.24849021,0.2696939,,,0.27565676,0.2812913
0.58230716,0.57957655,0.88913757,0.27274615,0.309561,0.3068304,,,0.28968906,0.28835022,,,0.29400688,0.2934624
0.5820135,0.5837139,0.88808525,0.27764213,0.30437136,0.30607176,,,0.2627517,0.2634704,,,0.2826736,0.28045464
0.5819279,0.5818511,0.89019746,0.27358156,0.30834633,0.30826956,,,0.26336253,0.27923018,,,0.28570902,0.28924835
0.5851232,0.58384085,0.88912606,0.27983797,0.30528522,0.30400288,,,0.27110046,0.27163088,,,0.2840504,0.2859537
0.58871144,0.5832389,0.8916404,0.28030992,0.30840153,0.30292898,,,0.27873182,0.26293314,,,0.29014224,0.28209233
0.5799612,0.58270466,0.8918663,0.27079952,0.30916166,0.31190515,,,0.27315903,0.25462157,,,0.29104692,0.28276968
0.5807487,0.5764303,0.89061475,0.26656425,0.31418443,0.30986607,,,0.28050172,0.2748049,,,0.29785424,0.29128218
0.5751954,0.58343416,0.8889816,0.26964796,0.30554742,0.3137862,,,0.27555805,0.26790696,,,0.28268665,0.29172677
0.5769586,0.5826105,0.88909906,0.27046996,0.30648863,0.31214052,,,0.25584096,0.25048155,,,0.27038574,0.2755596
0.5920753,0.57857835,0.8908281,0.2798255,0.31224978,0.29875284,,,0.27851892,0.27677763,,,0.2928766,0.28196782
0.5833203,0.58210033,0.8904885,0.27493215,0.30838817,0.3071682,,,0.28451222,0.26164812,,,0.292014,0.27806866
0.58297014,0.5714871,0.8901984,0.26425892,0.31871122,0.3072282,,,0.26650798,0.26598096,,,0.28568876,0.2775808
0.5852448,0.5783102,0.8913305,0.27222443,0.31302035,0.30608577,,,0.27704298,0.2871967,,,0.2867437,0.28369468
0.5849398,0.5798799,0.8889877,0.275832,0.30910778,0.30404788,,,0.26268202,0.2610169,,,0.27885193,0.27560526
0.58647764,0.585768,0.8885026,0.28374302,0.3027346,0.30202496,,,0.2764004,0.29000533,,,0.28639513,0.28766948
0.5886221,0.5806583,0.8889697,0.2803107,0.3083114,0.30034763,,,0.27000368,0.29138654,,,0.2851953,0.29203373
0.58826387,0.57923305,0.89056045,0.27693647,0.3113274,0.30229658,,,0.3149866,0.28135437,,,0.30294585,0.28674048
0.57830787,0.5676048,0.8895283,0.25638437,0.3219235,0.3112204,,,0.21964139,0.24484915,,,0.26810336,0.2776448
0.58346385,0.5881318,0.89271206,0.27888352,0.30458033,0.30924827,,,0.2868008,0.27982998,,,0.29236,0.28959286
0.57786345,0.5794092,0.8878871,0.26938546,0.308478,0.31002373,,,0.27155405,0.2608016,,,0.28125662,0.28317207
0.5857881,0.5814966,0.8892187,0.27806604,0.30772203,0.30343056,,,0.2697299,0.2911703,,,0.2844562,0.28740656
0.5891075,0.56898165,0.88854,0.26954913,0.31955838,0.29943252,,,0.28406405,0.2661091,,,0.29373538,0.2771991
0.58917665,0.5794207,0.8903398,0.27825755,0.3109191,0.30116314,,,0.2774505,0.2848391,,,0.2908815,0.2841112
0.58240914,0.5891901,0.8916861,0.2799132,0.30249596,0.30927694,,,0.26560754,0.25339127,,,0.28172368,0.27920043
0.5854465,0.5791539,0.8887619,0.2758385,0.30960798,0.3033154,,,0.27185082,0.26687312,,,0.2855479,0.27751148
0.58360946,0.58285254,0.890322,0.27613991,0.30746955,0.30671263,,,0.27164656,0.27924842,,,0.2843364,0.28683537
0.5820316,0.58118117,0.8898827,0.2733301,0.30870152,0.30785108,,,0.26828325,0.28381646,,,0.28399175,0.29122597
0.5889622,0.5808232,0.88945025,0.28033513,0.30862707,0.30048805,,,0.2856112,0.26428825,,,0.29217654,0.28294462
0.57839894,0.5812087,0.88958794,0.2700197,0.30837923,0.311189,,,0.26614136,0.25364834,,,0.28568375,0.28086364
0.5850513,0.5866887,0.8911195,0.28062057,0.30443072,0.30606812,,,0.27424836,0.29100388,,,0.28180295,0.29453814
0.5800719,0.573796,0.88995236,0.2639156,0.31615633,0.30988038,,,0.27305079,0.2805195,,,0.2897876,0.2846374
0.5804024,0.57530653,0.88948476,0.26622415,0.31417823,0.3090824,,,0.2767669,0.25691092,,,0.28870928,0.2801593
0.5897955,0.5808794,0.8898649,0.28080988,0.3089856,0.3000695,,,0.27668583,0.26126426,,,0.2857734,0.27349246
0.581247,0.58054304,0.8916455,0.27014452,0.31110245,0.31039852,,,0.2840339,0.27907366,,,0.29900134,0.29420966
0.58138746,0.57878387,0.88981825,0.27035302,0.31103444,0.30843085,,,0.2763182,0.27216262,,,0.28391057,0.2875539
0.5824758,0.581743,0.89002347,0.2741953,0.30828047,0.3075477,,,0.26567686,0.28647596,,,0.2817309,0.28789425
0.5841839,0.5772661,0.88880277,0.27264714,0.31153673,0.30461895,,,0.26976871,0.265454,,,0.2881506,0.28383094
0.58048403,0.5725131,0.88808537,0.26491177,0.31557226,0.30760133,,,0.25736296,0.2516026,,,0.28505534,0.27916068
0.578001,0.5845905,0.8904622,0.27212924,0.30587178,0.31246126,,,0.26702368,0.28531897,,,0.2844339,0.29476917
0.5734254,0.58429635,0.8911444,0.26657736,0.30684805,0.31771898,,,0.26460546,0.2825331,,,0.27797866,0.29257232
0.582505,0.5793716,0.88854265,0.2733339,0.30917108,0.30603766,,,0.25895894,0.27158827,,,0.27729183,0.28117567
0.5818596,0.5807985,0.8903737,0.2722844,0.3095752,0.30851412,,,0.26490933,0.26784337,,,0.28620446,0.2845747
0.57168067,0.5846796,0.88893163,0.26742864,0.30425203,0.31725097,,,0.26019323,0.2730043,,,0.2831329,0.29205763
0.58130777,0.5815804,0.89000726,0.2728809,0.30842686,0.3086995,,,0.2895025,0.2684257,,,0.29242098,0.28232747
0.5830157,0.57374954,0.88878155,0.26798368,0.315032,0.30576587,,,0.2701574,0.26559716,,,0.2932809,0.27967215
0.5801827,0.5818372,0.89070874,0.2713111,0.30887157,0.31052607,,,0.27792692,0.26114398,,,0.28532535,0.2801271
0.593968,0.5738653,0.89262885,0.27520448,0.3187635,0.2986608,,,0.29491967,0.26751393,,,0.30129933,0.27491355
0.57264555,0.57342887,0.886956,0.25911844,0.3135271,0.31431043,,,0.25965804,0.25455916,,,0.27789867,0.27824926
0.58115727,0.5756017,0.88968873,0.2670703,0.31408697,0.3085314,,,0.2505387,0.264158,,,0.27864838,0.284625
0.5832924,0.5739289,0.89099765,0.26622367,0.31706876,0.30770522,,,0.298369,0.27425617,,,0.29407698,0.28324056
0.5742831,0.57282454,0.8881457,0.25896192,0.3153212,0.31386262,,,0.2546882,0.26085877,,,0.277282,0.28424102
0.5760151,0.5698212,0.8889294,0.25690693,0.3191082,0.31291425,,,0.2707308,0.25074834,,,0.293805,0.27419025
0.5768176,0.5806118,0.8871935,0.27023596,0.30658162,0.31037587,,,0.2728315,0.26186436,,,0.28713858,0.2830271
0.5813824,0.5861943,0.8924322,0.27514446,0.30623794,0.31104982,,,0.2811041,0.26746464,,,0.28854263,0.29101092
0.58337605,0.575421,0.88937557,0.26942146,0.3139546,0.30599952,,,0.278592,0.25526965,,,0.2876938,0.2758227
0.5887463,0.5848583,0.89073443,0.28287017,0.30587614,0.30198812,,,0.27705568,0.27846825,,,0.2858346,0.2885685
0.5871588,0.57958937,0.8908927,0.27585548,0.31130332,0.3037339,,,0.2887231,0.26858842,,,0.29713637,0.2796228
0.5749373,0.5869676,0.8903982,0.2715066,0.30343068,0.31546098,,,0.26605272,0.26987326,,,0.28234023,0.29391778
0.58291197,0.5732201,0.8879502,0.2681818,0.31473017,0.30503827,,,0.26331115,0.25448406,,,0.2903164,0.2778895
0.58533865,0.5780055,0.8888604,0.27448374,0.3108549,0.30352175,,,0.26479417,0.2580955,,,0.28656816,0.28047788
0.57826924,0.5805305,0.88884777,0.269952,0.30831724,0.31057853,,,0.23622984,0.2729544,,,0.27072155,0.28896457
0.58162713,0.57992387,0.890917,0.270634,0.31099313,0.30928987,,,0.27085876,0.28330588,,,0.28863144,0.28931874
0.58767486,0.580487,0.8893223,0.2788396,0.30883527,0.30164742,,,0.2620057,0.26185006,,,0.28517175,0.28292924
0.58771694,0.5814937,0.8891931,0.28001755,0.30769938,0.30147612,,,0.2855919,0.2716061,,,0.28884482,0.2817819
0.5775595,0.5857694,0.8902974,0.27303147,0.304528,0.31273794,,,0.27160883,0.27794188,,,0.2844785,0.28852534
0.5711441,0.5865451,0.89043075,0.26725847,0.30388564,0.31928664,,,0.25632173,0.27005792,,,0.27391225,0.2934724
0.57790077,0.58408815,0.890597,0.271392,0.30650878,0.31269616,,,0.27891678,0.2516485,,,0.28724933,0.27780426
0.57676274,0.5730959,0.8871881,0.26267064,0.3140921,0.31042528,,,0.24014676,0.2688368,,,0.27136976,0.27939457
0.5716331,0.5896429,0.8900853,0.2711907,0.3004424,0.31845218,,,0.2579208,0.2953273,,,0.2711041,0.295426
0.5782399,0.5793194,0.89178836,0.26577103,0.3124689,0.3135484,,,0.28123742,0.2871737,,,0.28950906,0.29338938
0.5763128,0.58111966,0.8896347,0.2677977,0.30851507,0.31332195,,,0.27033937,0.28623426,,,0.2806446,0.28902012
0.5886699,0.57729244,0.89048916,0.27547318,0.31319672,0.30181926,,,0.27038592,0.27155071,,,0.2872985,0.27262747
0.57868296,0.57373637,0.8881083,0.26431102,0.31437194,0.30942535,,,0.23549187,0.22259921,,,0.276141,0.26571482
0.57630706,0.5746815,0.8872274,0.26376116,0.3125459,0.31092036,,,0.26050514,0.24614829,,,0.28110152,0.27839297
0.58131236,0.58276975,0.8888242,0.27525783,0.30605453,0.30751193,,,0.27429384,0.29527617,,,0.28766304,0.29353362
0.5841854,0.58345246,0.8903101,0.27732772,0.3068577,0.30612475,,,0.27514732,0.28958285,,,0.28490043,0.2891419
0.57826245,0.5759574,0.8911878,0.26303208,0.31523037,0.31292534,,,0.25055707,0.26080203,,,0.27092695,0.2798071
0.58661485,0.58985615,0.8911711,0.2852999,0.30131495,0.30455625,,,0.28412092,0.2612304,,,0.2919445,0.27925855
0.58600247,0.5836203,0.8907068,0.278916,0.30708647,0.3047043,,,0.28959727,0.26705533,,,0.286699,0.27956867
0.5830153,0.57334167,0.8893961,0.26696098,0.31605434,0.3063807,,,0.28741002,0.27657896,,,0.29314435,0.28205007
0.57813275,0.58890295,0.892175,0.27486068,0.30327207,0.31404227,,,0.26846486,0.2962358,,,0.27747357,0.29259586
0.5770928,0.5794085,0.8897832,0.2667181,0.31037474,0.31269044,,,0.27113765,0.27446306,,,0.28109962,0.2873537
0.57466245,0.57904017,0.88873863,0.26496398,0.30969846,0.3140762,,,0.24418879,0.24371451,,,0.27167314,0.27773786
0.5736744,0.57598275,0.89098394,0.2586732,0.3150012,0.31730956,,,0.2475822,0.24669152,,,0.27451319,0.27379358
0.58368313,0.576231,0.890714,0.26920015,0.314483,0.30703086,,,0.27411348,0.2690519,,,0.28659147,0.283853
0.5767455,0.5729282,0.89073336,0.25894034,0.31780517,0.31398785,,,0.25684184,0.23974961,,,0.28535038,0.27486902
0.5790349,0.58146834,0.88948214,0.27102113,0.3080138,0.31044722,,,0.25269675,0.2624156,,,0.2752493,0.2792837
0.5850921,0.5836977,0.8908206,0.27796924,0.3071229,0.30572844,,,0.26606143,0.27281475,,,0.28066176,0.28830326
0.57713926,0.5773716,0.89082247,0.2636884,0.31345087,0.3136832,,,0.26054758,0.27161044,,,0.28495663,0.28616202
0.5841942,0.5897601,0.8919769,0.28197736,0.30221683,0.30778277,,,0.29389268,0.29791945,,,0.2924412,0.2950012
0.5832869,0.58398527,0.89213324,0.27513885,0.30814803,0.3088464,,,0.26236773,0.2708326,,,0.28331035,0.28508705
0.57709134,0.576705,0.88647753,0.2673188,0.30977255,0.3093862,,,0.25117356,0.26498497,,,0.27729797,0.2781062
0.5815578,0.58244026,0.8890791,0.27491903,0.30663878,0.30752122,,,0.26865107,0.27460396,,,0.2833938,0.29174757
0.5779537,0.5867386,0.88793755,0.27675474,0.30119896,0.30998385,,,0.27027762,0.2808944,,,0.27442503,0.29075462
0.5835019,0.5812164,0.8889046,0.2758137,0.30768818,0.3054027,,,0.2751047,0.28681844,,,0.28687066,0.28691053
0.57855463,0.58217025,0.8911175,0.26960737,0.30894727,0.31256288,,,0.27799606,0.27220953,,,0.28768665,0.29142582
0.5765089,0.5766933,0.8883071,0.26489508,0.3116138,0.31179821,,,0.27166086,0.24790436,,,0.28016943,0.2740519
0.582423,0.5869635,0.8911905,0.27819586,0.3042271,0.30876762,,,0.2600628,0.27417225,,,0.2801484,0.2877078
0.58369255,0.5859674,0.890244,0.27941597,0.3042766,0.30655146,,,0.29531395,0.29460979,,,0.28730005,0.2902648
0.5814252,0.5815892,0.8897097,0.2733047,0.3081205,0.30828452,,,0.26221716,0.25912303,,,0.28179425,0.28216517
0.5912397,0.570933,0.88976943,0.27240324,0.31883645,0.29852974,,,0.29324025,0.24657565,,,0.30100453,0.26684946
0.5813774,0.58016837,0.88957345,0.2719723,0.3094051,0.30819607,,,0.268636,0.26535976,,,0.28481442,0.28415942
0.58431923,0.5793865,0.8883018,0.27540392,0.30891532,0.30398256,,,0.2704717,0.2816264,,,0.2876085,0.28723276
0.5866822,0.5892891,0.89310217,0.2828691,0.3038131,0.30642003,,,0.29858416,0.28284365,,,0.2940626,0.29121047
0.5805733,0.5810946,0.8891461,0.27252185,0.30805147,0.30857277,,,0.2800138,0.25346166,,,0.28805906,0.2752936
0.58539563,0.57005465,0.890184,0.26526636,0.32012928,0.3047883,,,0.28130233,0.2546835,,,0.2944411,0.2773466
0.58333445,0.58812404,0.8911244,0.28033406,0.3030004,0.30778998,,,0.28356153,0.26111984,,,0.28650045,0.2814585
0.5807067,0.58831084,0.8906212,0.27839637,0.30231035,0.30991447,,,0.28217262,0.27738738,,,0.28721732,0.29403043
0.5813673,0.58014804,0.88825184,0.2732635,0.3081038,0.30688453,,,0.26824754,0.250292,,,0.2869438,0.2811466
0.58019114,0.5813271,0.8889534,0.27256483,0.3076263,0.30876225,,,0.2625001,0.26353633,,,0.28241944,0.28118265
0.58077514,0.5734191,0.88789445,0.26629978,0.31447536,0.3071193,,,0.2487002,0.22516543,,,0.27896136,0.26812446
0.5863617,0.5834713,0.89138705,0.2784459,0.3079158,0.3050254,,,0.26659548,0.28328204,,,0.28480566,0.28826094
0.5877813,0.5870443,0.89247674,0.28234893,0.30543238,0.30469537,,,0.27951062,0.27723145,,,0.2856199,0.28525794
0.5889253,0.58092886,0.8888224,0.2810318,0.3078935,0.29989707,,,0.2693867,0.2819295,,,0.28541082,0.28231502
0.5681931,0.5754963,0.8880275,0.2556619,0.31253117,0.3198344,,,0.25264448,0.25648153,,,0.27732354,0.27683127
0.5892415,0.5861553,0.88979864,0.28559816,0.30364335,0.30055714,,,0.27599704,0.28530985,,,0.28152233,0.2856326
0.57446694,0.5891416,0.8904108,0.27319777,0.30126917,0.31594384,,,0.26430732,0.2772963,,,0.27887696,0.28739274
0.58112645,0.57921,0.88989526,0.27044123,0.31068522,0.30876875,,,0.27417403,0.26819474,,,0.28895557,0.2814318
0.58005226,0.583207,0.8919698,0.27128947,0.3087628,0.31191754,,,0.2737481,0.2760539,,,0.28321618,0.28689915
0.5865607,0.5777474,0.8921712,0.27213687,0.31442386,0.30561054,,,0.3065905,0.2819311,,,0.29729027,0.28373188
0.57195497,0.5850203,0.8903862,0.26658905,0.30536592,0.31843126,,,0.26979017,0.26418722,,,0.2819134,0.28703976
0.58166146,0.5773807,0.8882067,0.2708354,0.31082606,0.30654532,,,0.26597017,0.24594492,,,0.28622973,0.27547187
0.5717095,0.5858426,0.88922334,0.2683288,0.30338073,0.31751382,,,0.26766282,0.27307045,,,0.279886,0.29073995
0.58394,0.58696604,0.8909715,0.27993459,0.30400544,0.30703145,,,0.28533995,0.28795153,,,0.29376757,0.2903492
0.587168,0.5802033,0.88982606,0.2775452,0.30962276,0.30265808,,,0.28617996,0.2706918,,,0.29616165,0.27703595
0.57872665,0.58442795,0.8913988,0.2717558,0.30697083,0.31267214,,,0.26571172,0.27624273,,,0.28011912,0.28781956
0.5805237,0.584655,0.8911794,0.2739994,0.30652434,0.3106556,,,0.28101254,0.282956,,,0.28900278,0.29107314
0.5751913,0.5898901,0.8891999,0.2758816,0.29930973,0.31400853,,,0.25900584,0.28785133,,,0.27752453,0.29656035
0.58125114,0.57664627,0.8900304,0.2678671,0.31338406,0.30877918,,,0.25899535,0.24763471,,,0.28093785,0.26983917
0.5834922,0.5730341,0.88970786,0.26681846,0.31667376,0.30621564,,,0.27052414,0.28275388,,,0.28574216,0.29087704
0.57666254,0.5857528,0.8892884,0.27312684,0.3035357,0.31262594,,,0.25664008,0.27732974,,,0.26934642,0.28558034
0.5800041,0.5793296,0.89049983,0.26883388,0.31117022,0.31049573,,,0.26925927,0.26135904,,,0.28130293,0.27365667
0.58592093,0.5775249,0.8922034,0.27124244,0.3146785,0.30628246,,,0.267205,0.28907692,,,0.284338,0.28995556
0.582173,0.5752958,0.8885316,0.26893717,0.31323582,0.30635864,,,0.25795984,0.26351446,,,0.28352392,0.27930528
0.57719445,0.58388877,0.89007443,0.2710088,0.30618566,0.31287998,,,0.26315165,0.28861153,,,0.28173167,0.29462802
0.5910287,0.58692276,0.89252424,0.2854272,0.30560148,0.30149555,,,0.30539256,0.28340268,,,0.29608536,0.2857247
0.58736753,0.5838212,0.8917078,0.27948093,0.3078866,0.30434024,,,0.2667656,0.2927426,,,0.28327852,0.28968966
0.5819086,0.5806745,0.888703,0.27388012,0.30802846,0.3067944,,,0.26176172,0.2860765,,,0.2807117,0.29169798
0.5814915,0.584222,0.88691676,0.2787968,0.30269468,0.30542523,,,0.2650901,0.270504,,,0.2853737,0.28577107
0.5759051,0.57987,0.89075726,0.2650178,0.31088728,0.31485218,,,0.28822637,0.28600442,,,0.2902267,0.29739976
0.57353884,0.5824249,0.8889553,0.26700836,0.30653048,0.3154165,,,0.26330507,0.28038985,,,0.27798605,0.29350328
0.58311015,0.5838438,0.8921659,0.27478814,0.308322,0.3090557,,,0.2999432,0.31177723,,,0.29272866,0.30038518
0.58112776,0.58522236,0.889784,0.27656615,0.30456161,0.30865622,,,0.2654336,0.28641063,,,0.28564656,0.28905916
0.5825697,0.58876246,0.8896091,0.28172302,0.3008467,0.30703944,,,0.27889776,0.28950167,,,0.2847849,0.28981173
0.58314157,0.58129,0.8916117,0.27281988,0.3103217,0.30847013,,,0.28327322,0.2786398,,,0.29373634,0.2871722
0.58075964,0.58899033,0.8893881,0.2803619,0.30039775,0.30862844,,,0.2637542,0.27343792,,,0.27779472,0.28867722
0.5852347,0.5812534,0.8907645,0.2757237,0.309511,0.3055297,,,0.28118896,0.28993112,,,0.28713918,0.29086745
0.5798062,0.59033275,0.8922876,0.27785134,0.30195487,0.3124814,,,0.28157938,0.31406474,,,0.28303188,0.30226654
0.5849172,0.5861734,0.8891484,0.2819422,0.302975,0.30423123,,,0.26597446,0.27733088,,,0.28300756,0.289231
0.5808927,0.58586764,0.8906748,0.2760855,0.3048072,0.30978215,,,0.24259514,0.26700497,,,0.27304155,0.28264987
0.5879235,0.5809699,0.88845474,0.28043872,0.3074848,0.3005312,,,0.27177656,0.25804096,,,0.28032726,0.27462828
0.5840663,0.5854896,0.8880862,0.2814697,0.30259657,0.30401987,,,0.26682526,0.28013253,,,0.27622986,0.29161263
0.58243513,0.57810175,0.886649,0.27388787,0.30854726,0.30421388,,,0.2542432,0.263313,,,0.27466524,0.28239518
0.5793395,0.58228433,0.88866127,0.27296257,0.30637693,0.30932176,,,0.261505,0.28240913,,,0.28338557,0.28572488
0.5856153,0.57759017,0.8887209,0.27448446,0.31113082,0.3031057,,,0.28418422,0.27506447,,,0.29121774,0.28547364
0.5765658,0.5815202,0.8888678,0.26921827,0.30734754,0.31230193,,,0.25355226,0.2745962,,,0.27477533,0.28450793
0.5808999,0.5829754,0.89002323,0.2738521,0.30704778,0.30912328,,,0.2706294,0.26843548,,,0.2791564,0.2860155
0.58748555,0.5839671,0.89139485,0.2800578,0.30742776,0.3039093,,,0.2869857,0.28211242,,,0.29080832,0.2874896
0.5830761,0.58056736,0.8915427,0.2721008,0.3109753,0.30846655,,,0.28143114,0.2612416,,,0.28971118,0.2819742
0.58349025,0.5786247,0.89104295,0.27107203,0.31241822,0.3075527,,,0.28094012,0.25855362,,,0.29136997,0.28271693
0.57859373,0.57178605,0.8876401,0.26273966,0.31585407,0.3090464,,,0.2665364,0.24139708,,,0.28579962,0.27383465
0.57802963,0.58763933,0.89051145,0.2751575,0.30287212,0.31248182,,,0.26631695,0.27458382,,,0.27919936,0.28782523
0.5856525,0.5765803,0.8916653,0.27056748,0.315085,0.3060128,,,0.2592678,0.26096433,,,0.28560382,0.2776758
0.59065056,0.57491606,0.8908495,0.2747172,0.31593335,0.30019885,,,0.30730742,0.28964853,,,0.30502093,0.28703618
0.5752442,0.5778901,0.8886212,0.26451313,0.31073105,0.31337696,,,0.25534248,0.25800186,,,0.2788747,0.28208035
0.5826509,0.5884438,0.89215595,0.2789387,0.3037122,0.3095051,,,0.27385414,0.28306365,,,0.28863466,0.29371923
0.5901774,0.5802381,0.88997865,0.28043687,0.30974054,0.29980123,,,0.26467037,0.2709371,,,0.28588802,0.28008878
0.58262825,0.57375467,0.8876933,0.26868963,0.31393862,0.30506504,,,0.27901053,0.25365978,,,0.29074782,0.2719546
0.5867778,0.5827254,0.88896036,0.28054285,0.30623496,0.30218256,,,0.26463574,0.261267,,,0.28395945,0.27780765
0.58771074,0.5837017,0.88985324,0.28155923,0.3061515,0.3021425,,,0.2667424,0.2963497,,,0.28352427,0.2943676
0.5843927,0.58158934,0.8898538,0.27612823,0.3082645,0.3054611,,,0.25315285,0.28385597,,,0.27999747,0.29039866
0.5797912,0.57897514,0.8891639,0.26960236,0.31018883,0.30937278,,,0.2814235,0.25784695,,,0.294051,0.28181642
0.5717903,0.58609277,0.8899042,0.26797885,0.30381143,0.31811392,,,0.2504877,0.26181304,,,0.2744338,0.2867676
0.5805805,0.5820407,0.89120334,0.27141792,0.30916256,0.3106228,,,0.27254897,0.2713307,,,0.2836272,0.27952677
0.57802063,0.57929015,0.88929343,0.2680173,0.31000334,0.31127286,,,0.267707,0.27264583,,,0.28686935,0.28500855
0.57987916,0.5752984,0.8891746,0.266003,0.31387615,0.30929542,,,0.27894354,0.25001657,,,0.28680277,0.27493262
0.58467627,0.577085,0.889855,0.27190626,0.31277,0.30517876,,,0.2680989,0.2647369,,,0.28642327,0.2839774
0.5761011,0.5856215,0.88954026,0.2721824,0.30391872,0.31343907,,,0.27384347,0.29792368,,,0.28344226,0.29534394
0.5782506,0.5739028,0.8878004,0.26435298,0.3138976,0.3095498,,,0.26316053,0.25733358,,,0.28384012,0.28282446
0.5828266,0.5781238,0.88886815,0.27208227,0.31074435,0.30604154,,,0.2703753,0.26315135,,,0.2810213,0.27648705
0.5855999,0.58099604,0.89040345,0.2761925,0.3094074,0.30480355,,,0.2724619,0.27106947,,,0.29050612,0.28455704
0.586555,0.5701088,0.8875994,0.26906437,0.31749064,0.3010444,,,0.28169203,0.2587713,,,0.29582042,0.2737224
0.57579136,0.57811606,0.8902952,0.2636122,0.31217915,0.31450385,,,0.28104144,0.26368165,,,0.28780067,0.28254098
0.5907881,0.5742366,0.89096457,0.2740602,0.31672794,0.30017638,,,0.29791337,0.26568156,,,0.30035067,0.28101707
0.57747275,0.5890674,0.89047885,0.2760613,0.30141145,0.3130061,,,0.26227593,0.28199524,,,0.28006196,0.29361993
0.5715766,0.5853667,0.88984305,0.26710027,0.30447632,0.31826645,,,0.24642408,0.28365594,,,0.2745455,0.29372972
0.58033574,0.58768415,0.8902967,0.2777232,0.30261254,0.30996096,,,0.27800572,0.274736,,,0.2839855,0.29030138
0.58447087,0.5697812,0.8879839,0.26626813,0.31820273,0.30351305,,,0.27342904,0.25997794,,,0.2914853,0.2777679
0.5738137,0.5737739,0.8872431,0.26034445,0.31346923,0.31342947,,,0.24022967,0.24539727,,,0.27189964,0.2762323
0.5783746,0.58651507,0.8904555,0.2744342,0.30394042,0.31208086,,,0.27101195,0.27122062,,,0.27864605,0.28626752
0.5801536,0.57878315,0.89069754,0.2682392,0.31191438,0.31054395,,,0.27199447,0.2571082,,,0.29203755,0.28130555
0.59095085,0.58851886,0.8910503,0.28841943,0.30253142,0.30009943,,,0.29706538,0.25882697,,,0.2929154,0.27747422
0.57101506,0.5785774,0.88679475,0.26279765,0.3082174,0.31577975,,,0.2562269,0.27691078,,,0.2831887,0.29300857
0.58162105,0.5888854,0.89104813,0.27945834,0.3021627,0.30942708,,,0.27962524,0.2804864,,,0.28487366,0.29209787
0.58585274,0.5800419,0.88982123,0.2760734,0.30977935,0.3039685,,,0.2621168,0.26071,,,0.28562033,0.27994883
0.5830191,0.57637876,0.8888936,0.27050424,0.31251484,0.30587453,,,0.28507614,0.26494187,,,0.29144442,0.28259593
0.59377056,0.5817274,0.8904945,0.28500348,0.30876708,0.2967239,,,0.3048703,0.2882319,,,0.30082983,0.28656852
0.57747185,0.5799489,0.88974905,0.2676717,0.30980015,0.3122772,,,0.25848013,0.28614712,,,0.28004527,0.2944116
0.57210875,0.57488704,0.88668513,0.26031065,0.3117981,0.3145764,,,0.2772811,0.28020793,,,0.28664654,0.28937095
0.57529587,0.5793149,0.88913804,0.2654727,0.30982316,0.31384218,,,0.2691204,0.266221,,,0.2846946,0.2888357
0.58171225,0.5772344,0.89176977,0.26717687,0.31453538,0.31005752,,,0.27517152,0.25911248,,,0.28721327,0.2775166
0.5850637,0.5799572,0.8917209,0.27330005,0.31176364,0.30665714,,,0.29376543,0.27424443,,,0.29587424,0.28873843
0.5814496,0.57136,0.88924664,0.26356298,0.31788665,0.307797,,,0.27170986,0.26678562,,,0.29261196,0.28416675
0.57913756,0.5821893,0.8896877,0.27163917,0.3074984,0.31055015,,,0.26915884,0.2635309,,,0.28397536,0.28480417
0.5790813,0.5852807,0.88939136,0.2749706,0.3041107,0.31031013,,,0.27306497,0.28195703,,,0.2843386,0.29401207
0.5830463,0.5815544,0.8906778,0.27392292,0.3091234,0.3076315,,,0.29612857,0.2813285,,,0.29468822,0.28773862
0.580479,0.5820242,0.8892964,0.27320683,0.3072722,0.3088174,,,0.2584499,0.2756092,,,0.27876765,0.28701854
0.5826726,0.57553667,0.8860413,0.27216804,0.31050456,0.30336863,,,0.25042063,0.26286662,,,0.27728313,0.28285652
0.58672786,0.58122015,0.8911165,0.2768315,0.30989635,0.30438864,,,0.27554965,0.2619744,,,0.28881985,0.2824973
0.57828945,0.5808754,0.8909188,0.2682461,0.31004333,0.31262928,,,0.26401198,0.27843368,,,0.28732437,0.29161727
0.5783725,0.5729277,0.88802665,0.26327354,0.31509894,0.30965418,,,0.2590893,0.28261024,,,0.28128403,0.28596497
0.57481587,0.5864581,0.88768274,0.27359122,0.30122465,0.31286687,,,0.27393544,0.27948815,,,0.2793486,0.29003316
0.58416486,0.5782242,0.8913067,0.27108234,0.31308252,0.30714184,,,0.2629372,0.25119275,,,0.28635693,0.276555
0.5787508,0.5828842,0.8891132,0.27252173,0.30622905,0.31036246,,,0.26954633,0.25869137,,,0.28503734,0.27886236
0.58593094,0.58138716,0.8918677,0.2754504,0.31048054,0.30593675,,,0.28275967,0.25638002,,,0.29244244,0.27776045
0.57927656,0.5800452,0.88996005,0.26936173,0.30991483,0.3106835,,,0.27546448,0.2602839,,,0.28775287,0.2839715
0.5716491,0.57260907,0.8858866,0.25837153,0.31327754,0.31423753,,,0.2404697,0.24779123,,,0.27584118,0.27847517
0.5833627,0.57407284,0.8912263,0.26620924,0.31715345,0.3078636,,,0.28028256,0.253043,,,0.29068315,0.26857716
0.58061767,0.5816279,0.89007753,0.27216798,0.3084497,0.30945992,,,0.29057813,0.27615327,,,0.29083127,0.28915656
0.587205,0.5824188,0.8901425,0.27948135,0.30772364,0.30293745,,,0.30315852,0.27330875,,,0.29840225,0.29107845
0.57573974,0.5782971,0.88899577,0.265041,0.31069875,0.31325608,,,0.25698406,0.2846505,,,0.2809564,0.29168153
0.58109844,0.5863993,0.8893643,0.27813345,0.302965,0.30826586,,,0.25665718,0.2696101,,,0.2777425,0.2875287
0.58179283,0.5842202,0.89019537,0.27581763,0.3059752,0.30840254,,,0.27956682,0.2693689,,,0.28880793,0.2868321
0.5844972,0.5802082,0.890824,0.27388138,0.31061584,0.3063268,,,0.26129353,0.2459619,,,0.28963006,0.27565598
0.58323854,0.5828478,0.8911887,0.27489763,0.3083409,0.30795014,,,0.27033806,0.25700468,,,0.27799898,0.2790162
0.5781912,0.5774888,0.8886544,0.26702553,0.3111657,0.31046325,,,0.25036347,0.26609528,,,0.27667642,0.28060752
0.58277583,0.578314,0.8897529,0.27133697,0.31143886,0.30697703,,,0.26246804,0.25075126,,,0.28057748,0.27405137
0.5871148,0.5822145,0.8904164,0.2789129,0.3082019,0.30330157,,,0.28883588,0.28425634,,,0.293751,0.28969568
0.5740731,0.57741123,0.88749486,0.2639894,0.3100837,0.31342185,,,0.27470785,0.2523933,,,0.28855276,0.2793972
0.5823078,0.58459973,0.8911113,0.27579623,0.30651158,0.3088035,,,0.26674557,0.2634707,,,0.28396934,0.28399694
0.58127457,0.5850337,0.8908114,0.2754969,0.30577767,0.3095368,,,0.27429235,0.26783955,,,0.28393173,0.2873072
0.57832533,0.5813103,0.89163685,0.2679987,0.31032664,0.31331158,,,0.25320905,0.2545004,,,0.28226465,0.28049582
0.5820514,0.5776426,0.88914025,0.2705537,0.3114977,0.3070889,,,0.2800271,0.27068764,,,0.2909844,0.28025055
0.5812444,0.5723068,0.8894353,0.26411593,0.31712848,0.30819088,,,0.2783081,0.26647002,,,0.29131418,0.28334916
0.577466,0.5676943,0.8869779,0.2581824,0.3192836,0.3095119,,,0.26489007,0.24247408,,,0.28705943,0.27338958
0.58291125,0.5814883,0.89111596,0.27328366,0.3096276,0.30820465,,,0.27268553,0.27810168,,,0.28545505,0.29046792
0.5869136,0.5829198,0.88967294,0.2801605,0.3067531,0.3027593,,,0.2612995,0.27407116,,,0.278696,0.28338492
0.58019006,0.5739434,0.8883894,0.26574403,0.31444603,0.30819935,,,0.2610392,0.2804135,,,0.28490537,0.29147607
0.57326263,0.5824536,0.891757,0.26395917,0.30930346,0.31849444,,,0.28017277,0.26953357,,,0.28777814,0.29191726
0.5802938,0.59597325,0.8930279,0.28323913,0.29705465,0.31273413,,,0.28785956,0.28766912,,,0.2857948,0.29459423
0.5723101,0.578835,0.89059377,0.26055133,0.31175876,0.31828368,,,0.25789857,0.2743857,,,0.2803617,0.29204476
0.5850346,0.5795722,0.8885213,0.2760855,0.3089491,0.3034867,,,0.25348848,0.26767182,,,0.27988428,0.27983052
0.5819931,0.5840047,0.89252007,0.27347767,0.30851543,0.31052703,,,0.27675074,0.28688455,,,0.2874545,0.29007477
0.578081,0.58486056,0.8886703,0.27427125,0.30380976,0.3105893,,,0.2738536,0.2929294,,,0.28205693,0.29564357
0.5861416,0.5816004,0.89228636,0.27545565,0.31068593,0.30614477,,,0.28522545,0.26816452,,,0.29156238,0.28105873
0.5815174,0.5820699,0.8931545,0.27043283,0.31108457,0.31163704,,,0.2750882,0.26566267,,,0.28955388,0.28341675
0.58177567,0.577019,0.88962924,0.2691654,0.31261027,0.30785358,,,0.26643914,0.26176965,,,0.29029965,0.28430814
0.58248544,0.5848743,0.8904464,0.2769133,0.30557215,0.307961,,,0.28034234,0.29099405,,,0.28508013,0.29003054
0.58029854,0.5863267,0.890747,0.27587825,0.3044203,0.31044847,,,0.26012284,0.267541,,,0.27804637,0.2873265
0.5832974,0.57598245,0.89123225,0.26804757,0.3152498,0.30793488,,,0.27124053,0.28336716,,,0.28432846,0.28558475
0.5785258,0.57918775,0.8894716,0.26824194,0.31028384,0.3109458,,,0.2811826,0.27333152,,,0.28958136,0.2834915
0.576824,0.57642245,0.88897824,0.26426816,0.31255585,0.3121543,,,0.25905234,0.24314117,,,0.28245956,0.27681124
0.5827,0.5807601,0.8892842,0.27417594,0.30852407,0.30658418,,,0.2716238,0.28191185,,,0.28643638,0.2892748
0.5737896,0.5749612,0.8890869,0.25966388,0.31412572,0.3152973,,,0.26354343,0.28085738,,,0.2827891,0.2919916
0.58098686,0.5781376,0.88840926,0.27071512,0.31027174,0.30742246,,,0.2772801,0.26667142,,,0.28529763,0.27724218
0.5893521,0.5822692,0.8892257,0.2823956,0.30695647,0.2998736,,,0.27080077,0.26554888,,,0.28506875,0.2800343
0.5845475,0.5858675,0.8916475,0.27876753,0.30578,0.3071,,,0.29707527,0.27346212,,,0.2947731,0.28786802
0.57747984,0.57833093,0.8905046,0.26530623,0.3121736,0.3130247,,,0.26173627,0.2730376,,,0.28147954,0.28457397
0.5869355,0.58050144,0.89128745,0.2761495,0.310786,0.30435193,,,0.2571401,0.27812266,,,0.2785974,0.2892071
0.58531016,0.5769578,0.88891894,0.273349,0.31196117,0.30360883,,,0.2915119,0.28992653,,,0.29397672,0.29200113
0.57576615,0.57992464,0.88946503,0.26622576,0.3095404,0.3136989,,,0.2482853,0.2806375,,,0.27302545,0.29099023
0.57340395,0.5748448,0.88709426,0.2611544,0.31224954,0.31369036,,,0.26835632,0.25299835,,,0.28476357,0.27951258
0.579187,0.5846269,0.8905574,0.27325642,0.30593055,0.3113705,,,0.2778532,0.29374212,,,0.28590328,0.29400033
0.5773121,0.5847539,0.8900701,0.2719959,0.3053162,0.31275797,,,0.26001006,0.2811839,,,0.28190923,0.29293007
0.5824777,0.584591,0.89074224,0.27632648,0.3061512,0.3082645,,,0.26259214,0.2813369,,,0.28151953,0.28969163
0.57957864,0.5792217,0.8906115,0.26818883,0.3113898,0.3110329,,,0.26931185,0.27509165,,,0.28559518,0.28523105
0.577092,0.5791726,0.89031404,0.2659505,0.3111415,0.3132221,,,0.24357933,0.2609092,,,0.27758396,0.2836249
0.5803069,0.5828979,0.8893061,0.27389866,0.30640823,0.30899924,,,0.25867414,0.2850849,,,0.27900845,0.29049063
0.5752434,0.58138084,0.8901841,0.2664402,0.3088032,0.31494063,,,0.27034307,0.2776122,,,0.281824,0.29095328
0.57842886,0.58031535,0.89032054,0.26842368,0.3100052,0.31189167,,,0.26813143,0.27824003,,,0.28032267,0.29023618
0.5819326,0.5741635,0.8890765,0.26701963,0.31491297,0.30714387,,,0.25914413,0.26971555,,,0.2814017,0.2797805
0.58860576,0.5832356,0.8924074,0.27943397,0.3091718,0.30380166,,,0.27249318,0.28334802,,,0.28966922,0.28280467
0.57703227,0.57887053,0.88814485,0.267758,0.30927426,0.31111252,,,0.26169884,0.26243246,,,0.27843952,0.28210038
0.5766248,0.5815408,0.8892615,0.2689042,0.3077206,0.3126366,,,0.267671,0.2737075,,,0.28373003,0.28354168
0.57649887,0.58763415,0.89040303,0.27373004,0.30276883,0.3139041,,,0.2633388,0.28388804,,,0.28288603,0.29400498
0.58152366,0.5791843,0.8893246,0.27138335,0.3101403,0.30780095,,,0.26534677,0.2742517,,,0.28230244,0.2835831
0.57620275,0.58535516,0.8912474,0.27031052,0.30589223,0.31504464,,,0.28430796,0.27808678,,,0.28777695,0.28829932
0.5831783,0.5773556,0.8894809,0.27105302,0.31212527,0.3063026,,,0.2632963,0.2607956,,,0.28023875,0.2799793
0.5774796,0.56563854,0.88760465,0.2555135,0.3219661,0.31012505,,,0.2753992,0.26959026,,,0.29072684,0.28029996
0.5846679,0.5822332,0.89158326,0.27531785,0.30935007,0.30691534,,,0.28713858,0.2839355,,,0.2948938,0.28720373
0.5779401,0.59049374,0.8876515,0.2807824,0.2971577,0.30971134,,,0.271612,0.25295037,,,0.2826677,0.28553706
0.58266187,0.58406925,0.8911226,0.27560854,0.30705333,0.3084607,,,0.27578986,0.2713787,,,0.28585553,0.28500515
0.5868933,0.583987,0.89298075,0.27789956,0.30899376,0.30608743,,,0.30142772,0.3042056,,,0.30006802,0.3016973
0.57761216,0.581074,0.8915951,0.26709104,0.31052113,0.31398296,,,0.27995634,0.28839552,,,0.28754306,0.2948807
0.582651,0.5686798,0.8881686,0.26316226,0.31948876,0.30551755,,,0.28021115,0.25800925,,,0.29602897,0.2792011
0.57959723,0.5711088,0.88839245,0.2623136,0.31728363,0.3087952,,,0.26197034,0.25796217,,,0.28408194,0.2858296
0.5831134,0.58557993,0.889259,0.27943432,0.30367905,0.3061456,,,0.27789444,0.2816218,,,0.28819323,0.28910697
0.5849964,0.5858227,0.8902036,0.28061545,0.30438095,0.30520725,,,0.25399452,0.2848227,,,0.27555388,0.28411812
0.5814976,0.5885796,0.88968873,0.28038847,0.30110914,0.30819112,,,0.285717,0.2736299,,,0.28709877,0.29074162
0.5918594,0.58369803,0.8931257,0.28243166,0.30942774,0.30126637,,,0.28907418,0.27920514,,,0.29407442,0.2872705
0.5887965,0.5767995,0.889375,0.27622104,0.31257546,0.30057847,,,0.26980257,0.27182412,,,0.2871521,0.28139365
0.5850854,0.58246666,0.8933738,0.2741782,0.31090719,0.30828846,,,0.2914242,0.27821392,,,0.29478562,0.28867233
0.57346404,0.5833454,0.89173186,0.2650776,0.30838645,0.31826782,,,0.25950998,0.2799173,,,0.27738392,0.2914608
0.5864171,0.58106714,0.88891006,0.27857423,0.30784285,0.30249292,,,0.28291827,0.27279443,,,0.29171872,0.2789973
0.5819595,0.5849114,0.89018166,0.27668917,0.3052703,0.30822223,,,0.2711699,0.2804699,,,0.2840082,0.2881598
0.5819402,0.5808108,0.89074767,0.2720033,0.30993688,0.3088075,,,0.2861427,0.27087742,,,0.29354316,0.2849052
0.5772847,0.57891816,0.8909919,0.26521087,0.31207383,0.3137073,,,0.2803052,0.26962328,,,0.2935962,0.28992838
0.5778055,0.57723534,0.88839024,0.26665062,0.3111549,0.31058472,,,0.2636398,0.2777086,,,0.28337628,0.28404063
0.576911,0.584661,0.890504,0.27106798,0.305843,0.31359303,,,0.2673136,0.2656421,,,0.28249973,0.27996594
0.58147216,0.58912045,0.88985527,0.28073728,0.30073488,0.30838317,,,0.2724048,0.2964639,,,0.28390992,0.29666835
0.57692283,0.58553386,0.891621,0.27083576,0.30608708,0.3146981,,,0.25620097,0.27913904,,,0.27791172,0.29102993
0.57878435,0.582557,0.888404,0.27293742,0.30584693,0.3096196,,,0.27546936,0.2616806,,,0.2848494,0.28181994
0.5812839,0.5847135,0.8899028,0.27609473,0.3051892,0.30861878,,,0.27425444,0.29392773,,,0.28731495,0.29467428
0.58219564,0.57416713,0.8893827,0.26698005,0.3152156,0.30718708,,,0.26530892,0.27712107,,,0.28390837,0.28628075
0.5773409,0.5772462,0.8903602,0.26422685,0.31311405,0.31301934,,,0.27723408,0.25704694,,,0.28880817,0.27478427
0.5780742,0.5854999,0.8904119,0.2731622,0.30491203,0.3123377,,,0.28621465,0.27993202,,,0.29338485,0.29364574
0.5824251,0.57265556,0.8873563,0.2677244,0.31470072,0.30493116,,,0.25290972,0.2487607,,,0.2794767,0.27353823
0.5920621,0.57488793,0.8908838,0.27606618,0.31599593,0.29882175,,,0.30338055,0.26821244,,,0.30269235,0.27742547
0.5747269,0.58385026,0.89037997,0.26819724,0.30652964,0.31565303,,,0.26399612,0.28068912,,,0.27608705,0.29509157
0.5947884,0.58242357,0.8898757,0.2873363,0.30745208,0.29508728,,,0.29801333,0.27475756,,,0.30085647,0.28286225
0.58368737,0.5842648,0.88874424,0.27920794,0.30447942,0.30505687,,,0.30515277,0.29292047,,,0.29513264,0.28983092
0.5824311,0.5925443,0.8924843,0.2824911,0.29994,0.31005323,,,0.29640788,0.29393864,,,0.29047948,0.29732674
0.58388346,0.58087337,0.8890887,0.27566808,0.30821538,0.3052053,,,0.2789783,0.28287905,,,0.28550446,0.2882346
0.56909764,0.57892156,0.8882931,0.2597261,0.30937153,0.31919545,,,0.24482054,0.28010684,,,0.27647012,0.29294562
0.5833127,0.58018136,0.8923045,0.27118963,0.31212306,0.30899173,,,0.28872204,0.28282112,,,0.2870354,0.28973407
0.5906632,0.58754706,0.892631,0.28557926,0.30508393,0.3019678,,,0.31179672,0.3039567,,,0.30032915,0.29396147
0.58580995,0.5800718,0.8924032,0.27347857,0.31233138,0.30659324,,,0.28377634,0.2631551,,,0.2893631,0.27820677
0.5833438,0.5765453,0.8920049,0.2678842,0.3154596,0.3086611,,,0.2736103,0.28136277,,,0.28697866,0.2850945
0.5755391,0.5789224,0.8910684,0.2633931,0.312146,0.3155293,,,0.26625335,0.24903738,,,0.28346455,0.27922207
0.5753443,0.58086884,0.88746774,0.26874542,0.3065989,0.31212342,,,0.2678073,0.2776245,,,0.28045315,0.28581208
0.5825829,0.57803553,0.890907,0.26971143,0.31287146,0.3083241,,,0.26548958,0.24828869,,,0.28566766,0.28036034
0.57732004,0.57325757,0.88963723,0.2609403,0.31637973,0.31231725,,,0.2807033,0.28867406,,,0.2895146,0.29277003
0.57876706,0.5801519,0.8884654,0.27045357,0.3083135,0.30969834,,,0.25755143,0.26079363,,,0.2742617,0.27943617
0.5825861,0.57942706,0.88911843,0.27289474,0.30969137,0.30653232,,,0.28273082,0.25188392,,,0.28789574,0.2754404
0.5818331,0.5829574,0.88913465,0.27565587,0.30617726,0.30730152,,,0.27614635,0.2817204,,,0.282089,0.28850782
0.5792715,0.5821681,0.8870257,0.27441394,0.30485755,0.30775416,,,0.2622385,0.27270836,,,0.27743626,0.28512824
0.58226836,0.5890429,0.8886712,0.28264004,0.29962832,0.30640286,,,0.26019502,0.25589174,,,0.27703816,0.27938122
0.58524245,0.5814035,0.88866174,0.27798426,0.3072582,0.30341923,,,0.2749262,0.27054638,,,0.2893967,0.28358525
0.5853951,0.58021915,0.88938457,0.27622968,0.30916542,0.30398947,,,0.27842677,0.25623137,,,0.2908938,0.2748955
0.58596444,0.5880716,0.8904133,0.28362274,0.3023417,0.30444884,,,0.28386998,0.27676445,,,0.286999,0.2846074
0.58374363,0.5829735,0.89189243,0.27482462,0.308919,0.30814886,,,0.2693289,0.26276243,,,0.2841766,0.28397548
0.5854697,0.5874816,0.8900164,0.28293496,0.30253476,0.30454665,,,0.28876406,0.27127886,,,0.28698885,0.28808606
0.58382493,0.5840197,0.89467543,0.27316922,0.3106557,0.3108505,,,0.28846633,0.27808386,,,0.29274726,0.2883721
0.5779771,0.58435,0.89006245,0.2722646,0.30571252,0.3120854,,,0.2522288,0.26790726,,,0.2808689,0.29008716
0.5769765,0.5769255,0.8887637,0.26513833,0.31183815,0.3117872,,,0.265458,0.26694918,,,0.28455758,0.28201896
0.57724345,0.58286214,0.89027345,0.26983213,0.3074113,0.31303,,,0.26877904,0.29057193,,,0.27834386,0.29334193
0.5851153,0.5899592,0.89111507,0.2839595,0.3011558,0.3059997,,,0.27936047,0.2928381,,,0.28801847,0.29451597
0.58698463,0.5889081,0.8908984,0.2849943,0.30199033,0.30391377,,,0.2733258,0.2935214,,,0.2822789,0.29233706
0.5798562,0.58637834,0.8915274,0.27470708,0.30514914,0.31167126,,,0.28204232,0.28642,,,0.29148662,0.29632288
0.578656,0.5746783,0.8889432,0.26439118,0.31426483,0.31028712,,,0.26192397,0.2576372,,,0.28497708,0.2789907
0.5708878,0.575978,0.88961595,0.2572499,0.3136379,0.3187281,,,0.26385456,0.25644994,,,0.27758443,0.28091782
0.5944757,0.579666,0.891749,0.28239262,0.31208307,0.2972734,,,0.29548663,0.28132898,,,0.29349023,0.2821573
0.58306,0.582435,0.89016587,0.27532917,0.30773085,0.30710584,,,0.275492,0.2759894,,,0.28662997,0.2853616
0.5838264,0.58284044,0.8905677,0.27609915,0.30772728,0.3067413,,,0.262972,0.26987064,,,0.28487992,0.29032832
0.57810926,0.58530647,0.8906598,0.27275586,0.3053534,0.3125506,,,0.25970894,0.28109926,,,0.27492636,0.28596044
0.5755142,0.58360356,0.88809997,0.27101773,0.30449647,0.31258583,,,0.24887818,0.2622587,,,0.2723403,0.2869274
0.58618855,0.5794134,0.88933116,0.2762708,0.30991775,0.3031426,,,0.2924565,0.26648355,,,0.29010952,0.2760561
0.5781503,0.5965932,0.89240205,0.28234136,0.2958089,0.31425184,,,0.2771858,0.27798355,,,0.27667195,0.28803778
0.5748071,0.5924436,0.88924474,0.2780059,0.2968012,0.3144377,,,0.28205216,0.30176663,,,0.2821406,0.29769814
0.5802343,0.58093596,0.8923171,0.26885313,0.31138116,0.31208283,,,0.25830162,0.28583825,,,0.2780515,0.2937256
0.5792587,0.58115494,0.8893086,0.27110505,0.30815363,0.3100499,,,0.25734562,0.24951994,,,0.27512956,0.27421677
0.5831212,0.58334255,0.88976085,0.27670288,0.3064183,0.30663967,,,0.267622,0.2786157,,,0.277914,0.28719622
0.5819893,0.58594847,0.8894068,0.27853096,0.30345833,0.3074175,,,0.27784604,0.26842558,,,0.28246135,0.27937037
0.5817199,0.582937,0.8897166,0.27494025,0.30677962,0.30799675,,,0.26954347,0.27389008,,,0.28473866,0.28958648
0.5760035,0.58105135,0.8882937,0.26876122,0.30724227,0.31229013,,,0.24178797,0.2641791,,,0.27218914,0.28226626
0.5846869,0.5804533,0.88880473,0.27633542,0.30835146,0.30411786,,,0.27918988,0.27698618,,,0.28591847,0.27898872
0.58343416,0.5879694,0.88893616,0.28246748,0.30096668,0.30550194,,,0.26092476,0.27884388,,,0.27805936,0.28750324
0.5773573,0.5831951,0.890591,0.26996136,0.30739594,0.31323373,,,0.26852876,0.2841401,,,0.2840473,0.29396737
0.57841575,0.57935536,0.8911083,0.26666284,0.31175292,0.31269252,,,0.26178002,0.26208496,,,0.28368974,0.28094494
0.5819675,0.5673543,0.8862586,0.2630632,0.31890428,0.30429113,,,0.25846136,0.24326855,,,0.28718668,0.26729798
0.5824919,0.58582425,0.89190876,0.27640736,0.3060845,0.3094169,,,0.28568017,0.2726035,,,0.29000014,0.2867388
0.5858739,0.5795988,0.8920153,0.27345747,0.31241643,0.30614132,,,0.27072197,0.27306885,,,0.28827125,0.28448766
0.5888077,0.58000124,0.8903402,0.27846873,0.31033897,0.3015325,,,0.2729097,0.25149226,,,0.2866,0.2735623
0.5790752,0.5813947,0.8889379,0.271532,0.30754322,0.30986267,,,0.26049322,0.2853254,,,0.28186744,0.293338
0.57983804,0.58151865,0.8894702,0.27188647,0.30795157,0.30963218,,,0.27121657,0.27366138,,,0.28361708,0.2845531
0.5760105,0.57890487,0.8894511,0.26546425,0.31054628,0.31344062,,,0.26620263,0.26505387,,,0.2805876,0.28718293
0.58459866,0.58154,0.89013666,0.276002,0.30859667,0.305538,,,0.2753662,0.2867844,,,0.28442746,0.2883904
0.5911244,0.5818341,0.892025,0.2809335,0.31019092,0.30090058,,,0.29270768,0.27456993,,,0.29454088,0.28107542
0.58236164,0.5871144,0.8920783,0.27739775,0.3049639,0.30971664,,,0.27992225,0.28426206,,,0.28759962,0.2917636
0.5791735,0.5759257,0.8872097,0.26788944,0.31128407,0.30803627,,,0.29112303,0.27172637,,,0.29684258,0.28428477
0.5875102,0.58119833,0.89169,0.27701855,0.31049168,0.3041798,,,0.26945698,0.26924706,,,0.28997523,0.28501022
0.57571214,0.58743334,0.8895736,0.27357197,0.30214018,0.31386137,,,0.26384258,0.27403975,,,0.27482998,0.28932494
0.5861207,0.57447326,0.88811624,0.27247775,0.31364298,0.30199552,,,0.2812215,0.27018785,,,0.29120785,0.2813679
0.5846783,0.58254343,0.88934135,0.27788043,0.30679786,0.304663,,,0.27212888,0.27583766,,,0.28229034,0.28490108
0.5803479,0.59005296,0.8919497,0.27845114,0.30189675,0.31160182,,,0.26487708,0.26614904,,,0.28008437,0.28666258
0.58042276,0.57691056,0.88851154,0.26882184,0.31160092,0.30808872,,,0.27004886,0.2775663,,,0.28807926,0.28866547
0.58189094,0.5813792,0.8914788,0.27179134,0.3100996,0.30958784,,,0.2752406,0.26264048,,,0.28732055,0.27735245
0.5872967,0.58240724,0.8907184,0.27898556,0.30831116,0.30342168,,,0.2761178,0.26037306,,,0.28801382,0.27860022
0.58104146,0.5838789,0.88869935,0.27622098,0.30482048,0.3076579,,,0.26514626,0.2659068,,,0.2818994,0.2853667
0.5873002,0.5855292,0.8925581,0.2802713,0.3070289,0.30525792,,,0.27283442,0.2575637,,,0.29128093,0.27929068
0.5912597,0.5739813,0.88868594,0.27655506,0.31470466,0.29742622,,,0.27949798,0.26697224,,,0.29254383,0.27793783
0.5870226,0.5827067,0.89066947,0.27905977,0.30796283,0.30364692,,,0.25444752,0.26190716,,,0.27447534,0.2812804
0.586176,0.58085096,0.89193827,0.27508873,0.31108725,0.30576223,,,0.27119637,0.27101493,,,0.28240186,0.28560233
0.57942307,0.58174205,0.8893446,0.27182055,0.30760252,0.3099215,,,0.26562303,0.26949573,,,0.28599256,0.28234625
0.5763319,0.5870595,0.8887243,0.27466702,0.3016649,0.31239247,,,0.27278936,0.2954402,,,0.28441125,0.29909813
0.58335215,0.5863925,0.8921625,0.27758223,0.30576992,0.3088103,,,0.2509219,0.25668305,,,0.2765252,0.28460366
0.59033847,0.5833577,0.8921906,0.28150558,0.30883288,0.3018521,,,0.28202516,0.26256794,,,0.2909273,0.28121638
0.5893632,0.5749229,0.8881495,0.27613664,0.31322658,0.29878628,,,0.2609372,0.26232553,,,0.2904989,0.27698117
0.58458924,0.5825672,0.89120424,0.27595222,0.30863702,0.306615,,,0.27139515,0.28221405,,,0.28123468,0.28455108
0.575171,0.5944035,0.8911637,0.2784108,0.2967602,0.3159927,,,0.2753104,0.28200173,,,0.27881116,0.29267418
0.57817,0.58447325,0.8885794,0.27406377,0.30410624,0.3104095,,,0.2774716,0.29672694,,,0.28078407,0.2921322
0.5826061,0.569853,0.88906074,0.2633984,0.31920767,0.3064546,,,0.23087376,0.26249313,,,0.27832592,0.27874827
0.58657587,0.5798204,0.8903687,0.27602756,0.3105483,0.30379283,,,0.297535,0.2827112,,,0.29421598,0.28192055
0.5818874,0.58380127,0.89171714,0.27397162,0.3079158,0.30982965,,,0.299434,0.29147446,,,0.2957009,0.29261565
0.5870253,0.5717118,0.8889121,0.26982498,0.3172003,0.3018868,,,0.26548487,0.2606092,,,0.28181243,0.27704668
0.5947703,0.58104575,0.8944071,0.28140897,0.31336135,0.29963678,,,0.29769725,0.2782688,,,0.29783332,0.2800485
0.57760376,0.58572674,0.88960916,0.2737214,0.30388236,0.31200534,,,0.27434522,0.28381968,,,0.28197956,0.28875428
0.58526814,0.5648025,0.89011735,0.25995332,0.32531482,0.3048492,,,0.28542227,0.26280928,,,0.30075347,0.27542835
0.5826484,0.5788247,0.89158565,0.2698874,0.312761,0.3089373,,,0.28355718,0.27988768,,,0.29384124,0.28478283
0.5885718,0.57895195,0.89165145,0.2758723,0.3126995,0.30307966,,,0.28716034,0.2530815,,,0.29376024,0.2747355
0.5816266,0.58554816,0.89244956,0.27472526,0.30690134,0.3108229,,,0.26791906,0.2903021,,,0.28283882,0.30068672
0.58054143,0.5808414,0.8916529,0.26973003,0.3108114,0.3111114,,,0.2863167,0.29458642,,,0.2887143,0.29496527
0.5849481,0.5783113,0.8887176,0.2745419,0.3104062,0.3037694,,,0.27736044,0.287691,,,0.28272384,0.28865355
0.5795826,0.5746881,0.88906455,0.2652061,0.31437647,0.30948198,,,0.28835392,0.26827186,,,0.29162997,0.2805692
0.57906115,0.57965297,0.8905195,0.26819456,0.3108666,0.3114584,,,0.26124322,0.28029984,,,0.28100294,0.28167635
0.5891161,0.58702123,0.891471,0.2846663,0.3044498,0.30235493,,,0.27909923,0.27662224,,,0.28885257,0.28737187
0.5735972,0.5777167,0.8868586,0.26445532,0.30914187,0.3132614,,,0.25785333,0.275029,,,0.2753954,0.2852481
0.58086395,0.5803351,0.88998395,0.27121514,0.3096488,0.30911994,,,0.28325385,0.2666598,,,0.28470606,0.28068095
0.5851993,0.584502,0.88833493,0.2813664,0.3038329,0.30313557,,,0.27871305,0.28330803,,,0.2813055,0.28892124
0.5866704,0.57927513,0.8899765,0.27596903,0.31070137,0.3033061,,,0.291934,0.27534485,,,0.29322416,0.28373802
0.58346695,0.58820295,0.8922188,0.27945113,0.30401582,0.30875182,,,0.27679396,0.27623963,,,0.28482902,0.2931779
0.58176196,0.58134127,0.89073807,0.27236515,0.3093968,0.3089761,,,0.2680745,0.27583647,,,0.2839586,0.28959173
0.5823314,0.57295644,0.88857824,0.26670963,0.3156218,0.30624682,,,0.26701897,0.25528854,,,0.28724182,0.2796752
0.58772504,0.5783409,0.88999194,0.276074,0.31165105,0.3022669,,,0.28413445,0.26412207,,,0.2919796,0.27418846
0.57299376,0.57660174,0.88712656,0.26246893,0.31052482,0.3141328,,,0.24822998,0.2563157,,,0.27882725,0.28372407
0.5807724,0.5694475,0.88623106,0.26398885,0.31678355,0.30545866,,,0.27527052,0.24489528,,,0.28715867,0.27685672
0.5799774,0.5829257,0.8893099,0.2735932,0.3063842,0.3093325,,,0.26204705,0.26964736,,,0.27652365,0.28657985
0.5792384,0.5915192,0.8891119,0.28164566,0.29759276,0.30987352,,,0.25053316,0.26749456,,,0.2749347,0.28336442
0.57345617,0.59176815,0.88922346,0.27600086,0.2974553,0.3157673,,,0.25889742,0.2977379,,,0.27233207,0.29889923
0.5846785,0.5771891,0.88841265,0.27345496,0.3112235,0.30373412,,,0.26792687,0.25924766,,,0.28619224,0.2787254
0.57928556,0.57482505,0.8887317,0.26537895,0.3139066,0.3094461,,,0.24808586,0.259852,,,0.2734242,0.2769516
0.5824572,0.58217525,0.89169836,0.27293408,0.3095231,0.30924118,,,0.30222207,0.28317553,,,0.29466957,0.28384852
0.5795233,0.5827255,0.892778,0.26947087,0.31005245,0.31325465,,,0.28494173,0.27205777,,,0.2892486,0.28886473
0.5791347,0.5794853,0.8908345,0.2677855,0.3113492,0.3116998,,,0.27516103,0.29136235,,,0.28701413,0.28790098
0.57045996,0.57618093,0.8884205,0.25822037,0.3122396,0.31796056,,,0.25611252,0.251531,,,0.27695942,0.28124374
0.5844226,0.5768062,0.88683903,0.27438974,0.31003284,0.30241644,,,0.28726006,0.28169763,,,0.2899884,0.28736264
0.5751619,0.58056617,0.8894887,0.2662394,0.30892247,0.31432676,,,0.28355914,0.26632804,,,0.28824753,0.28529036
0.57861745,0.58227277,0.88998926,0.27090096,0.3077165,0.3113718,,,0.2654199,0.2620908,,,0.28149992,0.2814377
0.5898171,0.57940686,0.8912628,0.2779612,0.3118559,0.30144566,,,0.27954477,0.26075214,,,0.28843284,0.27704495
0.5814805,0.58342206,0.8915738,0.27332878,0.30815172,0.31009328,,,0.26602268,0.25423813,,,0.2822653,0.27880454
0.58461916,0.5757693,0.8902393,0.27014917,0.31447,0.30562013,,,0.27514625,0.26549107,,,0.29342455,0.28106505
0.5811776,0.58074474,0.88978106,0.27214128,0.3090363,0.30860347,,,0.29731947,0.26774913,,,0.2943517,0.2841152
0.58002555,0.5809715,0.8909301,0.27006692,0.30995864,0.31090456,,,0.2906983,0.27708787,,,0.29452986,0.28944725
0.5862935,0.5746493,0.8892918,0.27165097,0.31464255,0.3029983,,,0.26892984,0.24404311,,,0.28952903,0.26925862
0.5750505,0.5800924,0.8902973,0.2648455,0.31020498,0.31524688,,,0.27673453,0.27041924,,,0.28903067,0.288867
0.57389045,0.572155,0.88767755,0.2583679,0.31552255,0.3137871,,,0.2682386,0.27970445,,,0.28900063,0.28724152
0.583353,0.579435,0.8860879,0.27670002,0.30665296,0.30273497,,,0.25901443,0.25527424,,,0.28118032,0.27662218
0.58374,0.5796123,0.8912511,0.27210116,0.31163883,0.30751115,,,0.2811103,0.28164214,,,0.2903818,0.28752464
0.57824767,0.58312166,0.8909129,0.27045643,0.30779123,0.31266522,,,0.27613097,0.23822778,,,0.2867369,0.27495062
0.5821401,0.5863542,0.88887024,0.279624,0.3025161,0.3067302,,,0.2897902,0.2780848,,,0.29196036,0.29036576
0.59029734,0.58613896,0.8926526,0.28378373,0.3065136,0.30235523,,,0.25888443,0.26142406,,,0.28178728,0.2800414
0.57846093,0.5830133,0.88980716,0.27166706,0.30679387,0.31134623,,,0.28474993,0.2856545,,,0.28842384,0.29040074
0.5869608,0.5796759,0.8909496,0.2756871,0.3112737,0.3039888,,,0.28491414,0.26502347,,,0.29225856,0.28081948
0.5768149,0.5807215,0.8883636,0.2691728,0.3076421,0.3115487,,,0.25808436,0.24040735,,,0.27511704,0.26884192
0.58362436,0.581295,0.8905302,0.27438915,0.30923522,0.30690587,,,0.26713246,0.2747975,,,0.28498232,0.28834212
0.5790596,0.5785876,0.8877487,0.2698984,0.3091612,0.30868918,,,0.242683,0.2593549,,,0.2745198,0.28422344
0.58783793,0.57409275,0.8912383,0.2706924,0.31714553,0.30340034,,,0.288229,0.27433324,,,0.2928664,0.28522158
0.5789553,0.5825956,0.8914083,0.27014256,0.30881274,0.31245303,,,0.272341,0.2747231,,,0.27904338,0.28992528
0.57938945,0.5746588,0.88963956,0.26440865,0.3149808,0.31025016,,,0.26487797,0.25498116,,,0.28160262,0.27747464
0.5820668,0.58323574,0.88983303,0.27546948,0.3065973,0.30776626,,,0.26156342,0.2854932,,,0.2850535,0.29055458
0.5766467,0.58315206,0.889152,0.27064675,0.30599993,0.3125053,,,0.26428258,0.2602244,,,0.279342,0.27672213
0.578732,0.5798023,0.8887529,0.2697814,0.3089506,0.31002086,,,0.28865808,0.27770615,,,0.29177213,0.29213572
0.5816308,0.5788171,0.89077705,0.2696709,0.31195992,0.30914623,,,0.26970685,0.2814774,,,0.28691947,0.28832775
0.5831462,0.5802465,0.8896641,0.27372867,0.30941755,0.30651784,,,0.28469068,0.2923023,,,0.2886623,0.29395682
0.5777954,0.5811248,0.88820744,0.27071273,0.30708265,0.31041205,,,0.26789784,0.24255133,,,0.28010207,0.27563906
0.5828847,0.5787948,0.89001054,0.27166897,0.31121576,0.3071258,,,0.2909875,0.29596585,,,0.2884879,0.28926408
0.58000255,0.5708723,0.8889679,0.26190698,0.31809556,0.30896533,,,0.28051335,0.23910356,,,0.2949351,0.26877737
0.58647704,0.5824046,0.89103454,0.2778471,0.30862993,0.3045575,,,0.27180338,0.26598382,,,0.28701591,0.28274572
0.5814594,0.5827412,0.89263314,0.2715674,0.309892,0.3111738,,,0.26092905,0.27824533,,,0.2857356,0.29554605
0.56912875,0.5782676,0.8894874,0.25790894,0.3112198,0.32035863,,,0.26156574,0.2627769,,,0.27949756,0.28904474
0.57426435,0.58293307,0.88933635,0.26786113,0.30640322,0.31507194,,,0.24516034,0.26188165,,,0.27332336,0.2859916
0.5796474,0.58271956,0.89143354,0.27093345,0.30871397,0.31178612,,,0.26077843,0.2775364,,,0.28011245,0.28571194
0.58363,0.5858816,0.8899939,0.27951765,0.30411237,0.30636394,,,0.2723505,0.28216916,,,0.28247648,0.2872861
0.57818675,0.58715945,0.89032584,0.2750203,0.30316645,0.31213915,,,0.2887057,0.29232877,,,0.28612578,0.29813838
0.580007,0.58375406,0.8909101,0.27285105,0.30715597,0.310903,,,0.27799994,0.2775318,,,0.28538698,0.28659725
0.5880797,0.58159196,0.8929056,0.27676606,0.31131363,0.3048259,,,0.30224836,0.27581918,,,0.2958542,0.28255355
0.5782398,0.5767867,0.89071506,0.26431137,0.31392843,0.31247532,,,0.27629638,0.25019813,,,0.2913956,0.27885246
0.58097494,0.58657366,0.89064264,0.276906,0.30406892,0.30966765,,,0.28502023,0.29635483,,,0.2894187,0.29529142
0.5772542,0.5678313,0.8895788,0.25550663,0.32174754,0.31232464,,,0.26141274,0.24782377,,,0.282587,0.27576464
0.5815172,0.57847416,0.8877106,0.2722808,0.3092364,0.30619335,,,0.24889994,0.2582419,,,0.27165323,0.2808187
0.57794344,0.57096434,0.88896376,0.25994402,0.31799942,0.3110203,,,0.25277442,0.2602042,,,0.2767043,0.27828628
0.58547443,0.5792905,0.8903906,0.2743743,0.31110013,0.3049162,,,0.28125507,0.26225084,,,0.29300505,0.27827555
0.58480865,0.5866257,0.8907323,0.2807021,0.30410653,0.30592358,,,0.2662481,0.28324395,,,0.2811349,0.28931737
0.5858387,0.5758576,0.88787663,0.27381957,0.3120191,0.302038,,,0.28069234,0.25817436,,,0.28827977,0.27689117
0.5801302,0.58221316,0.89079356,0.27154982,0.3085804,0.31066334,,,0.2573105,0.28729278,,,0.2771111,0.29260844
0.5819701,0.5785821,0.8893372,0.27121508,0.310755,0.30736703,,,0.2815379,0.2654057,,,0.28792268,0.28331256
0.5892566,0.57779586,0.89008677,0.27696574,0.31229085,0.30083013,,,0.28835642,0.27041155,,,0.29547775,0.27972877
0.5801494,0.5851934,0.88992846,0.27541435,0.30473506,0.30977905,,,0.2856546,0.29661804,,,0.2909606,0.29526806
0.5787231,0.5848707,0.88892245,0.27467132,0.30405176,0.31019938,,,0.25916606,0.27946943,,,0.27341884,0.28951377
0.57936156,0.5849943,0.8909013,0.27345455,0.305907,0.31153977,,,0.28674644,0.28606153,,,0.28871322,0.2944389
0.5840666,0.58581734,0.8902038,0.2796802,0.30438644,0.30613714,,,0.27729136,0.2900887,,,0.2801093,0.29408997
0.57888985,0.58089983,0.89058185,0.26920784,0.309682,0.311692,,,0.2582215,0.27923185,,,0.28065985,0.29212052
0.5766987,0.57711166,0.8876067,0.2662037,0.31049502,0.31090796,,,0.26117527,0.25866324,,,0.28154284,0.27581733
0.5791434,0.5804526,0.8881648,0.27143115,0.30771226,0.30902147,,,0.28819996,0.24239534,,,0.28746414,0.2733823
0.58154666,0.58461523,0.88951373,0.27664816,0.3048985,0.30796707,,,0.27123845,0.28102112,,,0.28520298,0.28761584
0.5780867,0.58587503,0.8908934,0.27306825,0.30501842,0.3128068,,,0.26756245,0.28044575,,,0.27889562,0.29003894
0.5826434,0.57756,0.88970923,0.27049422,0.31214917,0.30706578,,,0.25723577,0.26162803,,,0.28300977,0.2839374
0.5693407,0.5719916,0.8877861,0.2535463,0.3157944,0.31844532,,,0.2731371,0.27762032,,,0.28339446,0.2839349
0.5759881,0.580395,0.8899577,0.2664253,0.3095628,0.31396967,,,0.27811313,0.2777636,,,0.28909183,0.2904533
0.57991254,0.58377564,0.89011353,0.27357465,0.3063379,0.310201,,,0.2712233,0.27699435,,,0.2831406,0.28773928
0.57967186,0.580118,0.8906499,0.2691399,0.31053197,0.3109781,,,0.25774807,0.28661948,,,0.28091496,0.29374683
0.58089817,0.5782651,0.89099544,0.2681678,0.31273037,0.31009728,,,0.2794252,0.27868992,,,0.28917718,0.28708804
0.5867845,0.58682734,0.8909104,0.2827015,0.304083,0.30412585,,,0.26849556,0.27703512,,,0.28402632,0.28865927
0.58359104,0.5842794,0.88866043,0.2792101,0.30438095,0.30506933,,,0.26228178,0.26846385,,,0.28155822,0.28414738
0.5842719,0.57678354,0.8888115,0.27224392,0.312028,0.30453962,,,0.26960886,0.2639554,,,0.28960687,0.28027862
0.58374184,0.58651096,0.8908012,0.2794516,0.30429024,0.30705935,,,0.28693455,0.29647034,,,0.2844594,0.29405463
0.58459496,0.57760227,0.89021087,0.27198637,0.3126086,0.3056159,,,0.2580976,0.27016908,,,0.282363,0.28569525
0.5786604,0.58781743,0.89006984,0.27640808,0.30225235,0.31140935,,,0.24814636,0.29717517,,,0.2723052,0.2954734
0.58313704,0.5789829,0.89015967,0.2719602,0.31117684,0.3070227,,,0.27258003,0.28338635,,,0.28672272,0.28448576
0.5834467,0.58849645,0.8909772,0.28096598,0.3024807,0.30753046,,,0.29555178,0.27718621,,,0.29268426,0.28843433
0.5840489,0.58604425,0.89266396,0.27742922,0.3066197,0.30861503,,,0.27225578,0.2902177,,,0.28201246,0.29304844
0.57990766,0.57621,0.8893752,0.26674247,0.3131652,0.30946755,,,0.26921028,0.26693308,,,0.28275675,0.28189248
0.5804474,0.57511425,0.88942957,0.26613212,0.31431526,0.30898213,,,0.29509354,0.27569938,,,0.29330677,0.2855851
0.575402,0.5825388,0.88780266,0.2701382,0.30526382,0.31240058,,,0.26686448,0.2670052,,,0.28479755,0.2872666
0.57543206,0.5906591,0.8910098,0.2750814,0.30035067,0.3155777,,,0.26724988,0.29967725,,,0.2706793,0.29829425
0.5745777,0.58173215,0.88901687,0.26729298,0.3072847,0.31443918,,,0.2726524,0.27482653,,,0.28900063,0.29042596
0.57833207,0.5808704,0.8883991,0.27080333,0.30752873,0.31006706,,,0.25641835,0.2538029,,,0.2724499,0.27666903
0.58373237,0.5778414,0.8911326,0.27044117,0.3132912,0.30740023,,,0.2832439,0.27682984,,,0.29101604,0.28620756
0.57877505,0.5804558,0.890243,0.26898783,0.3097872,0.31146795,,,0.26188844,0.2703939,,,0.2774042,0.2821234
0.5763712,0.5723075,0.88820076,0.26047802,0.31589317,0.3118295,,,0.25616312,0.24948192,,,0.28253812,0.2782243
0.58381855,0.5781951,0.8883294,0.27368426,0.3101343,0.30451083,,,0.27451736,0.25932252,,,0.28969496,0.28183633
0.5765941,0.56922305,0.8879324,0.25788474,0.31870937,0.3113383,,,0.27217406,0.2336011,,,0.29140317,0.2669559
0.5904949,0.5802684,0.89137405,0.2793892,0.31110567,0.30087918,,,0.297509,0.2917673,,,0.29888064,0.28931785
0.5782379,0.5775615,0.89185876,0.26394063,0.31429726,0.31362087,,,0.27420712,0.28449154,,,0.2896744,0.29232538
0.5837455,0.5780577,0.88785964,0.2739436,0.30980188,0.3041141,,,0.28076512,0.27093703,,,0.29052657,0.2843616
0.58722925,0.5804882,0.89220566,0.2755118,0.31171745,0.3049764,,,0.28773552,0.27319282,,,0.2988097,0.2877341
0.5861662,0.58428407,0.89199245,0.27845776,0.30770844,0.3058263,,,0.28238207,0.29607862,,,0.29197842,0.29434115
0.58023334,0.5750176,0.8884082,0.26684272,0.3133906,0.30817485,,,0.2718302,0.2575788,,,0.28695852,0.27624947
0.5819769,0.584218,0.89116603,0.27502888,0.306948,0.30918914,,,0.29118192,0.2853849,,,0.29376107,0.29033804
0.58039796,0.5835755,0.89050186,0.2734716,0.30692637,0.3101039,,,0.29143882,0.27630574,,,0.2896033,0.28764182
0.58149636,0.5790442,0.8913297,0.26921088,0.31228548,0.30983335,,,0.27335203,0.27956808,,,0.2869507,0.28907537
0.5804307,0.5787871,0.8894249,0.2697929,0.31063777,0.30899417,,,0.26972795,0.27325058,,,0.28905416,0.28810328
0.5736886,0.57817864,0.88825923,0.26360804,0.3100806,0.3145706,,,0.27195352,0.25834894,,,0.27755314,0.27967644
0.57922685,0.5741306,0.88921314,0.26414436,0.3150825,0.30998623,,,0.26159346,0.27615464,,,0.28407258,0.2863589
0.5789476,0.57533765,0.88888943,0.26539576,0.31355184,0.3099419,,,0.2573421,0.25946176,,,0.28049684,0.2797212
0.5839477,0.5760154,0.8918156,0.26814753,0.3158002,0.30786788,,,0.297553,0.24987686,,,0.29895967,0.2782932
0.58090246,0.5725976,0.88919663,0.26430345,0.316599,0.30829418,,,0.26478064,0.26819968,,,0.2860849,0.2820924
0.5765619,0.58307254,0.8885498,0.27108467,0.30547726,0.31198788,,,0.27436566,0.261849,,,0.2883879,0.28105563
0.5820062,0.5841712,0.8915772,0.2746002,0.307406,0.30957097,,,0.28228766,0.27662486,,,0.28863513,0.28993344
0.5815807,0.57580715,0.8870389,0.27034897,0.31123173,0.3054582,,,0.26012498,0.25343698,,,0.2823547,0.2802794
0.5800042,0.5907164,0.8898038,0.28091675,0.29908746,0.30979967,,,0.27786368,0.27708596,,,0.2841556,0.28875643
0.58179855,0.58336544,0.89140123,0.27376276,0.3080358,0.30960268,,,0.27386254,0.26513338,,,0.28508258,0.2806111
0.5844294,0.5823652,0.8926569,0.27413762,0.31029177,0.3082276,,,0.29368836,0.2798078,,,0.2947399,0.28417033
0.5819368,0.5760143,0.8888924,0.2690587,0.31287807,0.30695558,,,0.2598521,0.2489118,,,0.28123075,0.2765522
0.58385384,0.5833484,0.8912233,0.27597892,0.30787492,0.30736947,,,0.25526106,0.27149528,,,0.2778222,0.2893452
0.5875106,0.5759373,0.88869315,0.2747547,0.31275588,0.30118257,,,0.28057528,0.26665092,,,0.28997278,0.2787121
0.5739281,0.5782625,0.8898628,0.2623279,0.3116002,0.3159346,,,0.26195484,0.27425414,,,0.27957392,0.28959262
0.5833874,0.5830929,0.88925576,0.27722454,0.30616283,0.3058684,,,0.26890135,0.26360804,,,0.28386062,0.28060257
0.57315946,0.589905,0.89042395,0.27264053,0.30051893,0.3172645,,,0.25922406,0.30336434,,,0.27789772,0.3046062
0.58086765,0.588487,0.8926577,0.27669698,0.30417067,0.31179005,,,0.2678762,0.292769,,,0.28505015,0.2993837
0.5751001,0.5767287,0.889161,0.26266778,0.31243235,0.31406093,,,0.250929,0.2535798,,,0.2806214,0.27572954
0.5810801,0.5816753,0.8892613,0.27349406,0.307586,0.30818123,,,0.2667982,0.27473933,,,0.28102,0.28785348
0.5900172,0.5844464,0.89129233,0.28317118,0.30684602,0.3012752,,,0.28921676,0.28212893,,,0.2925378,0.2818535
0.5833354,0.5863925,0.89077586,0.27895206,0.30438334,0.30744046,,,0.27415264,0.28669894,,,0.28095382,0.28969878
0.57364166,0.5833641,0.88821906,0.26878673,0.30485493,0.3145774,,,0.26262265,0.26349145,,,0.28079987,0.28770363
0.5845126,0.58144397,0.8915712,0.27438527,0.31012732,0.3070587,,,0.26800674,0.2784174,,,0.28643078,0.28157288
0.58073115,0.5885736,0.89180696,0.27749777,0.30323339,0.3110758,,,0.28888828,0.30197328,,,0.2896037,0.2969644
0.58921283,0.5811393,0.891225,0.27912724,0.3100856,0.3020121,,,0.2805168,0.2832986,,,0.29213727,0.28672922
0.584428,0.5798838,0.88942623,0.27488565,0.30954236,0.30499816,,,0.26853704,0.28446358,,,0.28298628,0.28610152
0.5811569,0.5771469,0.8878068,0.27049696,0.31065995,0.30664992,,,0.27253407,0.25855517,,,0.29041475,0.2834903
0.58062494,0.5817601,0.89041996,0.27196503,0.3086599,0.30979508,,,0.27380383,0.27135408,,,0.28579402,0.28624046
0.58135444,0.57769245,0.89106,0.2679869,0.31336755,0.30970556,,,0.29013056,0.27046657,,,0.29433048,0.28714848
0.58511376,0.58185256,0.89124644,0.27571988,0.30939388,0.30613267,,,0.2719434,0.27957278,,,0.28754675,0.28475165
0.5769514,0.5960959,0.8929352,0.2801121,0.2968393,0.31598383,,,0.26051474,0.2889933,,,0.2764265,0.2954011
0.5852128,0.5771831,0.89035916,0.2720368,0.31317604,0.30514634,,,0.26855093,0.27025086,,,0.28832722,0.2817924
0.5679436,0.5784813,0.8897584,0.25666648,0.3112771,0.32181484,,,0.24781668,0.25729626,,,0.27849835,0.28357625
0.58039075,0.57683873,0.88783896,0.26939046,0.3110003,0.30744827,,,0.28036773,0.2649259,,,0.2948743,0.2842521
0.5874417,0.5784706,0.88900083,0.27691144,0.31053025,0.30155915,,,0.291084,0.26801872,,,0.29228634,0.28149396
0.58377945,0.57728183,0.8888381,0.27222317,0.31155628,0.30505866,,,0.29689598,0.28244585,,,0.29854393,0.28872043
0.58223623,0.5855192,0.89059126,0.2771641,0.30507213,0.3083551,,,0.27362978,0.28818393,,,0.28230578,0.29390687
0.58349895,0.56911594,0.8881241,0.26449072,0.31900823,0.3046252,,,0.2705376,0.26129204,,,0.28539658,0.2785613
0.58131135,0.5741005,0.89052296,0.26488888,0.31642246,0.3092116,,,0.2708078,0.28713667,,,0.2853248,0.2910068
0.5817162,0.57815236,0.8889888,0.2708797,0.3108365,0.30727267,,,0.26538593,0.2622109,,,0.28004318,0.28052366
0.5785618,0.57882303,0.8885171,0.2688678,0.309694,0.30995524,,,0.264458,0.2680894,,,0.286018,0.28593796
0.5686618,0.58885986,0.88923275,0.26828897,0.30037284,0.3205709,,,0.25039697,0.26508528,,,0.2693978,0.2923125
0.57811964,0.58504426,0.89145184,0.27171206,0.30640757,0.3133322,,,0.27925032,0.3015719,,,0.28669882,0.29887164
0.5863173,0.5736784,0.8890128,0.27098286,0.31533444,0.3026955,,,0.2648024,0.2596265,,,0.2870924,0.2737782
0.5857703,0.5770303,0.88817024,0.2746303,0.31114,0.3024,,,0.27347648,0.2540189,,,0.2872966,0.2780692
0.58095896,0.5766326,0.8878137,0.2697779,0.31118107,0.30685472,,,0.25982815,0.26242614,,,0.28316575,0.27793866
0.58164155,0.59068656,0.89196557,0.28036255,0.301279,0.310324,,,0.27867806,0.29382765,,,0.2836482,0.30224794
0.5832596,0.58284193,0.89028186,0.2758196,0.30743998,0.30702233,,,0.26974148,0.27144682,,,0.283045,0.2866462
0.59308445,0.580053,0.89117736,0.28196007,0.31112438,0.2980929,,,0.29827446,0.2773937,,,0.29919988,0.2826649
0.5813763,0.5832031,0.890114,0.27446538,0.30691093,0.3087377,,,0.25436878,0.28408116,,,0.27797705,0.2937497
0.5849298,0.5791067,0.8927112,0.2713253,0.31360453,0.3077814,,,0.28471172,0.26538378,,,0.2933759,0.2823313
0.5856155,0.5873405,0.89090294,0.28205305,0.30356246,0.30528742,,,0.27429205,0.27187306,,,0.2788257,0.28450722
0.5728998,0.58307767,0.8897961,0.2661814,0.3067184,0.31689626,,,0.26340294,0.27763283,,,0.27586913,0.28857106
0.5760724,0.5905143,0.8904702,0.27611643,0.29995596,0.31439787,,,0.2704274,0.2925316,,,0.2786531,0.29997867
0.57424355,0.58139056,0.8892419,0.2663923,0.30785125,0.31499827,,,0.25061268,0.2513758,,,0.27467173,0.27964026
0.5783737,0.5850162,0.8892913,0.27409863,0.30427504,0.31091756,,,0.256096,0.25781226,,,0.2687127,0.27615678
0.5880696,0.58251965,0.8896562,0.28093302,0.3071366,0.30158663,,,0.2622388,0.27596164,,,0.28546244,0.28349274
0.5764704,0.58832175,0.88853985,0.2762522,0.30021816,0.31206954,,,0.2720124,0.28913665,,,0.28432763,0.29973948
0.5787021,0.5826856,0.8900696,0.27131808,0.307384,0.3113675,,,0.2752009,0.28569633,,,0.2854026,0.29059988
0.5717762,0.5801828,0.8886584,0.26330054,0.30847567,0.31688225,,,0.25377184,0.24268526,,,0.2782386,0.280285
0.5784794,0.5809105,0.8869499,0.27244008,0.30603933,0.30847043,,,0.27223325,0.27427542,,,0.28134477,0.28661257
0.5858393,0.5790159,0.8904916,0.27436364,0.31147563,0.30465227,,,0.26357615,0.26158345,,,0.2813139,0.28092605
0.58019495,0.5800884,0.88907164,0.27121168,0.30898327,0.3088767,,,0.27645385,0.26741683,,,0.28483158,0.28146785
0.58450806,0.5808652,0.89178646,0.27358687,0.3109212,0.30727834,,,0.31304318,0.26892674,,,0.3020658,0.28249985
0.5853165,0.5683236,0.8886552,0.26498485,0.32033163,0.30333877,,,0.2441482,0.2568658,,,0.2787603,0.2751268
0.5905819,0.58855987,0.89320564,0.28593612,0.30464578,0.30262375,,,0.27641946,0.26839167,,,0.2877366,0.2828408
0.5748674,0.5836606,0.88876575,0.26976234,0.3051051,0.31389827,,,0.26934493,0.26608115,,,0.27921575,0.28854024
0.58080184,0.58340955,0.8927704,0.27144098,0.30936086,0.31196856,,,0.2914042,0.28787422,,,0.29331934,0.29496813
0.58194923,0.5758956,0.88737977,0.27046502,0.31148422,0.3054306,,,0.27053928,0.25270468,,,0.28924334,0.27325177
0.57757056,0.58552,0.8902143,0.27287626,0.3046943,0.31264377,,,0.2682371,0.28324836,,,0.27731085,0.28750134
0.58595985,0.5860441,0.8921484,0.2798556,0.30610424,0.30618846,,,0.28003293,0.25514084,,,0.28644156,0.28122008
0.5783359,0.5839356,0.8899699,0.2723016,0.30603427,0.311634,,,0.24456745,0.29024583,,,0.27620822,0.29523194
0.57497156,0.5875653,0.88905513,0.27348173,0.30148983,0.31408358,,,0.27196354,0.30986935,,,0.28136963,0.30251133
0.5835151,0.5786159,0.89027184,0.27185923,0.31165588,0.30675668,,,0.27527964,0.2801894,,,0.2896741,0.28687984
0.5839124,0.57146454,0.88992923,0.26544768,0.3184647,0.30601686,,,0.28428257,0.27800125,,,0.29265803,0.28680396
0.58447886,0.5803771,0.8888092,0.27604675,0.3084321,0.30433035,,,0.27536333,0.27836746,,,0.28747082,0.28561848
0.580849,0.5804403,0.8887711,0.2725181,0.3083309,0.30792218,,,0.25274903,0.2727793,,,0.27458292,0.28453308
0.58036757,0.5735942,0.8887097,0.26525205,0.3151155,0.30834216,,,0.2769612,0.2568776,,,0.29196686,0.27700937
0.5836631,0.57882965,0.8874754,0.27501738,0.30864573,0.30381227,,,0.27075875,0.25383592,,,0.28514445,0.27759743
0.57342637,0.57839155,0.8891367,0.26268125,0.31074512,0.3157103,,,0.2842815,0.27215213,,,0.28503942,0.2932937
0.5827627,0.5797307,0.8915527,0.27094078,0.31182194,0.3087899,,,0.2745207,0.26481438,,,0.28323317,0.28119558
0.587765,0.5858502,0.89028317,0.28333205,0.30443293,0.30251813,,,0.27195674,0.2929228,,,0.2827968,0.29313844
0.5801126,0.5721634,0.8886025,0.26367354,0.31643903,0.30848986,,,0.26706415,0.2683373,,,0.28801137,0.28249258
0.5779886,0.5811068,0.8885281,0.2705673,0.30742133,0.31053948,,,0.27334493,0.24224925,,,0.28390115,0.2719636
0.57310927,0.588539,0.8903742,0.2712741,0.30183518,0.3172649,,,0.2674179,0.27951044,,,0.28160238,0.28955644
0.5764737,0.58872825,0.8921605,0.27304143,0.3034323,0.31568682,,,0.27564543,0.2840373,,,0.28479958,0.2959773
0.5775792,0.5751573,0.8883569,0.2643795,0.3131997,0.31077778,,,0.2660575,0.27334064,,,0.2827043,0.28392917
0.59201515,0.579113,0.8936736,0.27745456,0.3145606,0.30165845,,,0.26881933,0.2781682,,,0.2897811,0.28043568
0.57676363,0.580442,0.89002275,0.26718283,0.3095808,0.31325918,,,0.26831168,0.26404208,,,0.28069812,0.28405875
0.5886005,0.58668697,0.8938509,0.28143656,0.30716395,0.3052504,,,0.27377403,0.2943045,,,0.28536516,0.29367453
0.5798902,0.5772842,0.8898244,0.26734996,0.31254023,0.30993426,,,0.26872492,0.25725836,,,0.28448474,0.27701747
0.57363284,0.5764369,0.88746256,0.26260716,0.31102568,0.31382972,,,0.27619356,0.2641716,,,0.28078264,0.28097934
0.58048975,0.590137,0.891004,0.27962273,0.30086702,0.31051427,,,0.27570415,0.26577264,,,0.28468186,0.28687102
0.5727173,0.58385104,0.8908638,0.2657045,0.3070128,0.31814653,,,0.26422554,0.2785964,,,0.2772833,0.28923345
0.58830595,0.57356685,0.8874682,0.27440464,0.3139013,0.2991622,,,0.28573215,0.25346696,,,0.29393363,0.26893675
0.57678616,0.58274174,0.8892401,0.2702878,0.30649835,0.31245393,,,0.26036018,0.24977452,,,0.2751649,0.27838266
0.58452976,0.58053285,0.89073986,0.2743228,0.31020695,0.30621004,,,0.30446965,0.28920925,,,0.2975104,0.28765762
0.5834365,0.5958011,0.8939512,0.28528643,0.29815006,0.3105147,,,0.2999832,0.32080597,,,0.28939456,0.3055523
0.5821058,0.58283365,0.8886369,0.27630252,0.3058033,0.30653113,,,0.2616914,0.2798741,,,0.2762612,0.2869091
0.5816107,0.57561225,0.89006627,0.26715672,0.31445396,0.30845553,,,0.2832296,0.27111453,,,0.28878438,0.28120774
0.58835304,0.58227015,0.8908809,0.2797423,0.30861074,0.30252784,,,0.26558077,0.28604555,,,0.2827053,0.28631896
0.5783059,0.59207696,0.8897899,0.28059298,0.29771292,0.31148398,,,0.29154605,0.2872073,,,0.2868582,0.29425448
0.5873113,0.58578646,0.8921751,0.28092277,0.30638856,0.3048637,,,0.26375103,0.28074402,,,0.2870909,0.28827566
0.5897248,0.57869303,0.8902501,0.27816772,0.31155705,0.3005253,,,0.2868123,0.26390672,,,0.29184896,0.27809733
0.5822747,0.58395267,0.89125544,0.2749719,0.30730277,0.30898076,,,0.2622881,0.28304815,,,0.2812956,0.2888673
0.58538425,0.57527304,0.8909931,0.26966417,0.31572008,0.30560887,,,0.28881258,0.26188248,,,0.29575098,0.28084457
0.5762524,0.5785548,0.88993394,0.26487327,0.31137913,0.31368154,,,0.26387018,0.26125956,,,0.27868313,0.28361374
0.5823442,0.58150923,0.8901841,0.2736693,0.30867487,0.30783993,,,0.27503347,0.26126903,,,0.2844559,0.27955544
0.57984674,0.587088,0.8909144,0.27602035,0.3038264,0.31106764,,,0.26119006,0.29057145,,,0.27762866,0.2970624
0.58347255,0.5783371,0.8918741,0.2699356,0.31353694,0.30840147,,,0.27637798,0.28933924,,,0.29107726,0.292216
0.5804165,0.5839348,0.8911364,0.27321482,0.30720168,0.31071997,,,0.25011045,0.27228588,,,0.2782492,0.2874111
0.58564544,0.57771826,0.89098847,0.27237523,0.3132702,0.30534303,,,0.28731447,0.24888623,,,0.29460675,0.27333105
0.5842718,0.5794284,0.8906271,0.27307302,0.31119877,0.30635536,,,0.26842862,0.27694303,,,0.27984267,0.28372455
0.58011395,0.577652,0.8911545,0.26661134,0.3135026,0.31104064,,,0.26745147,0.265518,,,0.2862813,0.28686106
0.57681257,0.5791434,0.88901466,0.26694137,0.3098712,0.31220204,,,0.24804115,0.28519,,,0.27335465,0.29115027
0.5792755,0.5836525,0.8893752,0.27355278,0.3057227,0.31009972,,,0.26759148,0.2768985,,,0.2846439,0.29263407
0.58443165,0.5790597,0.8895714,0.27391994,0.3105117,0.30513978,,,0.2703818,0.26428074,,,0.28541416,0.2814077
0.58557177,0.5770272,0.89003164,0.27256733,0.31300443,0.30445987,,,0.26405466,0.263045,,,0.28474313,0.28131497
0.5845206,0.5752531,0.8880337,0.27174002,0.31278056,0.3035131,,,0.27240413,0.27230626,,,0.290667,0.2819687
0.5828127,0.58398926,0.891216,0.27558595,0.30722678,0.3084033,,,0.29034334,0.27717018,,,0.29426455,0.28555214
0.5813949,0.5876563,0.8888567,0.28019446,0.30120045,0.30746186,,,0.26573765,0.26595432,,,0.27823544,0.28448176
0.58789456,0.5762538,0.8923564,0.27179193,0.31610262,0.30446184,,,0.29490238,0.26952165,,,0.29709083,0.28086597
0.5830698,0.5789842,0.8888679,0.27318615,0.30988365,0.30579805,,,0.27212024,0.286259,,,0.2863924,0.2872054
0.58504766,0.5744629,0.88969266,0.26981795,0.3152297,0.30464494,,,0.25762528,0.25952965,,,0.28272527,0.28003746
0.58095014,0.5747757,0.88936716,0.26635867,0.31459147,0.30841702,,,0.27364218,0.25757116,,,0.2864945,0.27187788
0.58347833,0.57821083,0.8900124,0.27167678,0.31180155,0.30653405,,,0.2748251,0.27621597,,,0.29302365,0.2881121
0.5812597,0.58887035,0.889246,0.28088403,0.3003757,0.30798632,,,0.26086026,0.28368455,,,0.27943695,0.28712052
0.5783679,0.5839594,0.89158666,0.27074063,0.30762726,0.31321877,,,0.2609275,0.26294398,,,0.28027815,0.28630024
0.58227134,0.5779635,0.8875662,0.2726686,0.30960274,0.30529487,,,0.2651875,0.26688045,,,0.28718716,0.28029072
0.5803344,0.58318377,0.88885736,0.27466083,0.3056736,0.30852294,,,0.2771787,0.26556695,,,0.28740025,0.28530318
0.58281505,0.57283735,0.8901304,0.265522,0.31729305,0.30731535,,,0.2643773,0.24778646,,,0.2856323,0.2716295
0.5716628,0.58445424,0.8883139,0.26780307,0.3038597,0.31665117,,,0.27351117,0.275613,,,0.28711432,0.29098207
0.5897976,0.5816412,0.89129066,0.28014815,0.30964947,0.30149305,,,0.2746448,0.26514304,,,0.28955865,0.27790987
0.5838666,0.5791404,0.8892108,0.2737962,0.3100704,0.30534422,,,0.27535075,0.25958532,,,0.2882325,0.27790517
0.5839938,0.5873642,0.89273834,0.27861965,0.30537415,0.30874455,,,0.28332865,0.27652252,,,0.28549922,0.28666568
0.5897354,0.57803285,0.88846874,0.2792995,0.3104359,0.29873335,,,0.28397244,0.26241022,,,0.2949702,0.28224635
0.5751329,0.580549,0.8907995,0.26488233,0.31025058,0.31566668,,,0.27506912,0.28339922,,,0.2876202,0.2913533
0.58502436,0.5815463,0.89121026,0.2753604,0.30966395,0.3061859,,,0.30549204,0.26509047,,,0.30082428,0.28068835
0.5862552,0.58248264,0.8929058,0.27583212,0.31042308,0.30665052,,,0.27672523,0.28386092,,,0.28787273,0.2903893
0.58819115,0.5805434,0.8895667,0.27916783,0.30902332,0.30137557,,,0.26731384,0.27747762,,,0.28616416,0.28359073
0.5787295,0.5817762,0.88954335,0.27096242,0.3077671,0.31081378,,,0.26765317,0.2637022,,,0.27813685,0.2852835
0.5883706,0.57963157,0.89025605,0.27774608,0.31062454,0.3018855,,,0.2832119,0.28466034,,,0.29106998,0.2878787
0.58910024,0.5758592,0.89158684,0.2733726,0.31572765,0.3024866,,,0.28611076,0.26984823,,,0.29378802,0.28580654
0.5844959,0.57959664,0.8916899,0.27240264,0.31209326,0.307194,,,0.2832178,0.27863574,,,0.2904275,0.28827858
0.5799813,0.57852316,0.8898087,0.26869577,0.31128556,0.3098274,,,0.27286434,0.2460267,,,0.28946006,0.27753937
0.5883803,0.58542156,0.89270467,0.28109723,0.30728304,0.30432433,,,0.31048083,0.3004287,,,0.2990361,0.2921906
0.5818965,0.5827048,0.88964444,0.27495688,0.3069396,0.3077479,,,0.2641521,0.28245556,,,0.2893151,0.28848374
0.5806681,0.56907713,0.8896033,0.2601419,0.32052618,0.30893523,,,0.2728588,0.2457695,,,0.290843,0.27782422
0.58091986,0.57737267,0.88991934,0.2683732,0.31254667,0.30899948,,,0.28499204,0.28233618,,,0.28901082,0.28952235
0.58468163,0.5776909,0.88946736,0.27290523,0.3117764,0.30478567,,,0.27853942,0.26376063,,,0.2902525,0.2757519
0.57738936,0.5852282,0.8877958,0.27482176,0.3025676,0.31040645,,,0.24936473,0.24233377,,,0.2736358,0.27032858
0.5790684,0.58396566,0.8908241,0.27221,0.30685842,0.31175566,,,0.26638097,0.28661776,,,0.279863,0.29508758
0.58205205,0.5881313,0.8938039,0.27637953,0.30567253,0.31175178,,,0.2610938,0.26695406,,,0.28381133,0.2862696
0.5827074,0.5817703,0.88720965,0.27726805,0.30543935,0.30450225,,,0.26436615,0.2683481,,,0.28384423,0.28217894
0.5803786,0.59206533,0.8907031,0.28174078,0.2986378,0.31032455,,,0.27063447,0.25742364,,,0.27945858,0.28354764
0.58585864,0.5820129,0.8925268,0.27534467,0.31051397,0.30666822,,,0.28717095,0.2748521,,,0.29096472,0.2815358
0.58829516,0.5807085,0.8898362,0.27916753,0.30912763,0.30154097,,,0.28232783,0.27824837,,,0.29179162,0.28426152
0.58125025,0.5714746,0.8874973,0.26522756,0.3160227,0.30624706,,,0.28865033,0.25410777,,,0.29527134,0.2740155
0.58273304,0.5810194,0.8896488,0.27410364,0.3086294,0.30691576,,,0.27335143,0.25689906,,,0.28446448,0.27594054
0.5849589,0.57903004,0.8883969,0.27559203,0.30936688,0.303438,,,0.26878953,0.26536584,,,0.28201497,0.27536625
0.5786942,0.57829833,0.8889017,0.26809084,0.31060338,0.3102075,,,0.25845104,0.26685154,,,0.2808848,0.28843242
0.5806608,0.57923055,0.8884083,0.27148306,0.30917776,0.30774748,,,0.26127553,0.25660187,,,0.2828278,0.27549505
0.58361197,0.5704949,0.8892298,0.26487708,0.31873488,0.3056178,,,0.2754557,0.24340022,,,0.2951867,0.27091938
0.5848223,0.5835112,0.89074624,0.2775873,0.307235,0.30592388,,,0.29233563,0.27052802,,,0.29416436,0.2827347
0.5760721,0.5825678,0.88966787,0.26897204,0.30710006,0.31359577,,,0.28580308,0.29453516,,,0.28737962,0.29346603
0.5851949,0.58836454,0.8915137,0.28204572,0.30314916,0.30631882,,,0.28035533,0.2857237,,,0.2866596,0.29164636
0.5809336,0.58289087,0.89080876,0.27301568,0.3079179,0.3098752,,,0.26787025,0.27438897,,,0.28662753,0.28936702
0.57770896,0.5848246,0.8900534,0.27248013,0.30522883,0.3123445,,,0.27746588,0.2963652,,,0.28948808,0.29402262
0.58190715,0.5806437,0.8899038,0.27264714,0.30926,0.30799657,,,0.27992022,0.2783435,,,0.28518927,0.29108244
0.5863514,0.57838225,0.8882981,0.27643555,0.30991584,0.3019467,,,0.2654528,0.28755683,,,0.28457755,0.291363
0.5847349,0.5798774,0.88967264,0.27493966,0.30979526,0.30493772,,,0.25964028,0.2629195,,,0.28380167,0.28221112
0.58804846,0.5776186,0.8909067,0.27476037,0.3132881,0.30285823,,,0.27945435,0.2655692,,,0.29413372,0.280591
0.5816842,0.5847647,0.8883921,0.27805674,0.30362743,0.30670798,,,0.27251947,0.26088238,,,0.28182042,0.27812833
0.5809788,0.58416927,0.8884449,0.27670312,0.3042757,0.30746615,,,0.24231094,0.2797084,,,0.26782793,0.2863475
0.5868066,0.57765496,0.8909976,0.27346402,0.31334257,0.30419093,,,0.28026706,0.2869984,,,0.28703398,0.28615242
0.5868872,0.5807543,0.890344,0.27729738,0.3095898,0.3034569,,,0.28523785,0.27201694,,,0.2892605,0.27849782
0.5822942,0.5745517,0.89151007,0.26533586,0.31695837,0.30921584,,,0.27780837,0.26724666,,,0.29914755,0.28412193
0.57776475,0.5815649,0.8875341,0.27179557,0.30596918,0.30976933,,,0.2784112,0.26149964,,,0.2852823,0.2853747
0.5818721,0.57206976,0.8874028,0.2665391,0.315333,0.30553067,,,0.2651056,0.25181282,,,0.28496587,0.27078158
0.5826584,0.584034,0.8900941,0.2765984,0.30606002,0.30743563,,,0.26132846,0.2635423,,,0.28436637,0.285061
0.5846276,0.5822444,0.89121175,0.27566028,0.30896735,0.30658412,,,0.2896461,0.2511056,,,0.28687942,0.27643204
0.5790926,0.57416487,0.89120245,0.26205504,0.31703758,0.31210983,,,0.28226292,0.2644534,,,0.29729533,0.28368598
0.5736759,0.58159506,0.8885026,0.26676834,0.30690753,0.31482673,,,0.26232374,0.26701784,,,0.2813025,0.28719866
0.5854181,0.57565486,0.8902807,0.27079225,0.31462586,0.30486262,,,0.2632916,0.2575729,,,0.28772897,0.27954423
0.58029824,0.58388066,0.8900548,0.27412403,0.30617422,0.30975664,,,0.25599384,0.28743017,,,0.2816248,0.29532528
0.57818854,0.56961524,0.8893414,0.25846237,0.31972617,0.31115288,,,0.25950938,0.25515652,,,0.28482485,0.27598774
0.57560897,0.581165,0.8892803,0.26749372,0.30811524,0.3136713,,,0.25305408,0.28860235,,,0.2766022,0.29824
0.57679224,0.5791753,0.889154,0.26681346,0.30997878,0.31236184,,,0.2563063,0.24647033,,,0.2840727,0.27812332
0.5779721,0.58473176,0.88992834,0.27277553,0.30519658,0.31195623,,,0.27971315,0.28848857,,,0.2894535,0.29464215
0.58087814,0.5844296,0.88811857,0.2771892,0.30368894,0.30724043,,,0.28516626,0.27764887,,,0.28673363,0.2903843
0.5790308,0.5849072,0.891128,0.27281004,0.30622077,0.31209713,,,0.27652866,0.28037894,,,0.28516912,0.2870183
0.5866068,0.57877874,0.8911418,0.2742437,0.3123631,0.30453503,,,0.25794125,0.28748024,,,0.28525025,0.2884891
0.57696164,0.57687044,0.8900509,0.2637812,0.31318045,0.31308925,,,0.2786687,0.281406,,,0.29056156,0.29223305
0.5807636,0.57894534,0.89051217,0.2691968,0.31156677,0.30974853,,,0.29860103,0.27589715,,,0.2941994,0.28279316
0.5867051,0.585888,0.8891882,0.28340495,0.30330014,0.30248308,,,0.29644257,0.29503363,,,0.28888404,0.29024798
0.5785815,0.5859846,0.89175284,0.2728132,0.3057683,0.3131714,,,0.2706054,0.27456295,,,0.28122258,0.28422374
0.5794107,0.5830538,0.88675815,0.27570635,0.30370432,0.30734748,,,0.25363177,0.28255385,,,0.27855682,0.29104513
0.57967234,0.5824425,0.89049476,0.2716201,0.30805224,0.31082243,,,0.25771874,0.27945834,,,0.27832806,0.28949296
0.583108,0.5766401,0.8910294,0.26871866,0.31438935,0.30792147,,,0.26701188,0.2904399,,,0.28525496,0.29024786
0.58450663,0.5829463,0.8922544,0.27519852,0.3093081,0.30774778,,,0.2966711,0.27069777,,,0.29832327,0.2860384
0.5861353,0.5787759,0.89147824,0.27343303,0.3127023,0.30534285,,,0.29360723,0.26825213,,,0.2954195,0.2827345
0.5802623,0.5805902,0.892601,0.26825142,0.31201088,0.31233877,,,0.27571684,0.2656523,,,0.28331625,0.2775814
0.5874959,0.577275,0.8884617,0.27630913,0.3111868,0.30096585,,,0.25434148,0.27868116,,,0.2799282,0.2824465
0.576006,0.57857764,0.88928604,0.26529765,0.31070834,0.31328,,,0.2511704,0.24359363,,,0.27685487,0.27736962
0.57130975,0.58309275,0.88826704,0.26613545,0.3051743,0.3169573,,,0.26392806,0.28311068,,,0.28312123,0.2936257
0.5787537,0.5781481,0.8886398,0.26826203,0.31049168,0.3098861,,,0.26167423,0.2811609,,,0.28053993,0.2933327
0.58549875,0.57953525,0.8897371,0.27529693,0.31020182,0.30423832,,,0.2598486,0.27053988,,,0.2835632,0.2829082
0.5779964,0.57419884,0.8884504,0.26374483,0.31425154,0.310454,,,0.2537595,0.22894585,,,0.27935004,0.2626369
0.587698,0.5764247,0.8896555,0.27446723,0.31323075,0.3019575,,,0.25960034,0.28394896,,,0.28688103,0.28968656
0.58642566,0.57465327,0.8914823,0.26959664,0.31682903,0.30505663,,,0.2724772,0.28443193,,,0.28909796,0.28277397
0.5819062,0.5831455,0.8925371,0.27251458,0.30939162,0.31063092,,,0.27827352,0.28859133,,,0.28791946,0.29211104
0.57932353,0.58806336,0.88891757,0.27846932,0.3008542,0.30959404,,,0.27539736,0.28127116,,,0.2841096,0.2897963
0.5769764,0.5727216,0.88701653,0.26268148,0.31429493,0.31004012,,,0.2760656,0.25013113,,,0.2888043,0.2769878
0.5832873,0.5737897,0.88831645,0.26876062,0.31452668,0.3050291,,,0.26621467,0.27975756,,,0.28670514,0.28679675
0.5798135,0.57150114,0.8862382,0.2650764,0.31473708,0.30642474,,,0.27235782,0.25367284,,,0.29010856,0.2786277
0.5877074,0.5744397,0.8902894,0.27185762,0.31584978,0.3025821,,,0.278552,0.24530917,,,0.29483336,0.271137
0.5873853,0.5867636,0.8900129,0.284136,0.3032493,0.30262762,,,0.28510565,0.26648843,,,0.29192048,0.28427613
0.5852562,0.5867911,0.89311254,0.27893484,0.30632138,0.30785626,,,0.30353904,0.29704142,,,0.29447567,0.2923348
0.5749499,0.5795983,0.889141,0.26540715,0.30954278,0.31419116,,,0.28044903,0.24655151,,,0.28132254,0.27228874
0.5823965,0.5827614,0.88854223,0.27661568,0.30578083,0.30614573,,,0.273759,0.29604328,,,0.28793085,0.29592484
0.5829628,0.5774838,0.88842666,0.27201998,0.31094283,0.3054638,,,0.2496432,0.27031618,,,0.28059548,0.28304338
0.579551,0.5829015,0.8903882,0.27206427,0.3074867,0.3108372,,,0.26973087,0.27196056,,,0.28508228,0.28890896
0.5783011,0.57726204,0.8887213,0.26684183,0.31145924,0.31042022,,,0.26594484,0.26315343,,,0.28424436,0.285155
0.58114266,0.57573676,0.89091694,0.26596248,0.31518018,0.30977428,,,0.2855543,0.26160127,,,0.29403085,0.27918202
0.57694983,0.5754919,0.8860788,0.26636297,0.31058687,0.30912894,,,0.2592488,0.2337386,,,0.28173137,0.2697751
0.59069437,0.5810175,0.8919418,0.27977014,0.31092423,0.30124736,,,0.2896014,0.29176766,,,0.29147118,0.28443056
0.5862553,0.57592607,0.890084,0.27209735,0.31415796,0.30382872,,,0.2917884,0.27122998,,,0.29611254,0.28132278
0.5886786,0.57728803,0.8924888,0.27347785,0.31520075,0.30381018,,,0.2673486,0.27174312,,,0.27928478,0.28078526
0.5861094,0.5805602,0.8913044,0.27536523,0.31074417,0.30519497,,,0.25997436,0.28231794,,,0.28779215,0.29032433
0.57008475,0.5835098,0.88921255,0.26438195,0.3057028,0.31912786,,,0.26515895,0.28120792,,,0.27992868,0.29012203
0.5795102,0.5844085,0.888362,0.27555674,0.30395347,0.30885178,,,0.272708,0.27149487,,,0.28343397,0.28569335
0.58581924,0.576935,0.8914465,0.27130783,0.31451142,0.30562717,,,0.2583806,0.28282142,,,0.2837317,0.2924847
0.58561695,0.5824131,0.89407086,0.27395916,0.3116578,0.30845392,,,0.2917806,0.2899478,,,0.29106027,0.29004103
0.5798117,0.5817871,0.8892085,0.2723903,0.3074214,0.3093968,,,0.27500677,0.29392856,,,0.28346294,0.29311514
0.58265615,0.58312505,0.89189994,0.27388132,0.30877483,0.30924374,,,0.26882154,0.274216,,,0.28041995,0.28576642
0.5817989,0.58277667,0.88866556,0.27591002,0.3058889,0.30686665,,,0.27603775,0.26151633,,,0.28413093,0.28092408
0.58845174,0.58755887,0.8918206,0.28419,0.30426174,0.30336887,,,0.28053373,0.27127802,,,0.28934783,0.28508854
0.58034337,0.58195376,0.88989335,0.27240378,0.3079396,0.30955,,,0.2724957,0.25247663,,,0.2866882,0.2803856
0.5803926,0.5767059,0.8897251,0.26737344,0.31301916,0.30933243,,,0.26415795,0.26463795,,,0.28043383,0.27737397
0.57308364,0.5826137,0.88839537,0.26730198,0.30578166,0.31531173,,,0.25646532,0.26103783,,,0.2791674,0.2858687
0.5855626,0.57951033,0.8913602,0.2737127,0.3118499,0.30579764,,,0.2806207,0.2674231,,,0.29261094,0.2862956
0.5867183,0.5810466,0.89187384,0.27589107,0.31082726,0.30515552,,,0.26694715,0.2688775,,,0.28377986,0.2785058
0.58114874,0.5787244,0.88947797,0.27039516,0.31075358,0.30832922,,,0.2564175,0.26899952,,,0.28092396,0.28556025
0.5755172,0.586645,0.8898852,0.272277,0.30324018,0.314368,,,0.2606305,0.28414565,,,0.27551216,0.2976504
0.5838094,0.5781724,0.8889348,0.27304703,0.31076235,0.30512536,,,0.26646024,0.26545066,,,0.2854454,0.28099138
0.58244133,0.57509243,0.88726526,0.2702685,0.31217283,0.30482394,,,0.26086706,0.25681442,,,0.28027034,0.27869642
0.5870071,0.5852915,0.8905757,0.28172296,0.30528414,0.30356854,,,0.29360425,0.29548943,,,0.29272455,0.2945361
0.5727874,0.5854113,0.88579977,0.27239895,0.30038846,0.31301236,,,0.21814,0.26997393,,,0.2583924,0.290281
0.58219993,0.5834855,0.8923365,0.27334893,0.308851,0.31013656,,,0.28905058,0.28466946,,,0.29357255,0.29378814
0.5755877,0.5850849,0.8911153,0.26955736,0.30603033,0.31552756,,,0.27355206,0.2922933,,,0.2884245,0.2966717
0.5861777,0.57943416,0.8890862,0.27652568,0.30965203,0.30290848,,,0.260727,0.28194326,,,0.27306408,0.28583205
0.5815548,0.5712182,0.88691354,0.26585937,0.3156954,0.30535883,,,0.26591337,0.24131966,,,0.28800666,0.2734062
0.5838098,0.5772533,0.88854516,0.27251792,0.31129187,0.30473536,,,0.26709175,0.27776438,,,0.28774762,0.28913492
0.5760868,0.57490045,0.887529,0.26345825,0.31262857,0.3114422,,,0.25356925,0.23438543,,,0.27776057,0.273026
0.57457757,0.5867779,0.89009356,0.27126193,0.30331564,0.315516,,,0.2776249,0.26661432,,,0.2859261,0.28861237
0.57879454,0.578559,0.88788,0.2694735,0.30932105,0.3090855,,,0.26380223,0.2647515,,,0.2799226,0.28267032
0.5827596,0.58012843,0.891466,0.27142203,0.3113376,0.3087064,,,0.26649517,0.25641918,,,0.2867049,0.2761191
0.586027,0.5812267,0.89134324,0.2759105,0.31011653,0.3053162,,,0.2675528,0.27575135,,,0.2875262,0.28891134
0.57726014,0.5873755,0.8910359,0.27359974,0.3036604,0.31377578,,,0.28263384,0.30079055,,,0.28562403,0.29934138
0.5809777,0.58273745,0.8892485,0.27446663,0.30651104,0.3082708,,,0.25511712,0.24727774,,,0.2770331,0.27523756
0.5748811,0.5773164,0.8871024,0.26509506,0.30978602,0.31222135,,,0.26185822,0.2467823,,,0.27972913,0.2758006
0.58458936,0.58391845,0.8905265,0.27798134,0.30660802,0.3059371,,,0.28069252,0.28504038,,,0.28933728,0.28822738
0.582211,0.5820214,0.8919743,0.27225822,0.3099528,0.3097632,,,0.2877525,0.2686891,,,0.29029417,0.2849654
0.5791818,0.5819766,0.89045376,0.27070457,0.30847722,0.31127203,,,0.26976645,0.26593727,,,0.2813999,0.27990615
0.58507085,0.5831354,0.8898405,0.27836573,0.30670512,0.3047697,,,0.29869115,0.29220062,,,0.2984339,0.288643
0.5822271,0.5777457,0.89076716,0.26920563,0.31302148,0.30854005,,,0.2847529,0.2600733,,,0.29467827,0.28570193
0.5801461,0.583436,0.8918862,0.2716959,0.30845016,0.3117401,,,0.26931608,0.27571064,,,0.28355896,0.28710198
0.5787431,0.5864609,0.8914459,0.27375817,0.30498493,0.31270272,,,0.26984763,0.2789039,,,0.28421164,0.28768033
0.58826077,0.581647,0.89139426,0.27851355,0.30974722,0.30313343,,,0.27001113,0.26183724,,,0.28545344,0.28078032
0.5790714,0.58231556,0.89066255,0.27072442,0.308347,0.31159115,,,0.26109332,0.26700175,,,0.28392273,0.28472304
0.5900444,0.5743927,0.89071673,0.27372032,0.31632406,0.30067235,,,0.27330077,0.27625734,,,0.28932256,0.28326017
0.5808994,0.5863428,0.8901934,0.2770489,0.30385053,0.30929393,,,0.27251315,0.26483095,,,0.2848677,0.27930975
0.58343947,0.581025,0.8913645,0.27309996,0.3103395,0.30792505,,,0.30384946,0.29008102,,,0.29688364,0.29511178
0.57863677,0.5875857,0.889569,0.27665347,0.3019833,0.31093222,,,0.28382307,0.2990741,,,0.2838711,0.29497242
0.5772929,0.5834291,0.8878753,0.2728467,0.30444622,0.3105824,,,0.25074953,0.2512539,,,0.27420467,0.27831924
0.5775925,0.5751842,0.88940215,0.26337457,0.31421793,0.31180966,,,0.26624644,0.23401022,,,0.2845196,0.27370667
0.58867455,0.5817487,0.8917851,0.27863818,0.31003636,0.30311054,,,0.2971527,0.26589197,,,0.29498792,0.2781511
0.5785016,0.579587,0.8920146,0.26607394,0.31242764,0.31351304,,,0.2827676,0.28317332,,,0.29090542,0.29415858
0.5805824,0.58562756,0.8873391,0.27887082,0.30171156,0.30675673,,,0.23188746,0.26136237,,,0.26960647,0.28315252
0.57848155,0.5765679,0.8876202,0.26742923,0.31105232,0.30913866,,,0.26896942,0.25576645,,,0.28692508,0.27968687
0.58241,0.5817231,0.8890625,0.27507055,0.30733943,0.30665255,,,0.29585868,0.2875111,,,0.29443127,0.28702766
0.57480496,0.5843266,0.8899406,0.2691909,0.30561405,0.31513572,,,0.2429983,0.2524131,,,0.26949996,0.27857703
0.58188105,0.5728681,0.88915026,0.2655989,0.31628215,0.30726922,,,0.26840484,0.2554013,,,0.28741026,0.27778584
0.5835378,0.5888355,0.8907229,0.28165042,0.3018874,0.30718505,,,0.27145183,0.2711177,,,0.28259784,0.28593576
0.5781518,0.57519305,0.8882594,0.26508546,0.31306636,0.3101076,,,0.25094396,0.2590471,,,0.2789033,0.28275454
0.57781374,0.5800283,0.8876034,0.27023864,0.3075751,0.30978966,,,0.27960634,0.2558251,,,0.2851221,0.28123283
0.58082795,0.57493114,0.8898067,0.2659524,0.31487554,0.30897874,,,0.284195,0.25803196,,,0.29328638,0.27783513
0.5845379,0.57670754,0.8884288,0.27281666,0.31172127,0.30389088,,,0.27486634,0.2610873,,,0.28606123,0.27647734
0.57984465,0.57444024,0.89089197,0.26339298,0.31645167,0.31104726,,,0.2737491,0.25090474,,,0.29007864,0.27375895
0.5843289,0.5856322,0.8916118,0.27834928,0.3059796,0.30728292,,,0.286956,0.29485548,,,0.2873149,0.2914096
0.57362163,0.5781054,0.8856903,0.2660367,0.30758494,0.3120687,,,0.2506268,0.245484,,,0.2747599,0.2720735
0.5841012,0.57483983,0.889831,0.26911002,0.31499118,0.3057298,,,0.2805974,0.2713889,,,0.29156208,0.28115606
0.58581233,0.5804316,0.8903973,0.2758466,0.30996573,0.30458498,,,0.2638057,0.27107912,,,0.28423095,0.2817117
0.5798393,0.57981765,0.88842094,0.27123606,0.30860323,0.3085816,,,0.27647585,0.2582509,,,0.289236,0.28075552
0.5741087,0.5803126,0.8901061,0.26431525,0.30979347,0.31599736,,,0.2744503,0.28259957,,,0.28097576,0.2889831
0.58991116,0.5808635,0.8911327,0.279642,0.31026918,0.3012215,,,0.27661294,0.28379923,,,0.28331518,0.28635973
0.5797007,0.58086896,0.8876958,0.27287388,0.30682683,0.30799508,,,0.26613617,0.26559478,,,0.28148717,0.27650392
0.5789958,0.5768686,0.88772994,0.26813453,0.3108613,0.30873406,,,0.25700933,0.2604233,,,0.28136122,0.2813633
0.5827867,0.57988024,0.8891526,0.27351433,0.30927235,0.3063659,,,0.26740807,0.27027577,,,0.28108662,0.2813381
0.5780865,0.58156824,0.8905368,0.26911795,0.30896854,0.3124503,,,0.25407594,0.27450925,,,0.27837086,0.288186
0.58126384,0.57642865,0.89148533,0.2662071,0.31505674,0.31022155,,,0.28292578,0.28735465,,,0.2922337,0.29405385
0.5804228,0.57666755,0.8894588,0.26763165,0.31279117,0.3090359,,,0.28964722,0.27020383,,,0.29517806,0.2822863
0.57947177,0.5805743,0.8894142,0.2706319,0.30883986,0.30994236,,,0.26744694,0.26876754,,,0.2833885,0.2819004
0.5878469,0.58392227,0.8927277,0.27904147,0.3088054,0.3048808,,,0.29639465,0.26236045,,,0.2947967,0.2849437
0.5808124,0.5726461,0.88760245,0.26585603,0.31495637,0.30679005,,,0.2731166,0.27618724,,,0.28729677,0.28866565
0.5784185,0.5824347,0.8899924,0.27086073,0.30755776,0.31157398,,,0.26545328,0.28088135,,,0.28027415,0.2887419
0.5776472,0.5820168,0.88835186,0.27131218,0.30633503,0.31070465,,,0.26945114,0.29696602,,,0.28200775,0.29775214
0.5798197,0.5838001,0.89094365,0.2726761,0.30714357,0.31112397,,,0.28552765,0.2784503,,,0.29033184,0.28764474
0.59131354,0.57538235,0.8905076,0.27618825,0.3151253,0.2991941,,,0.28789532,0.24953169,,,0.29816705,0.27305263
0.5857281,0.58261967,0.8890673,0.27928054,0.30644757,0.30333912,,,0.27066982,0.2595976,,,0.28748524,0.28218746
0.58446455,0.5870992,0.8897765,0.28178722,0.30267733,0.30531198,,,0.25256842,0.29422343,,,0.27727038,0.29019058
0.57787114,0.5769248,0.8914655,0.2633304,0.31454074,0.3135944,,,0.28003138,0.2566743,,,0.28214908,0.2799999
0.58274156,0.5773426,0.88854825,0.271536,0.31120557,0.30580664,,,0.28052765,0.2605222,,,0.28653616,0.28042954
0.581888,0.57681286,0.8879402,0.27076072,0.3111273,0.30605215,,,0.26710272,0.2652378,,,0.28350484,0.28116733
0.57728034,0.5755085,0.8866259,0.266163,0.31111735,0.30934548,,,0.25544822,0.24260157,,,0.28116602,0.27038044
0.5774348,0.5775386,0.88986176,0.26511163,0.31232315,0.31242698,,,0.24949962,0.26992726,,,0.27194935,0.29107141
0.577357,0.5696068,0.8885704,0.2583934,0.3189636,0.31121337,,,0.2623018,0.25951684,,,0.28267038,0.27829218
0.58266306,0.5750992,0.8882161,0.2695462,0.31311685,0.30555296,,,0.2567019,0.25280255,,,0.27985924,0.27452826
0.5784254,0.57797575,0.88838446,0.2680167,0.3104087,0.30995905,,,0.24210316,0.24374455,,,0.27659822,0.27946174
0.5793884,0.58408785,0.8910267,0.27244955,0.30693883,0.3116383,,,0.27364463,0.26605463,,,0.287735,0.2843169
0.58895254,0.5791504,0.88939685,0.27870613,0.3102464,0.30044425,,,0.28015083,0.25825167,,,0.2863837,0.27378315
0.58320534,0.5842938,0.8915793,0.2759198,0.30728555,0.308374,,,0.286305,0.2765395,,,0.28861493,0.28782392
0.5814956,0.5844493,0.889132,0.2768128,0.3046828,0.3076365,,,0.27389097,0.27629215,,,0.2867185,0.2899384
0.5893183,0.5873644,0.89088064,0.28580207,0.3035162,0.3015623,,,0.2812047,0.28188318,,,0.2836306,0.28700787
0.58098316,0.5765463,0.89191556,0.2656139,0.31536925,0.3109324,,,0.2682755,0.26933908,,,0.2866214,0.2806834
0.57684124,0.58729774,0.89347285,0.27066618,0.30617505,0.31663156,,,0.28738236,0.28697902,,,0.28476894,0.29395753
0.5848688,0.5783124,0.89176315,0.27141804,0.31345075,0.30689436,,,0.28884047,0.27453268,,,0.2912686,0.28493297
0.5751854,0.5755143,0.8890564,0.26164335,0.31354207,0.31387097,,,0.2617129,0.2734849,,,0.27997607,0.2882607
0.57506514,0.5743201,0.88842225,0.26096296,0.31410217,0.3133571,,,0.25616252,0.2707293,,,0.2839499,0.28881973
0.5890274,0.5830157,0.8921586,0.27988446,0.30914295,0.30313122,,,0.27949655,0.26614398,,,0.28943676,0.2801519
0.58683074,0.5813472,0.8901347,0.27804327,0.30878747,0.30330396,,,0.2800693,0.2748884,,,0.286246,0.2803539
0.590265,0.57986534,0.8891452,0.28098506,0.30927992,0.29888028,,,0.2913201,0.2593214,,,0.29265308,0.27737343
0.5835607,0.5807545,0.8895575,0.27475774,0.30880296,0.30599678,,,0.28689104,0.30530208,,,0.29096258,0.2946568
0.5812308,0.582965,0.890661,0.27353477,0.30769604,0.30943024,,,0.28658897,0.28683966,,,0.28965527,0.2942577
0.575155,0.5704905,0.8888233,0.25682223,0.3183328,0.31366825,,,0.2669862,0.26119298,,,0.27873743,0.28172773
0.58495796,0.57978153,0.88813245,0.27660704,0.30835092,0.3031745,,,0.278794,0.27544254,,,0.2879148,0.28482044
0.58501136,0.5789629,0.8891617,0.27481258,0.31019878,0.30415034,,,0.2784661,0.2749443,,,0.28963208,0.28381813
0.58296746,0.5820486,0.88941437,0.27560169,0.30736578,0.3064469,,,0.28073376,0.28442955,,,0.28964478,0.29227734
0.5848787,0.5767807,0.8899927,0.27166665,0.31321204,0.30511403,,,0.26190484,0.2529927,,,0.28680015,0.27576315
0.5780662,0.5670567,0.88571936,0.25940353,0.31866264,0.3076532,,,0.24897033,0.25690997,,,0.28136677,0.27669215
0.5850812,0.5699246,0.8889189,0.26608694,0.31899428,0.30383766,,,0.2716068,0.25324917,,,0.2878629,0.27464885
0.58481336,0.58212376,0.89093596,0.27600116,0.3088122,0.3061226,,,0.27877563,0.27883345,,,0.28675604,0.28685254
0.58272076,0.5867691,0.8924447,0.2770452,0.30567557,0.3097239,,,0.28180593,0.29297483,,,0.2881167,0.29296744
0.58542967,0.5712894,0.8889389,0.26778018,0.31764948,0.30350924,,,0.29596394,0.26538914,,,0.30100733,0.27534068
0.58019984,0.5825771,0.89180666,0.27097028,0.30922955,0.31160682,,,0.28905046,0.28053737,,,0.2896858,0.28497332
0.58801854,0.5748068,0.8886354,0.27418995,0.3138286,0.30061686,,,0.2820688,0.25893444,,,0.29217827,0.27681023
0.58688956,0.58885753,0.89222604,0.28352112,0.30336845,0.30533642,,,0.27841938,0.28184032,,,0.284059,0.29056668
0.5691856,0.5798931,0.8890953,0.25998342,0.3092022,0.3199097,,,0.237414,0.2611286,,,0.26879615,0.2880752
0.57693535,0.5749512,0.8884556,0.26343083,0.31350452,0.31152034,,,0.27874553,0.2826832,,,0.29092205,0.28859746
0.5749594,0.5786375,0.8890402,0.2645567,0.3104027,0.31408077,,,0.25601977,0.24776769,,,0.28022772,0.2795332
0.5782131,0.5806878,0.8900231,0.26887786,0.30933523,0.31180996,,,0.25875884,0.26598948,,,0.27862406,0.2856782
0.58376265,0.5858952,0.8903229,0.2793349,0.30442774,0.30656028,,,0.28305286,0.26900464,,,0.29203743,0.28896075
0.5802486,0.5772934,0.8885517,0.26899028,0.31125832,0.30830312,,,0.2737766,0.2694304,,,0.28092098,0.28011793
0.58670896,0.5749607,0.8895594,0.27211034,0.31459862,0.30285037,,,0.27574807,0.25641418,,,0.28894138,0.2722488
0.5881125,0.5773332,0.8920379,0.27340776,0.31470472,0.30392545,,,0.2860679,0.26973635,,,0.29493445,0.28304154
0.5787039,0.5857051,0.888456,0.27595294,0.30275095,0.30975217,,,0.26110333,0.29557347,,,0.27777618,0.29746854
0.5798745,0.5857265,0.8893019,0.27629912,0.3035754,0.30942738,,,0.28226113,0.2635398,,,0.28693622,0.28394824
0.58168113,0.5754844,0.8900976,0.2670679,0.31461322,0.3084165,,,0.2841131,0.26106292,,,0.28411162,0.2835924
0.58317995,0.58314985,0.8909102,0.27541965,0.3077603,0.3077302,,,0.2797125,0.27166957,,,0.29042768,0.29044586
0.5830024,0.5838201,0.89093965,0.27588278,0.3071196,0.30793732,,,0.28994292,0.27569413,,,0.29541624,0.28957027
0.58601207,0.5729948,0.8908731,0.26813376,0.3178783,0.30486107,,,0.28265852,0.26681876,,,0.2975123,0.2749226
0.57782894,0.58261216,0.8879673,0.27247387,0.30535507,0.3101383,,,0.27157867,0.26145345,,,0.28564924,0.2815699
0.5838984,0.5780717,0.8908013,0.27116883,0.3127296,0.3069029,,,0.2871179,0.27033848,,,0.29344434,0.28586078
0.58115077,0.5746701,0.8893627,0.26645815,0.31469262,0.30821192,,,0.25410706,0.25491846,,,0.28160644,0.28285283
0.5878897,0.57919186,0.8916663,0.2754153,0.31247437,0.30377656,,,0.28523165,0.27318966,,,0.2875384,0.27937192
0.5814991,0.5724039,0.8893077,0.26459533,0.31690377,0.30780858,,,0.23708403,0.24578768,,,0.2750653,0.27541435
0.577893,0.57546246,0.8862956,0.26705986,0.31083316,0.3084026,,,0.26286334,0.26467967,,,0.28327137,0.28211856
0.576747,0.57425845,0.88937694,0.26162857,0.31511843,0.31262988,,,0.28010452,0.28105795,,,0.29305857,0.29100627
0.5742229,0.57494986,0.8882288,0.260944,0.3132789,0.31400585,,,0.2711408,0.2724079,,,0.2896276,0.29181486
0.58151215,0.5843513,0.8910117,0.2748518,0.30666035,0.3094995,,,0.2731765,0.2638889,,,0.28266823,0.2787137
0.58347845,0.5820932,0.88945305,0.27611864,0.3073598,0.30597454,,,0.25965774,0.27625394,,,0.27767354,0.2847492
0.5772494,0.57395756,0.8887628,0.2624442,0.3148052,0.31151336,,,0.2582025,0.24828416,,,0.28487313,0.27547407
0.57787216,0.5814291,0.8897554,0.26954585,0.3083263,0.31188327,,,0.28202718,0.27030313,,,0.2862941,0.2869513
0.579044,0.57187045,0.8895331,0.26138133,0.31766266,0.31048912,,,0.2857957,0.259902,,,0.29423892,0.28214866
0.5871881,0.5790924,0.8899086,0.2763719,0.31081623,0.3027205,,,0.26075327,0.27724528,,,0.28193587,0.28688663
0.57859373,0.5866108,0.8891286,0.2760759,0.30251783,0.3105349,,,0.27950984,0.2767337,,,0.28262204,0.2927429
0.5869212,0.58533955,0.8910669,0.28119385,0.30572736,0.3041457,,,0.27149677,0.28020316,,,0.28370076,0.29000807
0.5849689,0.5703471,0.8890511,0.26626492,0.318704,0.30408216,,,0.25050974,0.23637277,,,0.28551555,0.2721523
0.5819864,0.57920516,0.8910734,0.27011818,0.31186825,0.30908698,,,0.28061694,0.25600737,,,0.2919628,0.2823847
0.5823738,0.58462834,0.8922937,0.2747085,0.3076653,0.30991983,,,0.27559978,0.26875216,,,0.28297794,0.28681695
0.57275426,0.57858765,0.8892156,0.26212633,0.31062794,0.31646132,,,0.24433124,0.28437656,,,0.2743318,0.2889229
0.5896325,0.57618284,0.88988686,0.2759285,0.313704,0.30025434,,,0.29035717,0.29001564,,,0.29860467,0.28747618
0.5901478,0.57600904,0.88989615,0.2762606,0.31388718,0.29974842,,,0.30909675,0.2771479,,,0.30312645,0.28206766
0.580457,0.5785761,0.88934207,0.269691,0.31076598,0.3088851,,,0.27027756,0.28549278,,,0.2849775,0.28864312
0.58163655,0.5716052,0.8907058,0.26253593,0.31910062,0.30906928,,,0.27222365,0.2512983,,,0.29069567,0.27525496
0.5804788,0.5789023,0.8877694,0.27161175,0.30886704,0.30729055,,,0.27191502,0.2877084,,,0.278526,0.29028988
0.58614075,0.5816586,0.8927761,0.27502328,0.31111747,0.30663532,,,0.287126,0.26786214,,,0.2885893,0.28094304
0.5828484,0.5750034,0.88931537,0.26853645,0.31431198,0.30646694,,,0.2752815,0.2797032,,,0.29115093,0.28555995
0.5752998,0.57771444,0.8898433,0.2631709,0.3121289,0.31454355,,,0.2588187,0.25843376,,,0.2819168,0.28054595
0.58422244,0.584708,0.89049375,0.27843666,0.30578578,0.3062713,,,0.2669558,0.2799574,,,0.2810704,0.28550857
0.58247924,0.5759929,0.88835263,0.27011943,0.3123598,0.30587345,,,0.26156312,0.273426,,,0.28086436,0.2853765
0.5734284,0.57943606,0.88885546,0.264009,0.3094194,0.31542706,,,0.26523715,0.2682314,,,0.28178406,0.2848515
0.58046806,0.5775864,0.8900891,0.26796538,0.31250268,0.30962104,,,0.25714827,0.26517993,,,0.27715278,0.28256118
0.58602625,0.5773387,0.88869333,0.27467155,0.3113547,0.30266714,,,0.2834636,0.2676946,,,0.28933346,0.27952147
0.5739904,0.57864594,0.88722456,0.26541173,0.30857867,0.3132342,,,0.27324134,0.2633695,,,0.28145826,0.2795413
0.5767268,0.5728439,0.88936234,0.26020837,0.31651843,0.31263554,,,0.26211005,0.26071995,,,0.2873823,0.2835825
0.58659995,0.5843524,0.8920797,0.2788726,0.30772734,0.30547976,,,0.2916767,0.28830904,,,0.2936815,0.2906825
0.58014417,0.5835943,0.8913439,0.2723946,0.30774957,0.31119972,,,0.26451057,0.288225,,,0.28068465,0.29588485
0.57340825,0.5860307,0.8885701,0.2708689,0.30253935,0.31516182,,,0.26352477,0.27737725,,,0.27970988,0.2902308
0.59353447,0.580032,0.8926497,0.28091675,0.31261772,0.29911524,,,0.296485,0.29199755,,,0.2968287,0.28643394
0.58727753,0.57013595,0.88952696,0.26788652,0.319391,0.30224943,,,0.27299458,0.24732065,,,0.28881955,0.26899463
0.5844068,0.5867696,0.89088583,0.2802906,0.3041162,0.30647898,,,0.2522384,0.27224523,,,0.28142458,0.28728366
0.5770795,0.5837753,0.8904094,0.2704454,0.30663407,0.31332988,,,0.263956,0.28005713,,,0.2826488,0.2944044
0.5737785,0.59047556,0.8890391,0.27521497,0.29856354,0.3152606,,,0.24862349,0.26450753,,,0.26922214,0.28711408
0.57903206,0.5799253,0.8879719,0.27098548,0.30804658,0.3089398,,,0.26257557,0.2644369,,,0.27654493,0.2807213
0.5834451,0.5794734,0.8898496,0.27306885,0.31037623,0.30640453,,,0.26690233,0.27648568,,,0.28403658,0.2858001
0.5819813,0.5769236,0.8891768,0.26972812,0.31225318,0.30719548,,,0.2799042,0.23877412,,,0.29072773,0.27216053
0.5807626,0.5835359,0.8912599,0.27303863,0.307724,0.31049728,,,0.28279132,0.2706676,,,0.28888333,0.28712356
0.58470833,0.5823843,0.8894287,0.2776639,0.30704445,0.3047204,,,0.27636772,0.27833736,,,0.2857067,0.2878757
0.5890558,0.57907,0.8914139,0.27671182,0.31234396,0.30235815,,,0.2696703,0.28129148,,,0.28599954,0.2860939
0.57455385,0.5828667,0.8891473,0.26827335,0.3062805,0.31459337,,,0.25236005,0.2552877,,,0.27512348,0.28057986
0.5770583,0.58161736,0.89279324,0.26588243,0.31117588,0.31573492,,,0.2789281,0.27558148,,,0.28508478,0.2875911
0.58544195,0.57931,0.89080125,0.27395076,0.3114912,0.30535924,,,0.287885,0.2665785,,,0.29353762,0.2776906
0.5892234,0.57685244,0.8904785,0.27559733,0.31362605,0.3012551,,,0.28846568,0.2518282,,,0.29135013,0.27149218
0.5830473,0.58375204,0.8916949,0.2751044,0.30794287,0.30864763,,,0.2771303,0.25631732,,,0.29272693,0.2797442
0.57526946,0.5834749,0.8898583,0.26888603,0.30638343,0.31458884,,,0.25905174,0.26983106,,,0.2781158,0.28870952
0.5792817,0.5867481,0.89099723,0.27503258,0.3042491,0.31171554,,,0.26735252,0.28182077,,,0.28620857,0.29562253
0.57765085,0.58516353,0.89046717,0.2723472,0.30530363,0.31281632,,,0.2651629,0.28441525,,,0.28173512,0.29356998
0.57455784,0.5765448,0.8888597,0.26224297,0.31231487,0.31430185,,,0.2668085,0.24629635,,,0.28545737,0.2732349
0.580479,0.5826115,0.89119804,0.27189243,0.3085866,0.31071907,,,0.27221143,0.28786093,,,0.2863844,0.29239416
0.5798434,0.5872645,0.8896768,0.277431,0.3024124,0.30983347,,,0.25202608,0.25890887,,,0.27619636,0.28310055
0.5927677,0.57873803,0.89206314,0.27944255,0.31332517,0.29929549,,,0.28306514,0.2696262,,,0.29482174,0.28325725
0.5783111,0.58175284,0.8891135,0.2709505,0.3073606,0.31080234,,,0.26195294,0.27399033,,,0.28005832,0.287511
0.57441765,0.5752388,0.8891347,0.26052183,0.31389582,0.314717,,,0.28770977,0.26100683,,,0.29277128,0.28017008
0.58494794,0.5794607,0.8871739,0.2772348,0.30771315,0.3022259,,,0.2684976,0.2667203,,,0.28575885,0.28151375
0.58539295,0.5775516,0.8882956,0.27464896,0.310744,0.30290264,,,0.26319343,0.26812744,,,0.28343123,0.2812667
0.57985413,0.5747713,0.8889168,0.26570863,0.3141455,0.30906266,,,0.27789783,0.25305706,,,0.28836775,0.27511424
0.579951,0.58769065,0.8901586,0.27748305,0.30246794,0.3102076,,,0.25919783,0.28159672,,,0.2799626,0.29202592
0.57061315,0.57942104,0.8886286,0.2614056,0.30920756,0.31801546,,,0.27206504,0.25988305,,,0.2871049,0.28797746
0.58708024,0.5817843,0.8914098,0.27745467,0.30962557,0.30432963,,,0.28111058,0.2807001,,,0.2890879,0.28443074
0.58651626,0.57583964,0.89099765,0.27135825,0.315158,0.3044814,,,0.28535658,0.27000046,,,0.2932257,0.28263646
0.5841565,0.5899968,0.8919345,0.2822188,0.3019377,0.307778,,,0.2932304,0.2946062,,,0.29110062,0.29743856
0.58116215,0.5855885,0.89355195,0.27319872,0.30796343,0.3123898,,,0.27974552,0.27811718,,,0.2856775,0.2872696
0.57485867,0.5888054,0.8913059,0.27235818,0.3025005,0.3164472,,,0.28443027,0.26873446,,,0.2842703,0.2916479
0.5911563,0.57982576,0.8922232,0.27875894,0.31239736,0.30106682,,,0.2884909,0.28943235,,,0.29281276,0.28631496
0.58450764,0.5779784,0.8912857,0.27120036,0.3133073,0.306778,,,0.2734928,0.26322,,,0.29148436,0.28098738
0.575567,0.5830666,0.88994455,0.26868904,0.30687797,0.31437755,,,0.2792645,0.27033275,,,0.28633976,0.28757596
0.57554364,0.57947916,0.8900527,0.26497018,0.31057346,0.31450897,,,0.26571196,0.25868684,,,0.28116715,0.2839808
0.5864841,0.5785961,0.88937086,0.27570933,0.31077474,0.30288678,,,0.27643073,0.27598387,,,0.28765,0.28082067
0.5936426,0.5820298,0.8931812,0.2824912,0.3111514,0.2995386,,,0.28446883,0.27688527,,,0.2924508,0.28263903
0.58150005,0.5755123,0.8897849,0.26722747,0.31427258,0.30828482,,,0.25957197,0.2613337,,,0.27677226,0.2799914
0.57548636,0.5798882,0.88934445,0.26603007,0.3094563,0.31385815,,,0.24292606,0.26064152,,,0.27621865,0.28660196
0.5822594,0.5929118,0.89307696,0.28209418,0.30016524,0.3108176,,,0.29739302,0.29190707,,,0.29096395,0.29473948
0.58210194,0.5781865,0.8915697,0.26871878,0.31338316,0.30946773,,,0.2760259,0.27224678,,,0.2887144,0.28801233
0.57888114,0.5942551,0.8913992,0.28173703,0.29714411,0.31251806,,,0.29584098,0.29908597,,,0.28841472,0.29930663
0.5838748,0.5802617,0.8893569,0.27477962,0.3090952,0.3054821,,,0.2478159,0.2807997,,,0.27400488,0.28908855
0.5816557,0.5830209,0.8914901,0.27318656,0.30846912,0.30983436,,,0.27090472,0.26750582,,,0.28533047,0.2855479
0.5840435,0.5945307,0.8913039,0.2872703,0.2967732,0.3072604,,,0.27477854,0.30225766,,,0.28277034,0.29912847
0.5769861,0.58512044,0.88881093,0.27329558,0.3036905,0.31182486,,,0.26465583,0.27005988,,,0.27643424,0.2906512
0.58569753,0.57075703,0.88693315,0.26952142,0.31617612,0.30123562,,,0.26697034,0.26455736,,,0.29490447,0.28051865
0.58505857,0.579262,0.88999623,0.27432436,0.3107342,0.30493766,,,0.2646299,0.27360898,,,0.27906132,0.2820986
0.57841086,0.57127666,0.8893361,0.26035142,0.31805944,0.31092525,,,0.26423693,0.2677595,,,0.27878827,0.28315908
0.588369,0.58729136,0.8909546,0.28470576,0.30366325,0.3025856,,,0.286408,0.28005874,,,0.28815913,0.28717178
0.57572764,0.5870201,0.8879591,0.27478862,0.30093902,0.31223148,,,0.2538975,0.27172458,,,0.2763105,0.28984582
0.5874642,0.5765232,0.89090437,0.27308303,0.31438118,0.30344015,,,0.28796232,0.2592888,,,0.2938096,0.27821887
0.5827366,0.5819636,0.8908152,0.27388507,0.30885154,0.30807853,,,0.27880955,0.28345895,,,0.2861408,0.28643847
0.5761261,0.5876788,0.8896928,0.2741121,0.302014,0.31356668,,,0.25910008,0.27369696,,,0.27932173,0.2873199
0.5786928,0.5836679,0.8910649,0.2712958,0.307397,0.3123721,,,0.26407522,0.28368974,,,0.28079033,0.29241866
0.57582116,0.5806469,0.89224213,0.2642259,0.31159526,0.31642097,,,0.27428514,0.27379626,,,0.28544146,0.28714418
0.58909976,0.57813585,0.89160824,0.27562737,0.3134724,0.30250847,,,0.27325374,0.27706712,,,0.28511608,0.2849937
0.58850896,0.5797348,0.89071894,0.27752483,0.31098413,0.30220997,,,0.27620453,0.2586109,,,0.28791696,0.275894
0.5806774,0.5852012,0.88947225,0.2764063,0.3042711,0.30879492,,,0.259898,0.27577758,,,0.27948588,0.28364348
0.5727982,0.57569706,0.88903654,0.25945866,0.31333953,0.3162384,,,0.2593547,0.26871616,,,0.2809416,0.28453672
0.5688063,0.58235,0.8887644,0.26239192,0.30641437,0.3199581,,,0.21871936,0.27659857,,,0.26133054,0.29128885
0.58560586,0.58248603,0.8933506,0.2747413,0.31086457,0.30774474,,,0.27504623,0.29610872,,,0.2876274,0.2905619
0.58459496,0.5818985,0.891221,0.27527243,0.30932254,0.30662608,,,0.28298652,0.29193544,,,0.29054838,0.29343408
0.5778353,0.5738854,0.8889353,0.26278543,0.3150499,0.31109995,,,0.2516722,0.2676959,,,0.2795326,0.28524214
0.5799484,0.579082,0.88953006,0.26950037,0.31044805,0.30958164,,,0.27496535,0.2812469,,,0.2882138,0.292158
0.57650113,0.57546306,0.88816386,0.26380032,0.3127008,0.31166273,,,0.26452845,0.26253545,,,0.28385127,0.27885228
0.5828968,0.56940746,0.88904214,0.26326215,0.31963468,0.3061453,,,0.2566737,0.26097918,,,0.28877604,0.27724433
0.5806948,0.579153,0.88996416,0.26988357,0.31081122,0.30926943,,,0.27346295,0.26784366,,,0.28577453,0.2825203
0.5912205,0.5873137,0.8937833,0.284751,0.3064695,0.3025627,,,0.28008282,0.2752896,,,0.2915538,0.28252852
0.57655954,0.5878327,0.88907146,0.27532077,0.30123878,0.31251192,,,0.27847356,0.27520323,,,0.2861668,0.2908147
0.5774008,0.5848568,0.89096355,0.27129412,0.3061067,0.3135627,,,0.25786245,0.27191198,,,0.2733128,0.28527677
0.5872177,0.5814673,0.8916776,0.27700734,0.31021035,0.30445993,,,0.27246553,0.26175338,,,0.28801626,0.2817695
0.57965004,0.57747495,0.8894819,0.2676431,0.31200695,0.30983186,,,0.26083946,0.25387102,,,0.28396994,0.2799952
0.5842155,0.5819581,0.8918084,0.2743653,0.30985022,0.3075928,,,0.27762717,0.27382457,,,0.2881732,0.286861
0.57901394,0.5756835,0.88945156,0.26524585,0.3137681,0.31043762,,,0.2576732,0.2573583,,,0.28101808,0.27734053
0.57881874,0.57774544,0.888758,0.26780623,0.3110125,0.3099392,,,0.26109958,0.26188374,,,0.2798999,0.27865595
0.5857892,0.58464,0.88949513,0.2809341,0.3048551,0.30370593,,,0.289697,0.28198516,,,0.29188365,0.28661245
0.5715956,0.58209974,0.88975406,0.2639413,0.30765432,0.31815845,,,0.256091,0.28346175,,,0.27709854,0.2953478
0.5859035,0.5791598,0.8924692,0.27259415,0.31330937,0.30656564,,,0.28670126,0.2799288,,,0.29132932,0.2888925
0.5783433,0.5842885,0.8905047,0.27212703,0.30621624,0.31216145,,,0.25530052,0.28889364,,,0.27743375,0.294648
0.5873612,0.5792152,0.8906773,0.2758991,0.3114621,0.30331612,,,0.27741373,0.26666844,,,0.28894502,0.28290987
0.5854289,0.5792772,0.88949907,0.27520704,0.31022185,0.30407017,,,0.27661783,0.27986395,,,0.29026306,0.28568614
0.57594895,0.5784676,0.8874028,0.2670138,0.30893517,0.31145382,,,0.25814044,0.27618146,,,0.27695298,0.28947294
0.5806468,0.58002186,0.8909707,0.2696979,0.3109489,0.31032395,,,0.28433383,0.27592558,,,0.28969556,0.28603613
0.5780231,0.5781764,0.8908339,0.26536554,0.31265754,0.31281084,,,0.281587,0.27488858,,,0.29188037,0.28725165
0.58271885,0.5702547,0.8877266,0.26524693,0.31747192,0.30500776,,,0.26466668,0.26733494,,,0.28655815,0.28005666
0.58752036,0.58625346,0.8913168,0.282457,0.30506337,0.30379647,,,0.26985437,0.2832327,,,0.28348964,0.28732502
0.56889254,0.5834466,0.8869195,0.26541972,0.30347282,0.3180269,,,0.24355137,0.26531595,,,0.26670635,0.28791338
0.57555425,0.5717648,0.88785243,0.25946665,0.3160876,0.31229818,,,0.2533759,0.25946862,,,0.2780618,0.2767781
0.58316195,0.58711123,0.89133257,0.27894062,0.30422133,0.30817062,,,0.28878623,0.28050327,,,0.28767997,0.29095006
0.5749402,0.57996935,0.8874567,0.2674529,0.3074873,0.31251645,,,0.25461257,0.2671917,,,0.27860552,0.2889219
0.5805819,0.5796198,0.8877049,0.27249688,0.30808502,0.30712295,,,0.2619447,0.27364486,,,0.27900475,0.28560466
0.5874004,0.583891,0.8914724,0.27981895,0.30758142,0.30407202,,,0.2920127,0.2871548,,,0.29079956,0.28578752
0.5727439,0.56987506,0.8885586,0.25406027,0.31868362,0.3158148,,,0.24236178,0.24925041,,,0.27450508,0.281417
0.5904459,0.5722882,0.8895675,0.27316654,0.31727934,0.29912168,,,0.28121448,0.26714438,,,0.29554212,0.28154403
0.58504736,0.5875021,0.8907937,0.2817558,0.30329156,0.30574632,,,0.28674173,0.30217278,,,0.28663433,0.29464477
0.57866013,0.57918656,0.8909991,0.2668476,0.31181252,0.31233895,,,0.24957651,0.27060193,,,0.2754522,0.28333598
0.58214045,0.5717213,0.89050865,0.2633531,0.31878734,0.3083682,,,0.27995288,0.24541795,,,0.2946763,0.2750492
0.5793725,0.58023596,0.88965225,0.26995623,0.3094163,0.31027973,,,0.284611,0.26931506,,,0.2906134,0.28201282
0.5870734,0.5789298,0.89080757,0.27519566,0.31187773,0.30373412,,,0.2795716,0.26128513,,,0.28855777,0.27987343
0.5857985,0.58189094,0.89012295,0.2775665,0.308232,0.30432445,,,0.28941077,0.26529145,,,0.29327375,0.28018284
0.5774709,0.5757644,0.8877932,0.26544213,0.31202877,0.31032228,,,0.25957936,0.27901828,,,0.2764141,0.28559107
0.5735235,0.5890354,0.88937056,0.27318835,0.30033517,0.31584704,,,0.26509064,0.27881527,,,0.28038406,0.29099852
0.5844419,0.583304,0.8906621,0.27708375,0.30735815,0.30622023,,,0.29382682,0.26823485,,,0.29079622,0.28430033
0.58052087,0.5862172,0.8893018,0.27743626,0.3030846,0.30878097,,,0.2694183,0.28549743,,,0.28370303,0.29458416
0.586501,0.5824312,0.89075285,0.27817935,0.30832165,0.30425185,,,0.2694838,0.2718327,,,0.28711998,0.2809354
0.57345825,0.58144844,0.88846195,0.2664448,0.30701345,0.31500363,,,0.2651788,0.27517414,,,0.2812056,0.29358995
0.5815786,0.5796249,0.8903419,0.27086163,0.310717,0.30876327,,,0.27963448,0.26756418,,,0.29215008,0.2862023
0.5832986,0.5848882,0.8931404,0.27504653,0.3082521,0.3098417,,,0.30742002,0.28382885,,,0.29585582,0.28460306
0.5864326,0.5850257,0.8915876,0.27987063,0.30656195,0.3051551,,,0.2838055,0.27246428,,,0.28758323,0.28062338
0.5763159,0.5755086,0.8876618,0.26416266,0.31215322,0.31134593,,,0.25631696,0.262173,,,0.28533036,0.2843551
0.58459675,0.5723777,0.89006263,0.2669118,0.31768495,0.30546588,,,0.28224832,0.27255964,,,0.29362112,0.28094184
0.5709684,0.5718449,0.88818496,0.25462824,0.31634015,0.31721663,,,0.2622537,0.25898588,,,0.28655446,0.2816366
0.5821079,0.58006024,0.8904345,0.27173364,0.31037426,0.3083266,,,0.2844153,0.2620508,,,0.29039627,0.28269225
0.5799601,0.5739556,0.88956517,0.26435047,0.31560963,0.30960512,,,0.27823842,0.2639141,,,0.28912473,0.27857393
0.5791586,0.58608687,0.89049643,0.2747491,0.3044095,0.31133777,,,0.26889688,0.26789033,,,0.27840722,0.28514004
0.59104455,0.58349097,0.8915919,0.2829436,0.30810094,0.30054736,,,0.28259456,0.2816167,,,0.28707278,0.28360474
0.57776093,0.57749426,0.89003706,0.26521814,0.3125428,0.31227612,,,0.2890492,0.27894694,,,0.29190516,0.28469127
0.56889826,0.58303356,0.88968515,0.2622466,0.30665165,0.32078695,,,0.26141733,0.28000528,,,0.27648038,0.29328585
0.5848241,0.57899016,0.8921457,0.2716686,0.31315547,0.30732155,,,0.2923568,0.25663632,,,0.29461944,0.2743399
0.58410734,0.5742324,0.8880327,0.27030706,0.31380028,0.30392534,,,0.28847218,0.26886475,,,0.29578674,0.28363496
0.57218397,0.57960117,0.88818747,0.26359767,0.3085863,0.3160035,,,0.2578249,0.24481964,,,0.274346,0.27456897
0.5825057,0.5890229,0.89056826,0.28096032,0.30154538,0.30806255,,,0.27811205,0.29420245,,,0.28482854,0.29310405
0.5843376,0.57738185,0.8903817,0.27133775,0.31299984,0.3060441,,,0.26752394,0.26026213,,,0.287292,0.2814762
0.58300555,0.5851977,0.8895029,0.27870035,0.3043052,0.30649734,,,0.27239144,0.27340925,,,0.2861877,0.2868954
0.5831295,0.58678174,0.8913745,0.27853674,0.3045928,0.308245,,,0.28842127,0.2876966,,,0.29124022,0.28909075
0.58563864,0.5816847,0.8918764,0.27544695,0.3101917,0.30623776,,,0.28227067,0.27336675,,,0.29440302,0.2856236
0.5795407,0.5853547,0.89067453,0.27422088,0.30531985,0.3111338,,,0.2969569,0.2692809,,,0.29401183,0.28969258
0.5816821,0.5862626,0.8888918,0.27905285,0.30262923,0.30720973,,,0.2662112,0.2897488,,,0.27788585,0.2922225
0.5824101,0.58452594,0.88960934,0.2773267,0.3050834,0.30719924,,,0.26379603,0.27041596,,,0.27840608,0.29012954
0.5843617,0.5794691,0.8898316,0.27399915,0.31036252,0.30546993,,,0.26756096,0.2578202,,,0.2797171,0.27611047
0.57757914,0.5758725,0.8872025,0.26624918,0.31132996,0.3096233,,,0.25535798,0.25444442,,,0.27832687,0.2800389
0.584357,0.5857971,0.8904043,0.2797498,0.3046072,0.30604726,,,0.27850175,0.28687626,,,0.28500557,0.28885388
0.5824523,0.5774546,0.8881959,0.271711,0.3107413,0.30574363,,,0.26703483,0.2766937,,,0.28298843,0.28549665
0.5795076,0.5791297,0.8890934,0.2695439,0.3099637,0.3095858,,,0.25769764,0.26283753,,,0.2814539,0.28720295
0.58066005,0.58447516,0.8922535,0.27288163,0.30777842,0.31159353,,,0.2704618,0.28961223,,,0.28325003,0.28917432
0.5787717,0.5831951,0.8944412,0.2675256,0.3112461,0.31566948,,,0.29703486,0.2982657,,,0.29706657,0.29373473
0.5805373,0.5788998,0.8912593,0.26817787,0.31235945,0.31072193,,,0.2847349,0.27158183,,,0.29574823,0.28634065
0.5849755,0.58198917,0.89012384,0.2768408,0.30813468,0.30514836,,,0.2648384,0.27966475,,,0.28164458,0.28361934
0.5805644,0.5790374,0.8882911,0.2713107,0.3092537,0.30772674,,,0.25527823,0.25796777,,,0.27850896,0.28076118
0.58238566,0.5787051,0.89013195,0.27095878,0.31142688,0.3077463,,,0.25780648,0.25374514,,,0.28232688,0.27928632
0.580099,0.5838503,0.88873094,0.2752183,0.30488068,0.30863202,,,0.25702864,0.2687981,,,0.27768314,0.28428507
0.5816438,0.57896703,0.88970894,0.27090198,0.31074184,0.30806506,,,0.2713421,0.25579953,,,0.28338468,0.2742656
0.5830215,0.5769353,0.8895433,0.27041352,0.312608,0.30652177,,,0.25276446,0.25664365,,,0.2766263,0.275396
0.58058995,0.5759537,0.88995993,0.2665838,0.31400615,0.30936992,,,0.26659596,0.2574935,,,0.28902268,0.2795627
0.58231294,0.58629936,0.89053625,0.278076,0.30423695,0.30822337,,,0.28376132,0.27805352,,,0.28759617,0.2917239
0.57950664,0.57953084,0.88869303,0.27034444,0.3091622,0.3091864,,,0.26022685,0.26213342,,,0.27759254,0.28242922
0.58955455,0.5769457,0.8898485,0.27665186,0.3129027,0.30029386,,,0.27640975,0.26103604,,,0.2903852,0.2800905
0.5812751,0.58526003,0.8918095,0.27472562,0.3065495,0.31053442,,,0.28605437,0.29627258,,,0.28756148,0.29388827
0.58181965,0.5838815,0.888399,0.27730215,0.3045175,0.30657935,,,0.25718606,0.27536577,,,0.2774909,0.28551483
0.5843216,0.579481,0.89024687,0.27355576,0.31076586,0.30592525,,,0.2795428,0.27731854,,,0.29255986,0.2865262
0.5882543,0.5871748,0.892383,0.28304613,0.30520815,0.30412865,,,0.29540867,0.27690977,,,0.29183662,0.28742105
0.5744574,0.578673,0.8885008,0.2646296,0.3098278,0.3140434,,,0.2593425,0.27583313,,,0.27629608,0.28414434
0.58243215,0.58031404,0.8880228,0.2747234,0.30770874,0.30559063,,,0.27442133,0.25603956,,,0.2881145,0.27969754
0.5762471,0.5757619,0.8885574,0.26345164,0.31279546,0.31231028,,,0.26759338,0.2637229,,,0.28497928,0.28162503
0.58412886,0.5849232,0.89048004,0.27857208,0.30555677,0.30635113,,,0.29105312,0.30068523,,,0.29508495,0.29757822
0.58060503,0.578933,0.8887922,0.2707458,0.30985922,0.3081872,,,0.25351745,0.25009888,,,0.27520847,0.2755909
0.5727484,0.5823553,0.88856244,0.26654124,0.30620718,0.31581408,,,0.27474713,0.2606089,,,0.28850514,0.28704816
0.5717257,0.57952064,0.8888634,0.26238292,0.3093428,0.31713772,,,0.27600825,0.26801836,,,0.2832293,0.28471887
0.5705147,0.58332884,0.88771534,0.26612818,0.3043865,0.31720066,,,0.24238867,0.27786434,,,0.27260238,0.29163504
0.58959293,0.5862956,0.8906782,0.2852103,0.30438262,0.3010853,,,0.30004573,0.2937755,,,0.292009,0.29042542
0.5766518,0.5835463,0.89040613,0.26979196,0.30685985,0.31375432,,,0.2616514,0.28083152,,,0.27773112,0.2940092
0.5761188,0.5714544,0.88653564,0.2610376,0.31508124,0.31041682,,,0.2711593,0.26037198,,,0.2863415,0.28263384
0.58359045,0.57729495,0.8890312,0.27185416,0.3117363,0.30544078,,,0.27585632,0.25874794,,,0.28862756,0.2742561
0.5810336,0.5835903,0.8896364,0.27498758,0.306046,0.30860275,,,0.27316147,0.27317786,,,0.283561,0.28464997
0.5782795,0.5765159,0.88987684,0.26491857,0.31336093,0.31159735,,,0.26230353,0.23927462,,,0.28838885,0.27248114
0.5795671,0.5864473,0.88992596,0.27608848,0.3034786,0.31035882,,,0.2623374,0.28218818,,,0.2781877,0.29156458
0.58169377,0.5812547,0.89098394,0.27196455,0.30972922,0.30929017,,,0.26345062,0.30511713,,,0.28288013,0.29901338
0.57291436,0.5825199,0.8906873,0.26474696,0.3081674,0.31777292,,,0.25445253,0.2821855,,,0.2732045,0.29247773
0.5834073,0.58076,0.8923012,0.27186608,0.3115412,0.30889392,,,0.28432673,0.27535647,,,0.29519826,0.28733462
0.57483625,0.5858587,0.88925004,0.27144492,0.30339134,0.3144138,,,0.24547738,0.27789176,,,0.26941282,0.28920162
0.58103645,0.5780401,0.8885824,0.27049416,0.3105423,0.30754596,,,0.2786405,0.26269215,,,0.2899981,0.28059953
0.58596176,0.57707834,0.8894984,0.27354175,0.31242,0.3035366,,,0.27660555,0.27023083,,,0.28773737,0.28124738
0.5800204,0.5851501,0.89133435,0.2738362,0.30618423,0.31131393,,,0.2797414,0.291538,,,0.28990918,0.29571825
0.5771905,0.5797225,0.89199233,0.2649207,0.3122698,0.3148018,,,0.25888425,0.27281857,,,0.28402203,0.28738207
0.58675754,0.5837345,0.8900771,0.28041494,0.3063426,0.30331957,,,0.28521174,0.28760517,,,0.29019296,0.2911929
0.5650636,0.57955354,0.8883045,0.2563126,0.308751,0.32324094,,,0.2408235,0.24055445,,,0.2728532,0.28047812
0.57875776,0.5739088,0.89016217,0.2625044,0.31625336,0.3114044,,,0.2724452,0.24809134,,,0.28845102,0.27529925
0.58343977,0.5781225,0.8904514,0.27111083,0.31232893,0.30701166,,,0.28996468,0.27029586,,,0.29379398,0.28310752
0.5746839,0.5764053,0.88944185,0.26164734,0.31303656,0.31475794,,,0.25547135,0.25502807,,,0.27751392,0.28409082
0.5773643,0.5731379,0.88566595,0.26483625,0.31252807,0.30830163,,,0.2673759,0.252546,,,0.27967018,0.27706403
0.5748994,0.5780796,0.8890442,0.26393467,0.3109647,0.3141449,,,0.27144492,0.25346255,,,0.28758568,0.28418314
0.5855122,0.58181685,0.8887277,0.27860135,0.30691087,0.3032155,,,0.2789597,0.28122216,,,0.28711003,0.2860697
0.5806037,0.5781265,0.88929945,0.26943082,0.3111729,0.30869567,,,0.27627695,0.27556175,,,0.2881472,0.2857489
0.576194,0.58186173,0.8921461,0.26590967,0.31028432,0.31595206,,,0.25819188,0.26438946,,,0.2786919,0.28089172
0.5810696,0.5777135,0.88941884,0.26936424,0.31170535,0.30834925,,,0.28649932,0.26526922,,,0.2898081,0.27964616
0.5834243,0.58567,0.8894865,0.27960783,0.3038165,0.30606216,,,0.3004983,0.28272456,,,0.29048884,0.28688186
0.5805857,0.59247947,0.8921366,0.2809286,0.2996571,0.31155086,,,0.27845246,0.28899235,,,0.28896415,0.29788548
0.58568275,0.5878422,0.8909522,0.28257275,0.30311,0.30526948,,,0.26706368,0.26901078,,,0.28785104,0.28585666
0.5744534,0.58223593,0.88579893,0.27089047,0.30356294,0.31134546,,,0.2621113,0.26127928,,,0.28013158,0.2841894
0.5808357,0.568329,0.88745725,0.26170743,0.31912827,0.30662155,,,0.25199646,0.2705294,,,0.27924818,0.28291118
0.5777885,0.5838355,0.8902404,0.27138358,0.3064049,0.3124519,,,0.27301782,0.2561099,,,0.2839588,0.28063518
0.58294415,0.57801366,0.8888697,0.2720881,0.31085604,0.30592555,,,0.2544136,0.25804627,,,0.27812493,0.27906066
0.5855647,0.57951665,0.88950795,0.2755733,0.30999136,0.30394334,,,0.28199154,0.264463,,,0.28986287,0.27916485
0.569325,0.5856189,0.8865552,0.26838875,0.30093622,0.31723017,,,0.28197014,0.2859378,,,0.2824434,0.29881358
0.5838814,0.584273,0.88964945,0.2785049,0.30537647,0.30576807,,,0.28207123,0.27492827,,,0.29161274,0.28816283
0.58303535,0.5780403,0.88826746,0.27280813,0.31022722,0.30523217,,,0.26862228,0.24843526,,,0.28592056,0.2743221
0.5811167,0.57915926,0.8910597,0.26921624,0.31190044,0.30994302,,,0.2904322,0.2894593,,,0.28897226,0.28942192
0.5690944,0.5794232,0.8898522,0.25866538,0.31042904,0.3207578,,,0.26335257,0.25553942,,,0.28148156,0.28619188
0.5770791,0.57933104,0.88772315,0.26868707,0.30839205,0.31064397,,,0.27514803,0.26385427,,,0.2838881,0.27967024
0.58713496,0.581789,0.8895353,0.27938867,0.3077463,0.30240035,,,0.27605474,0.27775395,,,0.28208983,0.2859683
0.58370423,0.56838614,0.88855475,0.26353556,0.32016867,0.30485058,,,0.28194928,0.24901676,,,0.29695594,0.27171457
0.5783969,0.5661577,0.88742715,0.25712746,0.32126945,0.30903023,,,0.2722563,0.25227094,,,0.2909994,0.2719136
0.5741402,0.5840678,0.89004886,0.26815915,0.30598104,0.31590867,,,0.23138785,0.27160215,,,0.26835787,0.2820745
0.58226424,0.5867057,0.89036644,0.27860343,0.3036608,0.30810225,,,0.26759374,0.2861933,,,0.28184068,0.29313755
0.58247304,0.57772493,0.8886827,0.27151525,0.3109578,0.30620968,,,0.2567051,0.28127396,,,0.2814504,0.28493655
0.5816382,0.58459747,0.8901314,0.27610427,0.30553395,0.3084932,,,0.26679212,0.2739442,,,0.28257042,0.2896536
0.58738464,0.5811157,0.8909094,0.27759105,0.3097936,0.30352467,,,0.2853824,0.26895058,,,0.290583,0.2830078
0.58537817,0.5758075,0.8879556,0.27323014,0.31214803,0.30257738,,,0.26446748,0.23660755,,,0.28736252,0.26666582
0.57763135,0.5804279,0.8897812,0.26827806,0.3093533,0.31214982,,,0.2854439,0.2726161,,,0.29133594,0.2876523
0.574363,0.5826578,0.8897835,0.2672373,0.3071257,0.3154205,,,0.2580139,0.27639866,,,0.275455,0.2878285
0.5779037,0.5692699,0.8868314,0.26034224,0.31756145,0.30892766,,,0.276771,0.25811815,,,0.2937119,0.27981585
0.58600295,0.5807861,0.89060104,0.27618802,0.30981493,0.3045981,,,0.2982474,0.26499534,,,0.29673374,0.2780651
0.5828682,0.58134514,0.888085,0.2761284,0.3067398,0.30521673,,,0.26555234,0.26167732,,,0.2846974,0.28107864
0.5786298,0.58628947,0.89144224,0.27347702,0.30515277,0.31281245,,,0.28807473,0.27938604,,,0.29160172,0.28870314
0.57927,0.57571256,0.89005935,0.26492321,0.3143468,0.31078935,,,0.25472558,0.28137624,,,0.28093344,0.29085463
0.5882746,0.5729131,0.8909646,0.27022302,0.31805158,0.3026901,,,0.27403563,0.24255395,,,0.2943092,0.2707917
0.5832193,0.57449865,0.88963044,0.2680875,0.31513178,0.30641115,,,0.2708068,0.24167866,,,0.29515427,0.268575
0.5854144,0.58426535,0.89133275,0.27834702,0.3070674,0.30591834,,,0.2714947,0.27475607,,,0.28007424,0.28583318
0.5826621,0.583524,0.88804,0.2781461,0.30451602,0.3053779,,,0.25888395,0.2610547,,,0.27591532,0.2766388
0.5850357,0.57883096,0.8895017,0.27436495,0.31067073,0.304466,,,0.26212245,0.26306558,,,0.28599244,0.28604996
0.5890887,0.5769626,0.89132357,0.2747277,0.31436098,0.3022349,,,0.28431135,0.26176268,,,0.29109347,0.27348542
0.58098054,0.58019596,0.88949853,0.2716779,0.30930263,0.30851805,,,0.24610603,0.27832973,,,0.27471125,0.2868821
0.5802736,0.5843698,0.8894128,0.2752306,0.30504304,0.3091392,,,0.25112867,0.28680122,,,0.2772686,0.29262644
0.56993365,0.57209,0.88910764,0.25291604,0.3170176,0.319174,,,0.27172768,0.27328557,,,0.28317046,0.29087502
0.579339,0.5810317,0.8897908,0.27057993,0.3087591,0.31045175,,,0.2707634,0.26379794,,,0.2858702,0.2846964
0.58857995,0.5801582,0.8912314,0.2775067,0.31107324,0.30265146,,,0.2640562,0.29138553,,,0.28205568,0.2902034
0.5770141,0.58293855,0.89021134,0.2697413,0.3072728,0.31319726,,,0.26769072,0.26380897,,,0.28546298,0.2817986
0.5878985,0.575618,0.889759,0.27375752,0.31414098,0.3018605,,,0.29084945,0.27450055,,,0.29705268,0.28650856
0.5792524,0.58287853,0.88949317,0.27263778,0.30661464,0.31024075,,,0.26630104,0.26602405,,,0.28696352,0.2882741
0.5794009,0.5786804,0.88996786,0.26811343,0.31128746,0.31056696,,,0.25320703,0.26839697,,,0.27579254,0.28134257
0.5849838,0.58688414,0.8901516,0.28171635,0.30326748,0.3051678,,,0.2898361,0.293491,,,0.2911843,0.29568106
0.58374405,0.5687098,0.88867235,0.26378155,0.3199625,0.30492824,,,0.28846377,0.2475434,,,0.2957064,0.27376246
0.5811546,0.5785529,0.88949794,0.2702096,0.31094497,0.3083433,,,0.29976124,0.26000065,,,0.29982167,0.27885085
0.57375443,0.5710484,0.88990444,0.25489837,0.31885606,0.31615,,,0.27810133,0.26332337,,,0.29196793,0.28379858
0.57892066,0.5788411,0.8887477,0.26901412,0.30990654,0.30982697,,,0.26495385,0.27610952,,,0.28468555,0.28816688
0.5738629,0.57074386,0.8895134,0.25509346,0.31876945,0.3156504,,,0.25840127,0.25068814,,,0.27976668,0.27774733
0.5819199,0.58134806,0.8913866,0.27188134,0.31003857,0.30946672,,,0.27778912,0.25747216,,,0.2864908,0.28005284
0.57948345,0.58209425,0.88955253,0.27202517,0.30745828,0.31006908,,,0.27223718,0.26899368,,,0.29009116,0.28501564
0.5794529,0.57652825,0.8903079,0.26567316,0.3137797,0.3108551,,,0.2817499,0.26946414,,,0.28967887,0.288772
0.5822625,0.5760775,0.88987005,0.26846993,0.3137926,0.3076076,,,0.26772892,0.26510513,,,0.28355527,0.28434402
0.58070266,0.58348274,0.89134306,0.27284235,0.3078603,0.3106404,,,0.2806157,0.25782233,,,0.2878638,0.28090447
0.57807755,0.582535,0.8903607,0.27025187,0.30782568,0.31228316,,,0.28083438,0.28800774,,,0.2874887,0.29006183
0.563426,0.5805104,0.8887642,0.2551722,0.30825382,0.32533818,,,0.27350885,0.27168888,,,0.27802795,0.2918347
0.58437693,0.5852579,0.8905494,0.2790854,0.30529153,0.3061725,,,0.25864732,0.2842536,,,0.27572894,0.29219282
0.5843185,0.58432585,0.8895414,0.27910304,0.30521548,0.3052228,,,0.2672211,0.26280832,,,0.2845685,0.28085244
0.5852362,0.58530104,0.8901561,0.28038114,0.30485505,0.3049199,,,0.28529996,0.2722866,,,0.28808016,0.28279024
0.5812795,0.5726415,0.8911436,0.2627774,0.31850213,0.3098641,,,0.2576912,0.25164098,,,0.28533047,0.2756636
0.5750514,0.57849544,0.8915661,0.2619807,0.3130707,0.31651473,,,0.28498852,0.28209293,,,0.2897973,0.2881878
0.5844959,0.57385004,0.888965,0.26938093,0.31511497,0.3044691,,,0.26375258,0.2661661,,,0.28347367,0.28018367
0.5759805,0.576657,0.88952243,0.26311505,0.31286544,0.31354195,,,0.26617742,0.2782086,,,0.28484607,0.292697
0.58550024,0.5814377,0.8918415,0.27509648,0.31040376,0.30634123,,,0.27262187,0.26858622,,,0.28888285,0.283046
0.57894206,0.5770533,0.8907892,0.26520616,0.3137359,0.31184715,,,0.27743685,0.26116753,,,0.2915284,0.28173423
0.5873619,0.5893608,0.8902267,0.28649592,0.30086595,0.30286485,,,0.29982585,0.27872145,,,0.29112053,0.28768623
0.57802045,0.579077,0.88819563,0.26890182,0.30911863,0.31017518,,,0.26727796,0.27590805,,,0.28027356,0.28397775
0.5782188,0.58106244,0.89117444,0.26810682,0.310112,0.31295562,,,0.2595302,0.27093297,,,0.28127825,0.28757286
0.5695437,0.58121514,0.8864114,0.26434743,0.3051963,0.3168677,,,0.25530297,0.26843178,,,0.2725675,0.28804374
0.5842172,0.57517195,0.887063,0.2723261,0.31189108,0.30284584,,,0.2561913,0.24976337,,,0.28466964,0.2724293
0.5811073,0.57516325,0.88761944,0.26865107,0.31245625,0.30651218,,,0.28819335,0.25408232,,,0.29659033,0.27807373
0.57950926,0.5856485,0.88932335,0.27583444,0.30367482,0.30981404,,,0.2547301,0.26571327,,,0.27569926,0.28505766
0.5884186,0.5818382,0.88971615,0.2805407,0.3078779,0.3012975,,,0.27692538,0.26996952,,,0.28999794,0.2862211
0.5782691,0.5770644,0.88993233,0.26540118,0.31286794,0.3116632,,,0.2612208,0.25878048,,,0.28110266,0.2811495
0.5856675,0.57780635,0.8895576,0.27391624,0.31175125,0.3038901,,,0.29613006,0.27826327,,,0.2965684,0.28463477
0.5772245,0.5858612,0.89021,0.27287573,0.30434877,0.31298548,,,0.26452762,0.2849328,,,0.28260273,0.29172665
0.58340514,0.5800402,0.8911203,0.27232504,0.3110801,0.30771518,,,0.27548534,0.25484967,,,0.2835822,0.27820688
0.5782615,0.5836534,0.88733053,0.2745843,0.3036772,0.3090691,,,0.27986014,0.26039457,,,0.2845999,0.27605253
0.5784997,0.57851195,0.8895313,0.2674803,0.31101936,0.31103164,,,0.26538336,0.27407098,,,0.2867865,0.28856158
0.57704294,0.5771481,0.8871665,0.26702452,0.31001842,0.31012356,,,0.28608978,0.26615584,,,0.29288882,0.28573966
0.5881706,0.5720326,0.88892955,0.27127367,0.31689692,0.3007589,,,0.27357715,0.28308702,,,0.2895689,0.28627557
0.5825776,0.5855947,0.8887917,0.27938068,0.3031969,0.30621403,,,0.2746626,0.2849617,,,0.2838192,0.28740883
0.582565,0.58109146,0.88934505,0.27431142,0.3082536,0.30678004,,,0.26941717,0.2443456,,,0.28506464,0.27218556
0.58169365,0.57573664,0.88825357,0.26917672,0.31251693,0.30655992,,,0.25963163,0.2541998,,,0.28340513,0.27570826
0.58048576,0.5790001,0.8896573,0.2698285,0.31065726,0.30917162,,,0.28021646,0.28875268,,,0.2903672,0.289562
0.57851726,0.583416,0.8904408,0.27149236,0.3070249,0.31192362,,,0.2924413,0.28051937,,,0.2941208,0.2931586
0.58719933,0.590137,0.89165556,0.28568077,0.30151856,0.30445623,,,0.29838842,0.30251777,,,0.2913218,0.29379725
0.58513,0.5716773,0.88981336,0.26699394,0.31813604,0.3046834,,,0.26608384,0.2409665,,,0.29358894,0.26601726
0.57989705,0.5779937,0.8882746,0.2696162,0.31028086,0.3083775,,,0.24979138,0.28712374,,,0.28083754,0.291646
0.5779103,0.5824914,0.88870937,0.27169234,0.30621797,0.31079906,,,0.25650144,0.2591514,,,0.27635378,0.2832626
0.5730612,0.5793468,0.8899815,0.2624265,0.31063473,0.31692028,,,0.2550884,0.27066165,,,0.2801273,0.2852049
0.588607,0.5774355,0.889075,0.27696759,0.31163943,0.3004679,,,0.27068883,0.26902115,,,0.28764957,0.2791062
0.58559215,0.57572204,0.89046377,0.27085048,0.31474167,0.30487156,,,0.27709234,0.29147583,,,0.2899354,0.29241973
0.58065134,0.5845561,0.88808626,0.27712113,0.30353022,0.30743498,,,0.23920721,0.2596485,,,0.26903594,0.2838462
0.5809959,0.582559,0.89175,0.27180493,0.309191,0.31075406,,,0.2818641,0.27794844,,,0.28872496,0.2919466
0.57767844,0.578266,0.889877,0.26606745,0.311611,0.31219858,,,0.27595758,0.25009507,,,0.28906715,0.2819988
0.582899,0.58028984,0.8903922,0.27279663,0.31010234,0.3074932,,,0.27423745,0.27068788,,,0.28361905,0.28049302
0.5826341,0.5802117,0.8901913,0.27265453,0.30997956,0.30755717,,,0.27314788,0.26137102,,,0.28887457,0.27988237
0.5776166,0.57611525,0.89005536,0.26367646,0.3139401,0.3124388,,,0.2508651,0.252159,,,0.2786709,0.2770282
0.5733211,0.5824146,0.88894767,0.26678807,0.30653304,0.31562656,,,0.26367885,0.29337215,,,0.28042144,0.2933839
0.57569176,0.5801035,0.88840365,0.26739168,0.30830008,0.31271183,,,0.25865662,0.2665729,,,0.27915096,0.28384393
0.57557327,0.5784527,0.8886929,0.26533312,0.31024015,0.3131196,,,0.25344616,0.27285165,,,0.27638787,0.2895617
0.5762309,0.58547235,0.89050424,0.271199,0.3050319,0.31427336,,,0.27107567,0.2776093,,,0.2841165,0.2901281
0.5745919,0.5818806,0.8908761,0.26559633,0.30899554,0.3162843,,,0.26826024,0.27782786,,,0.28310132,0.29521888
0.5875982,0.5845283,0.89195734,0.2801692,0.30742902,0.30435914,,,0.2729566,0.27565223,,,0.28737336,0.28462285
0.5844815,0.57844675,0.8902263,0.27270192,0.31177956,0.30574483,,,0.2770062,0.2907601,,,0.2878006,0.28953964
0.57511884,0.58452654,0.888361,0.27128434,0.3038345,0.3132422,,,0.24945384,0.294344,,,0.272874,0.29239905
0.5777366,0.5785985,0.8902941,0.26604104,0.31169558,0.31255746,,,0.27838242,0.27974474,,,0.2845776,0.28850693
0.5778478,0.57812375,0.89006627,0.26590526,0.31194252,0.3122185,,,0.27371055,0.26089358,,,0.28221333,0.27624166
0.58664536,0.575456,0.8893266,0.27277482,0.31387055,0.3026812,,,0.273023,0.26943266,,,0.28779787,0.28423542
0.58351785,0.5826111,0.8897647,0.27636415,0.3071537,0.30624694,,,0.26777405,0.29129773,,,0.28519636,0.29500276
0.58348155,0.5895963,0.8892543,0.28382355,0.299658,0.30577272,,,0.28758585,0.2750637,,,0.28542554,0.28834367
0.5874845,0.584036,0.8926871,0.2788334,0.3086511,0.3052026,,,0.3077398,0.2843265,,,0.3002479,0.2891389
0.58444643,0.58372426,0.89033747,0.27783322,0.3066132,0.30589104,,,0.261046,0.25761008,,,0.28347266,0.28119385
0.5860452,0.57453287,0.89145535,0.26912266,0.31692255,0.3054102,,,0.29716069,0.2725786,,,0.295507,0.28228992
0.576146,0.58037996,0.8896199,0.26690608,0.30923992,0.31347388,,,0.2838506,0.2775759,,,0.29250264,0.28739506
0.5823064,0.58869684,0.88839483,0.2826084,0.299698,0.30608845,,,0.261459,0.2673127,,,0.27778256,0.28263885
0.5841845,0.5762627,0.8901958,0.27025145,0.31393307,0.30601126,,,0.27585047,0.25901532,,,0.28707892,0.2774971
0.588403,0.5851302,0.89231014,0.28122306,0.30717993,0.30390716,,,0.2829811,0.28367257,,,0.2850089,0.28532577
0.576421,0.5852065,0.88905185,0.27257568,0.30384535,0.31263083,,,0.2692235,0.27214104,,,0.2822618,0.29134232
0.5802404,0.58188665,0.89024305,0.27188396,0.30835646,0.31000268,,,0.28172892,0.28107107,,,0.2862984,0.2889877
0.5817957,0.5798023,0.88935417,0.2722438,0.3095519,0.30755848,,,0.27023715,0.2545038,,,0.28194618,0.27670622
0.5833338,0.5743083,0.8893633,0.26827884,0.31505495,0.30602944,,,0.2684496,0.28005785,,,0.29067087,0.28619587
0.585032,0.58585525,0.892397,0.27849025,0.30654174,0.307365,,,0.2702368,0.2545069,,,0.28382558,0.2743852
0.58916235,0.58254766,0.8924441,0.27926594,0.3098964,0.30328172,,,0.2920112,0.28763956,,,0.29368716,0.28537816
0.5840372,0.58638346,0.88945806,0.2809626,0.3030746,0.30542088,,,0.2701242,0.28292775,,,0.28156745,0.28771657
0.5793225,0.5800247,0.88965976,0.26968753,0.30963498,0.3103372,,,0.2754383,0.2762133,,,0.28958094,0.2872107
0.58040154,0.5809344,0.8887277,0.27260822,0.30779332,0.30832618,,,0.27115744,0.28160477,,,0.2872411,0.28781557
0.578942,0.58532727,0.8898592,0.27441,0.304532,0.31091726,,,0.2651958,0.2831058,,,0.2895015,0.29133517
0.5865904,0.57546663,0.889494,0.27256304,0.31402737,0.3029036,,,0.28471172,0.24964315,,,0.2944119,0.2739923
0.58817387,0.5844531,0.88898355,0.28364342,0.30453044,0.30080968,,,0.26443952,0.26095217,,,0.2843519,0.2817552
0.5788397,0.5771756,0.8879063,0.26810908,0.31073064,0.30906653,,,0.26971352,0.2661602,,,0.2883032,0.28529984
0.5900284,0.5792832,0.8916916,0.2776199,0.3124085,0.30166328,,,0.29520756,0.27378666,,,0.29816228,0.28115666
0.5859458,0.58836955,0.8920228,0.28229254,0.30365324,0.306077,,,0.2940017,0.31515682,,,0.28448778,0.29702848
0.5861651,0.5819388,0.8913216,0.27678233,0.30938274,0.30515647,,,0.28063446,0.2843418,,,0.28833133,0.2851982
0.5804366,0.5822594,0.8914542,0.27124178,0.3091948,0.31101763,,,0.25911915,0.27516758,,,0.28002268,0.29239172
0.5783391,0.5778967,0.88960385,0.26663196,0.31170714,0.31126475,,,0.25059235,0.2565825,,,0.2771483,0.28027362
0.58345187,0.5859053,0.8929817,0.27637547,0.3070764,0.30952984,,,0.2883137,0.28851008,,,0.29475856,0.29150474
0.5914754,0.5827942,0.89185756,0.2824121,0.30906332,0.30038208,,,0.28869045,0.27607548,,,0.28926736,0.28193843
0.5780095,0.57722807,0.88893884,0.2662987,0.31171077,0.31092936,,,0.27413076,0.26806682,,,0.2900914,0.28450853
0.5789433,0.5828493,0.8902065,0.27158612,0.3073572,0.3112632,,,0.25757098,0.27504545,,,0.27564663,0.28920364
0.58962023,0.5822309,0.8924179,0.27943325,0.31018698,0.30279768,,,0.29125875,0.27161765,,,0.29648185,0.2821355
0.57401365,0.579046,0.8887735,0.26428622,0.30972743,0.3147598,,,0.25900704,0.27123576,,,0.27858096,0.28627646
0.5803025,0.57966304,0.88902205,0.27094346,0.309359,0.30871958,,,0.26167166,0.25991076,,,0.28081244,0.27998644
0.58280194,0.5789268,0.89115804,0.2705707,0.31223124,0.3083561,,,0.25906825,0.25603467,,,0.2815448,0.28322536
0.58619046,0.577546,0.8871811,0.27655536,0.3096351,0.30099064,,,0.28537756,0.2733276,,,0.29366887,0.28473628
0.5849452,0.5763881,0.8913132,0.27002013,0.31492507,0.306368,,,0.28945827,0.25713992,,,0.29513317,0.27999234
0.57796323,0.57681763,0.89118004,0.26360083,0.3143624,0.3132168,,,0.25276804,0.29296142,,,0.27831352,0.29691875
0.57732165,0.57724917,0.88893974,0.26563108,0.31169057,0.3116181,,,0.26974046,0.24953365,,,0.2842353,0.27352268
0.5765105,0.57856584,0.8898245,0.26525176,0.31125873,0.31331408,,,0.2978722,0.26625067,,,0.29144895,0.28460062
0.5846954,0.5765617,0.88890433,0.2723527,0.3123427,0.304209,,,0.2600289,0.27977794,,,0.28104943,0.28462845
0.57785475,0.5763508,0.88857746,0.2656281,0.31222665,0.3107227,,,0.26735055,0.26889092,,,0.28658742,0.2831856
0.5856695,0.57672465,0.89089787,0.2714963,0.31417322,0.30522835,,,0.29055107,0.27307767,,,0.29565,0.2806375
0.57857084,0.5717847,0.88847387,0.2618817,0.31668913,0.30990297,,,0.24862963,0.23934221,,,0.27840966,0.27802688
0.58909714,0.58267474,0.8909927,0.28077918,0.30831796,0.30189556,,,0.27938652,0.26782286,,,0.2867288,0.282341
0.585147,0.57873464,0.8889554,0.27492625,0.31022078,0.3038084,,,0.2749585,0.26240903,,,0.28612506,0.28039342
0.5729456,0.57771146,0.89041436,0.2602427,0.3127029,0.31746876,,,0.26108873,0.2645175,,,0.27988744,0.28694952
0.58105016,0.58361703,0.8894206,0.2752465,0.30580366,0.30837053,,,0.25496167,0.2772442,,,0.28080183,0.28775656
0.5802773,0.57365316,0.88845205,0.26547837,0.31479895,0.3081748,,,0.2576679,0.26642215,,,0.28220218,0.2842611
0.5759517,0.57412624,0.88524127,0.26483667,0.31111503,0.30928957,,,0.25936103,0.2616952,,,0.27843487,0.27931523
0.58571255,0.5771966,0.8901891,0.27272004,0.3129925,0.30447656,,,0.28058594,0.264373,,,0.29411393,0.28666723
0.5857214,0.57648116,0.8890839,0.27311867,0.3126027,0.3033625,,,0.2770015,0.2711947,,,0.29036856,0.28363848
0.5804714,0.573741,0.8874342,0.2667783,0.3136931,0.30696273,,,0.2596826,0.2554949,,,0.28891343,0.27609193
0.5786127,0.5894753,0.88966674,0.27842122,0.30019146,0.31105405,,,0.2800914,0.28602475,,,0.28637177,0.2919371
0.58198136,0.58072746,0.89048475,0.272224,0.30975735,0.30850345,,,0.26008928,0.26388574,,,0.2806781,0.28095114
0.5788721,0.5782896,0.8901055,0.26705623,0.31181586,0.3112334,,,0.2494188,0.25005203,,,0.27779752,0.27790886
0.58583933,0.57185394,0.889654,0.2680393,0.31780005,0.30381465,,,0.29645455,0.26159912,,,0.3016845,0.27931368
0.581883,0.5887675,0.89104617,0.27960432,0.3022787,0.3091632,,,0.26121974,0.29330134,,,0.283323,0.296521
0.58643174,0.5720911,0.88980806,0.2687148,0.31771696,0.30337632,,,0.28091246,0.2685783,,,0.2937166,0.28206313
0.5879249,0.5850961,0.89093816,0.28208292,0.30584198,0.3030132,,,0.28931105,0.2749511,,,0.29320794,0.28275687
0.5793531,0.5789737,0.88888437,0.2694425,0.3099106,0.3095312,,,0.26936013,0.27020103,,,0.28376466,0.29147613
0.5736271,0.583964,0.8895939,0.2679972,0.3056299,0.31596678,,,0.28010315,0.29071236,,,0.2816885,0.29376566
0.576689,0.5786808,0.88888097,0.2664888,0.3102002,0.31219202,,,0.25700593,0.23344916,,,0.27967316,0.26970792
0.57616466,0.5771698,0.8915969,0.26173747,0.3144272,0.3154323,,,0.27099818,0.2649142,,,0.28791028,0.2878759
0.58532274,0.57217026,0.88947475,0.26801825,0.3173045,0.304152,,,0.2637797,0.23926657,,,0.28587914,0.27288908
0.58413756,0.5826586,0.8905894,0.2762068,0.30793077,0.3064518,,,0.27209997,0.25662178,,,0.2865358,0.2784453
0.57660735,0.5715388,0.88686615,0.26128,0.31532735,0.3102588,,,0.25714087,0.25612462,,,0.28794092,0.28182822
0.5847968,0.5779036,0.89060396,0.27209646,0.31270033,0.30580717,,,0.27368045,0.25635624,,,0.28771836,0.27443737
0.58493483,0.5835433,0.8910904,0.27738774,0.3075471,0.30615556,,,0.27452695,0.28780276,,,0.2861706,0.28964227
0.580235,0.57850385,0.88923466,0.2695042,0.31073081,0.30899966,,,0.2613333,0.27001727,,,0.2781123,0.28279567
0.5771706,0.5810733,0.88803685,0.27020705,0.30696356,0.31086624,,,0.28440094,0.26155382,,,0.29340667,0.28266692
0.57992333,0.5826022,0.8919208,0.27060473,0.3093186,0.31199747,,,0.25849986,0.27896535,,,0.27696913,0.29159266
0.58003837,0.579684,0.88865,0.27107233,0.30896604,0.3086117,,,0.25110936,0.27036208,,,0.2792201,0.28957963
0.58266723,0.5765158,0.8880358,0.27114725,0.31151998,0.30536854,,,0.26568145,0.2543378,,,0.28765994,0.2752573
0.5786183,0.5885308,0.88988537,0.2772637,0.3013546,0.31126708,,,0.27431387,0.28827858,,,0.2833727,0.29342556
0.5813265,0.58122706,0.8904792,0.27207434,0.30925214,0.30915272,,,0.2746421,0.2820509,,,0.28678828,0.2922089
0.5824472,0.5875263,0.89048976,0.27948374,0.30296344,0.3080426,,,0.28615314,0.2937144,,,0.2898547,0.29824042
0.578367,0.57957447,0.8895039,0.26843756,0.30992943,0.3111369,,,0.2321406,0.28208506,,,0.26928478,0.2912048
0.5828592,0.5818616,0.89009565,0.27462512,0.3082341,0.3072365,,,0.26459223,0.2554142,,,0.28373396,0.27909797
0.5847082,0.58454067,0.89157355,0.27767527,0.30703294,0.3068654,,,0.2861349,0.28152257,,,0.29430002,0.2901069
0.58221626,0.57995725,0.8895663,0.2726072,0.30960906,0.30735004,,,0.26610088,0.2704081,,,0.28613728,0.2883845
0.591256,0.58668494,0.8901457,0.28779525,0.30346078,0.2988897,,,0.29056376,0.29079658,,,0.29041058,0.28443122
0.5782707,0.5884476,0.8900214,0.27669686,0.3015738,0.3117507,,,0.25925028,0.27232277,,,0.27688676,0.28822893
0.5776153,0.58020437,0.89176285,0.2660569,0.31155843,0.31414747,,,0.2715662,0.26369154,,,0.27969646,0.28128976
0.5789187,0.5817722,0.88971907,0.27097183,0.30794686,0.31080037,,,0.26259542,0.2663164,,,0.28181875,0.2901724
0.58758336,0.5815672,0.88991416,0.27923644,0.30834693,0.3023308,,,0.2702893,0.2697912,,,0.28873467,0.28421813
0.5839021,0.5774323,0.88952565,0.27180874,0.31209338,0.30562353,,,0.27809763,0.27632153,,,0.29277074,0.28454334
0.5810513,0.5726943,0.8877414,0.26600426,0.31504703,0.30669004,,,0.279204,0.281821,,,0.28850555,0.28558964
0.5755428,0.5802758,0.88865024,0.26716834,0.30837446,0.31310743,,,0.26811016,0.25378585,,,0.2840435,0.28142858
0.59405994,0.577265,0.891381,0.27994394,0.314116,0.29732108,,,0.2974584,0.26572472,,,0.3027622,0.27416193
0.57967365,0.58071756,0.88918984,0.27120137,0.30847228,0.3095162,,,0.25211322,0.26965696,,,0.27462983,0.286326
0.5869925,0.5830855,0.890131,0.27994704,0.30704546,0.30313843,,,0.27550822,0.28000104,,,0.2868632,0.283697
0.5778027,0.57721573,0.88888395,0.2661345,0.31166822,0.31108123,,,0.26878852,0.2539237,,,0.28609818,0.2826897
0.5743576,0.58105934,0.88651085,0.26890612,0.3054515,0.31215322,,,0.26094502,0.28014922,,,0.28042138,0.29590303
0.5869229,0.57959354,0.8891814,0.27733505,0.30958784,0.3022585,,,0.28056234,0.2655179,,,0.28984267,0.28132695
0.58430463,0.5838612,0.8903665,0.2777993,0.30650532,0.30606186,,,0.2700805,0.2773443,,,0.28758258,0.2860378
0.5839231,0.581054,0.8893174,0.27565968,0.30826342,0.3053943,,,0.27540332,0.28079623,,,0.28400946,0.2869811
0.5843247,0.5829706,0.8867087,0.28058666,0.30373806,0.30238396,,,0.27994293,0.27405423,,,0.28567022,0.2833388
0.58261216,0.5793716,0.89078015,0.27120358,0.31140858,0.308168,,,0.2752229,0.26888442,,,0.29086643,0.28515238
0.5893155,0.5869605,0.89042246,0.2858535,0.30346197,0.301107,,,0.27610773,0.29493678,,,0.28465426,0.28996915
0.582945,0.57390916,0.8896201,0.26723403,0.31571096,0.30667514,,,0.26943946,0.25018394,,,0.2925126,0.2766806
0.5759394,0.5875417,0.8902728,0.27320832,0.3027311,0.31433338,,,0.27365404,0.2753966,,,0.2815355,0.292547
0.5793432,0.5813385,0.8890634,0.2716183,0.3077249,0.30972022,,,0.27347016,0.28731477,,,0.2798249,0.29334837
0.5807152,0.5771253,0.8888745,0.26896602,0.31174916,0.3081593,,,0.26495224,0.267501,,,0.28364742,0.28197473
0.58549035,0.5738166,0.8919097,0.26739728,0.31809306,0.3064193,,,0.28799355,0.29173177,,,0.29638743,0.29591286
0.5827824,0.5872091,0.8910221,0.2789694,0.30381298,0.3082397,,,0.286049,0.2936253,,,0.28594106,0.29508364
0.5826967,0.58111125,0.8900957,0.27371216,0.30898452,0.3073991,,,0.27652687,0.26036233,,,0.29091942,0.27861208
0.5722935,0.5844159,0.8860811,0.27062833,0.3016652,0.31378758,,,0.2407831,0.25886863,,,0.26666898,0.2838077
0.5837399,0.58335114,0.88880014,0.27829087,0.305449,0.30506027,,,0.27190328,0.26176643,,,0.28066754,0.27879053
0.5810472,0.58819216,0.8885062,0.2807331,0.30031407,0.30745906,,,0.26813936,0.26972795,,,0.2810768,0.2890488
0.58062017,0.5853834,0.8911284,0.27487516,0.305745,0.31050825,,,0.2768032,0.27547336,,,0.29051614,0.28545195
0.58164525,0.5744617,0.88937354,0.2667334,0.31491184,0.3077283,,,0.2534485,0.26545596,,,0.2837811,0.2800886
0.5828996,0.5715159,0.8902025,0.26421297,0.3186866,0.30730295,,,0.24545473,0.2702561,,,0.281286,0.28739244
0.5787289,0.5721872,0.886942,0.26397407,0.31475484,0.3082131,,,0.25354177,0.2600609,,,0.27810043,0.28019714
0.5869882,0.58076084,0.88990545,0.2778436,0.30914462,0.30291724,,,0.2941137,0.27470183,,,0.2941128,0.2874639
0.585304,0.5794295,0.88938355,0.27534997,0.30995405,0.30407953,,,0.2794963,0.26665682,,,0.290761,0.28027016
0.5868751,0.574432,0.89186007,0.26944703,0.31742805,0.304985,,,0.2938261,0.26969463,,,0.298145,0.28024024
0.5816741,0.58290744,0.88990605,0.2746755,0.3069986,0.30823195,,,0.2769974,0.28996527,,,0.2830872,0.2893893
0.5870364,0.57173455,0.8896162,0.26915473,0.31788164,0.30257982,,,0.2843259,0.24240851,,,0.29461485,0.2661476
0.5846971,0.5781969,0.88929087,0.27360314,0.311094,0.30459374,,,0.26861107,0.2630002,,,0.28418046,0.2797948
0.5762397,0.57993513,0.8913384,0.2648365,0.31140321,0.31509864,,,0.24832475,0.27040625,,,0.27954507,0.28701383
0.5841245,0.5925479,0.8920499,0.28462255,0.29950196,0.30792534,,,0.27638996,0.28737903,,,0.2814886,0.28893584
0.5757636,0.57840693,0.8881965,0.265974,0.3097896,0.31243294,,,0.26251268,0.26423293,,,0.28319782,0.28228855
0.57710695,0.5791149,0.8903358,0.26588607,0.31122088,0.31322885,,,0.26770854,0.25707805,,,0.28475404,0.28259498
0.58880347,0.5741371,0.89121056,0.27172995,0.31707352,0.30240715,,,0.2872848,0.27551115,,,0.29509968,0.28296524
0.57949126,0.58246017,0.89077675,0.27117467,0.3083166,0.3112855,,,0.27960324,0.2890985,,,0.28713977,0.29789603
0.5802984,0.5858761,0.89114976,0.27502477,0.30527365,0.31085134,,,0.29431885,0.29195517,,,0.29448712,0.29294336
0.5842346,0.58143795,0.89099526,0.27467728,0.30955732,0.30676067,,,0.26651186,0.26647627,,,0.2789266,0.28018588
0.5856875,0.5815692,0.8892276,0.27802908,0.30765843,0.3035401,,,0.2841578,0.2730378,,,0.29083157,0.28519017
0.5809983,0.5790648,0.8910639,0.2689991,0.3119992,0.3100657,,,0.26507735,0.27744275,,,0.2849748,0.2836244
0.58069336,0.58446825,0.8904723,0.27468932,0.30600405,0.30977893,,,0.26887995,0.28219777,,,0.28229457,0.2900926
0.57697296,0.5815594,0.8874311,0.2711013,0.30587167,0.31045812,,,0.2800604,0.27751458,,,0.28841132,0.28699595
0.5867015,0.5905684,0.8926168,0.28465313,0.3020484,0.3059153,,,0.29474306,0.27932233,,,0.29127443,0.28674823
0.582398,0.5927901,0.8930134,0.28217465,0.30022335,0.31061548,,,0.26750666,0.27169043,,,0.28191173,0.2903208
0.58719313,0.5810382,0.89175916,0.2764721,0.31072104,0.3045661,,,0.28305417,0.27260894,,,0.29140866,0.2824583
0.5815904,0.5815437,0.8912064,0.2719277,0.3096627,0.30961597,,,0.28256142,0.28177714,,,0.2893433,0.29105294
0.5839621,0.57869476,0.89049935,0.27215743,0.31180465,0.30653733,,,0.2688918,0.26347005,,,0.28954798,0.28380466
0.5800896,0.57431245,0.88874716,0.26565486,0.31443477,0.3086576,,,0.26992548,0.27332819,,,0.28921074,0.28407168
0.57378525,0.5859225,0.8888204,0.27088737,0.30289787,0.3150351,,,0.27417737,0.2576337,,,0.2844891,0.28456986
0.57244164,0.58412457,0.88767034,0.2688958,0.30354583,0.31522876,,,0.2464832,0.2618885,,,0.2741086,0.284544
0.5842794,0.5811458,0.8911035,0.2743218,0.30995762,0.30682403,,,0.25683492,0.2781601,,,0.2841531,0.2887661
0.57948387,0.5853851,0.8898101,0.27505887,0.304425,0.31032622,,,0.2843985,0.29936826,,,0.28946662,0.2994625
0.5852037,0.5763246,0.88926816,0.2722602,0.31294352,0.3040644,,,0.2715488,0.259862,,,0.28396112,0.2753681
0.5842271,0.582592,0.8911165,0.2757026,0.3085245,0.3068894,,,0.28838605,0.29256964,,,0.29328358,0.29296428
0.58174556,0.5802332,0.88961,0.27236873,0.30937684,0.3078645,,,0.25479794,0.26937854,,,0.2801968,0.28844
0.57395804,0.5759203,0.8880388,0.26183945,0.3121186,0.31408083,,,0.2689948,0.28874117,,,0.28515017,0.29289848
0.58523524,0.58746076,0.8906566,0.2820394,0.30319583,0.30542135,,,0.2658053,0.30088508,,,0.2793495,0.29122633
0.5871692,0.57951605,0.889868,0.2768172,0.31035197,0.30269885,,,0.2745824,0.25453275,,,0.28714132,0.2730099
0.57780933,0.58036435,0.8904504,0.26772326,0.31008607,0.31264108,,,0.25378323,0.26606536,,,0.27663714,0.28467977
0.5837065,0.57625407,0.89153636,0.26842415,0.31528234,0.30782992,,,0.30187362,0.26336825,,,0.30352128,0.2815333
0.58528936,0.58187115,0.89017355,0.27698696,0.3083024,0.3048842,,,0.2787469,0.271021,,,0.2862708,0.28408742
0.5871648,0.58420634,0.8877075,0.28366375,0.30350107,0.3005426,,,0.2630003,0.2624029,,,0.28193718,0.28339326
0.5769871,0.5796919,0.8879024,0.26877654,0.30821055,0.31091535,,,0.2643891,0.284846,,,0.2821734,0.28792614
0.5691612,0.5860526,0.8879777,0.2672361,0.30192506,0.31881648,,,0.24851495,0.2588845,,,0.2711901,0.2869841
0.58497316,0.5781648,0.8913024,0.2718355,0.31313765,0.3063293,,,0.26439613,0.2720604,,,0.28990436,0.2856322
0.5836407,0.5810443,0.8902201,0.2744649,0.3091758,0.3065794,,,0.2915417,0.27487624,,,0.29078513,0.28021675
0.584103,0.58362615,0.88990235,0.2778268,0.3062762,0.30579937,,,0.27768826,0.26603472,,,0.2900735,0.28345174
0.57587737,0.57860184,0.8875133,0.266966,0.30891138,0.31163585,,,0.24503237,0.28779703,,,0.27665365,0.29396653
0.5807798,0.57441354,0.8883769,0.26681644,0.31396335,0.3075971,,,0.26164198,0.25636357,,,0.28705335,0.27985382
0.57643104,0.5876989,0.8898902,0.27423978,0.30219126,0.3134591,,,0.27291846,0.26978695,,,0.28236902,0.29067343
0.5897101,0.58562815,0.89077455,0.28456372,0.3051464,0.30106443,,,0.28624552,0.28493375,,,0.2920882,0.2912879
0.5777749,0.5824779,0.8894052,0.27084762,0.30692726,0.3116303,,,0.2590779,0.28883666,,,0.27857363,0.29600775
0.5843755,0.5852648,0.8920115,0.27762878,0.30674672,0.30763602,,,0.27843308,0.27433234,,,0.28631842,0.28811252
0.5833154,0.5777395,0.8898953,0.27115953,0.31215584,0.30657995,,,0.2878918,0.27505314,,,0.29254168,0.28440017
0.5840535,0.5769707,0.8890669,0.27195734,0.31209618,0.30501336,,,0.24083298,0.27856386,,,0.27606136,0.2842099
0.57993644,0.57896197,0.88975817,0.26914018,0.31079626,0.30982178,,,0.2894228,0.2679355,,,0.29288274,0.28434712
0.5821984,0.5764865,0.88924706,0.2694379,0.31276047,0.30704862,,,0.27696252,0.2588634,,,0.29052347,0.27948385
0.5780225,0.5780276,0.88931113,0.26673895,0.31128353,0.31128865,,,0.25464165,0.26104158,,,0.27863884,0.27962083
0.58725715,0.5783334,0.89214206,0.27344847,0.31380868,0.3048849,,,0.27488226,0.26285142,,,0.2826218,0.2781214
0.57733953,0.5794374,0.88757044,0.26920646,0.30813307,0.3102309,,,0.25823438,0.27964783,,,0.28160477,0.28769153
0.5841677,0.577723,0.88854516,0.2733456,0.31082213,0.30437744,,,0.28342903,0.24511713,,,0.2934909,0.27124864
0.5691296,0.5803231,0.8892385,0.2602142,0.30891538,0.3201089,,,0.2503587,0.28071076,,,0.27759272,0.28873968
0.5770335,0.57639384,0.88714635,0.266281,0.3107525,0.31011283,,,0.2540797,0.2736333,,,0.28156132,0.28780252
0.58105564,0.57939714,0.8878764,0.27257645,0.3084792,0.3068207,,,0.2770458,0.28426015,,,0.2847908,0.2880633
0.5769018,0.58125687,0.88878113,0.26937753,0.30752426,0.31187934,,,0.2804222,0.2820909,,,0.28896677,0.29532748
0.57915986,0.5729563,0.89172095,0.26039523,0.31876463,0.3125611,,,0.2902946,0.25104678,,,0.2953937,0.27581584
0.5807271,0.579826,0.89044195,0.27011114,0.31061596,0.30971485,,,0.26288688,0.2693972,,,0.28279883,0.28004378
0.590207,0.5884505,0.8920533,0.28660423,0.30360276,0.30184627,,,0.30114633,0.30962455,,,0.291503,0.2986343
0.58047473,0.58745897,0.8887085,0.27922523,0.3012495,0.30823374,,,0.25865036,0.26805687,,,0.27175087,0.28360546
0.585572,0.58806837,0.89257866,0.2810617,0.3045103,0.30700666,,,0.3080644,0.27599102,,,0.29585534,0.2900617
0.5832883,0.58192164,0.89026934,0.27494067,0.30834764,0.30698097,,,0.26206082,0.26413167,,,0.2833621,0.28676468
0.5909846,0.5826155,0.89005315,0.28354692,0.30743766,0.29906857,,,0.31000054,0.260715,,,0.29844326,0.27504045
0.5763048,0.5849862,0.8911563,0.2701347,0.3061701,0.31485152,,,0.2719741,0.28682017,,,0.2825753,0.29450846
0.57732785,0.57926106,0.88941395,0.26717496,0.3101529,0.3120861,,,0.25544608,0.23515558,,,0.27786785,0.27123576
0.5835334,0.5805975,0.89082766,0.27330327,0.31023014,0.30729425,,,0.27281255,0.27005696,,,0.29148299,0.284303
0.5853236,0.5756167,0.88973236,0.27120793,0.31411564,0.3044088,,,0.2796467,0.28280294,,,0.29218507,0.288262
0.58506626,0.58413696,0.89009905,0.27910423,0.30596203,0.30503273,,,0.28093797,0.2617045,,,0.2889824,0.28115004
0.58318055,0.58614135,0.8892,0.28012192,0.30305862,0.30601943,,,0.2586801,0.28634828,,,0.2791394,0.29109472
0.59109616,0.5800751,0.8919316,0.2792396,0.31185657,0.3008355,,,0.3047356,0.28166842,,,0.29672945,0.28625017
0.5777671,0.58103937,0.8891924,0.26961404,0.30815303,0.31142533,,,0.26889724,0.27829367,,,0.28322202,0.29349202
0.5763849,0.5791416,0.8861061,0.26942044,0.30696446,0.30972117,,,0.26337612,0.27155387,,,0.28188473,0.28765374
0.5823781,0.57682765,0.88988507,0.2693206,0.31305748,0.30750704,,,0.27127886,0.2665211,,,0.28822255,0.27840728
0.57581294,0.5818896,0.8886557,0.26904684,0.3067661,0.3128428,,,0.25692904,0.2734006,,,0.2788927,0.28490388
0.58549964,0.5851047,0.8890607,0.28154367,0.30395597,0.30356103,,,0.27598476,0.284823,,,0.28829187,0.28923017
0.5718614,0.58632183,0.89135337,0.26682985,0.30503154,0.31949198,,,0.27345455,0.2712108,,,0.27701724,0.28500116
0.58192223,0.58717674,0.89014894,0.27895004,0.3029722,0.3082267,,,0.26538032,0.26020128,,,0.28174537,0.28642052
0.58386964,0.575784,0.8886146,0.27103907,0.31283057,0.30474496,,,0.26594347,0.24915612,,,0.28684253,0.27680093
0.5847535,0.5748832,0.88939977,0.27023697,0.31451654,0.30464625,,,0.29321164,0.2611931,,,0.29634643,0.2796542
0.5849825,0.57956564,0.89015067,0.2743975,0.31058502,0.30516815,,,0.28136897,0.27452648,,,0.2929632,0.28699827
0.5819092,0.5888631,0.8924656,0.27830672,0.30360246,0.31055635,,,0.28369904,0.30579537,,,0.28437042,0.29742414
0.5775403,0.5871775,0.88928366,0.27543414,0.30210614,0.31174338,,,0.2575431,0.2962045,,,0.27638346,0.29464346
0.5804491,0.575618,0.88914424,0.2669229,0.3135262,0.30869514,,,0.27260458,0.27135432,,,0.28951204,0.28856933
0.5787851,0.5793099,0.88852507,0.26956993,0.3092152,0.30973995,,,0.2531988,0.28333777,,,0.28088093,0.29099864
0.57897437,0.5812782,0.89049345,0.26975912,0.30921525,0.3115191,,,0.26278347,0.27185488,,,0.2855727,0.28863853
0.5769775,0.5823379,0.8877753,0.27154005,0.30543745,0.31079787,,,0.26197314,0.26304674,,,0.28201222,0.2836038
0.5896622,0.5802094,0.8914399,0.27843165,0.31123054,0.30177772,,,0.286124,0.27084404,,,0.29213375,0.28297138
0.5848707,0.57065696,0.89007664,0.26545095,0.31941974,0.305206,,,0.2870084,0.27876902,,,0.3003888,0.2839086
0.5701574,0.58010286,0.88841283,0.26184738,0.30831003,0.31825548,,,0.26731592,0.26669317,,,0.27930075,0.28509158
0.57637846,0.57912815,0.8886939,0.26681268,0.30956578,0.31231546,,,0.26769078,0.28813314,,,0.28701735,0.29602605
0.57629645,0.58321047,0.88899297,0.27051395,0.3057825,0.31269652,,,0.26846218,0.28220415,,,0.28278536,0.29306108
0.58498,0.578746,0.8895571,0.27416897,0.31081104,0.30457705,,,0.29706895,0.26152802,,,0.2966584,0.27971035
0.5754902,0.57831955,0.88765055,0.26615924,0.30933094,0.3121603,,,0.2610842,0.25426453,,,0.28108388,0.27738237
0.5802706,0.5679861,0.88685924,0.26139742,0.31887317,0.30658865,,,0.2746539,0.2396189,,,0.2908826,0.2693144
0.5828022,0.58585215,0.8914731,0.2771812,0.30562097,0.30867094,,,0.27573103,0.24809968,,,0.28688765,0.27788585
0.57763594,0.5759968,0.8894543,0.26417845,0.3134575,0.31181836,,,0.24562746,0.27260923,,,0.27722257,0.28492957
0.58331776,0.5885477,0.8916839,0.2801816,0.30313617,0.30836612,,,0.25714958,0.29320937,,,0.27448314,0.29367578
0.5754452,0.5805576,0.89067894,0.26532382,0.31012136,0.31523377,,,0.23660749,0.26366895,,,0.26953053,0.28554863
0.5786605,0.579605,0.88636196,0.2719035,0.30675697,0.30770147,,,0.26254922,0.24955577,,,0.2818265,0.274127
0.5865636,0.5735024,0.88845605,0.27160996,0.31495363,0.30189246,,,0.28057015,0.25296307,,,0.29391968,0.27465814
0.5845342,0.5782875,0.8905642,0.27225757,0.31227666,0.30602992,,,0.26021564,0.27472538,,,0.28066254,0.28756243
0.5771452,0.58515096,0.8903924,0.27190375,0.30524147,0.3132472,,,0.28422844,0.2902735,,,0.28534424,0.29584056
0.58563995,0.5850851,0.89241415,0.27831095,0.307329,0.30677414,,,0.28478444,0.28372765,,,0.29139876,0.29226518
0.5785507,0.58086187,0.89048153,0.2689311,0.3096196,0.31193078,,,0.28380263,0.28937072,,,0.28926694,0.28999287
0.58308387,0.5787688,0.8904177,0.2714349,0.31164896,0.3073339,,,0.2744385,0.2607174,,,0.2868554,0.2805432
0.5790606,0.5842022,0.88892525,0.2743376,0.30472302,0.30986458,,,0.2581125,0.2689976,,,0.27871817,0.28923684
0.57231164,0.57846415,0.88764375,0.26313204,0.3091796,0.3153321,,,0.24657834,0.26900262,,,0.27284676,0.2889287
0.5742973,0.5847132,0.88944197,0.26956856,0.30472875,0.31514466,,,0.2547652,0.286808,,,0.2752142,0.2950769
0.58873665,0.5859929,0.89085275,0.28387684,0.30485982,0.30211604,,,0.29255533,0.28179538,,,0.29246938,0.28743672
0.58340955,0.57492876,0.8923858,0.26595253,0.31745702,0.30897623,,,0.2873646,0.2712357,,,0.29453778,0.27806967
0.58970416,0.5765034,0.8882704,0.27793717,0.31176698,0.29856622,,,0.28597873,0.28180474,,,0.29427963,0.28973442
0.59003526,0.58363074,0.8920293,0.28163671,0.30839854,0.30199403,,,0.29393846,0.27047187,,,0.29245055,0.2831996
0.5796206,0.5810978,0.8894218,0.27129662,0.30832398,0.30980116,,,0.25844657,0.2645368,,,0.27545923,0.28544468
0.5823837,0.5760333,0.8880596,0.27035737,0.31202632,0.30567592,,,0.25482023,0.259444,,,0.28309596,0.2755909
0.57908714,0.5883246,0.8903799,0.2770319,0.30205524,0.3112927,,,0.26950568,0.26729643,,,0.28545094,0.28620732
0.58104086,0.578543,0.8880355,0.27154833,0.30949253,0.30699468,,,0.25830042,0.2579015,,,0.28023207,0.28157783
0.5731942,0.5838455,0.88969815,0.2673415,0.3058527,0.316504,,,0.2511925,0.24486357,,,0.27725017,0.280039
0.5863338,0.5838705,0.8878595,0.28234476,0.30398905,0.3015257,,,0.28735137,0.29188454,,,0.29355192,0.29001147
0.5865985,0.5799006,0.8896943,0.27680486,0.30979365,0.30309576,,,0.25501066,0.2503025,,,0.27860314,0.27621096
0.57455564,0.57575005,0.8893233,0.26098245,0.31357318,0.3147676,,,0.26413727,0.26549095,,,0.28054512,0.28580308
0.57731503,0.58217835,0.8904157,0.26907772,0.3082373,0.31310064,,,0.27783227,0.28302717,,,0.28579336,0.29385638
0.58331394,0.5760094,0.8897053,0.26961803,0.3136959,0.30639136,,,0.28564036,0.26356304,,,0.29236078,0.28328818
0.5864484,0.5734016,0.89056623,0.26928365,0.31716472,0.30411792,,,0.26561612,0.27372843,,,0.2831669,0.28125262
0.5852715,0.5805329,0.891532,0.27427238,0.3109991,0.30626053,,,0.2823627,0.26890588,,,0.29038525,0.28076565
0.58131963,0.5794865,0.89033234,0.27047384,0.3108458,0.30901265,,,0.24864876,0.2518199,,,0.27513403,0.27742457
0.5891029,0.5812439,0.88941085,0.28093588,0.30816704,0.300308,,,0.3000487,0.27367175,,,0.2912137,0.28278673
0.5742675,0.5704835,0.8866232,0.25812787,0.31613964,0.31235564,,,0.2477321,0.2573914,,,0.2772197,0.27981603
0.57699716,0.5793096,0.88920164,0.2671051,0.30989206,0.31220448,,,0.26454556,0.26787108,,,0.28221285,0.28558213
0.5796008,0.58415145,0.8907231,0.2730292,0.3065716,0.31112224,,,0.2683416,0.27920032,,,0.28148448,0.29157817
0.58469164,0.57538354,0.88735646,0.27271873,0.31197292,0.30266482,,,0.2686563,0.25632453,,,0.28734493,0.2737704
0.591184,0.58120155,0.89178234,0.28060323,0.3105808,0.30059832,,,0.27543658,0.26891148,,,0.28416818,0.2805043
0.5696428,0.58811176,0.88915443,0.2686001,0.30104268,0.31951165,,,0.25603533,0.25673956,,,0.27649176,0.28431374
0.5890392,0.5811901,0.8909301,0.2792992,0.30974,0.3018909,,,0.28626376,0.2644363,,,0.2926101,0.2839979
0.5789005,0.58041877,0.8896449,0.26967436,0.30922616,0.3107444,,,0.25363404,0.2601313,,,0.27479976,0.28162384
0.58589214,0.5802475,0.89053476,0.27560484,0.3102873,0.30464268,,,0.26548868,0.2721805,,,0.28435153,0.28669
0.58406776,0.58593786,0.8914626,0.27854294,0.30552483,0.30739492,,,0.28568977,0.2685706,,,0.29239637,0.28277206
0.5888809,0.586262,0.891841,0.2833019,0.305579,0.3029601,,,0.29184556,0.2864163,,,0.2897209,0.28728133
0.58327603,0.5778432,0.8894676,0.27165163,0.3116244,0.30619156,,,0.2561884,0.27903473,,,0.27989024,0.28756446
0.58004665,0.5877167,0.8898957,0.27786767,0.30217898,0.30984902,,,0.28910518,0.28888762,,,0.28737843,0.29240882
0.5709979,0.57364833,0.8879409,0.25670528,0.3142926,0.31694305,,,0.26506585,0.27003878,,,0.28156596,0.28901267
0.58158624,0.5788868,0.88737005,0.27310306,0.30848318,0.30578375,,,0.25992703,0.26654702,,,0.2803207,0.28204143
0.5825069,0.5798367,0.892465,0.26987863,0.31262827,0.3099581,,,0.26240093,0.2825296,,,0.28440428,0.29136294
0.5839342,0.5820415,0.88878125,0.27719444,0.30673975,0.30484706,,,0.269544,0.25964922,,,0.2826199,0.2789892
0.57418513,0.58274114,0.88957405,0.26735222,0.3068329,0.31538892,,,0.25064594,0.28691047,,,0.27928632,0.29444665
0.57948864,0.5835496,0.8901541,0.27288413,0.3066045,0.3106655,,,0.26724917,0.26920217,,,0.2820561,0.28614104
0.57785696,0.5815086,0.88809466,0.27127087,0.3065861,0.3102377,,,0.26275092,0.2685296,,,0.28329456,0.28292608
0.5813926,0.5801296,0.8888447,0.27267742,0.30871516,0.3074522,,,0.25875992,0.268717,,,0.27551365,0.28020978
0.58192784,0.583911,0.8892682,0.27657062,0.30535722,0.30734038,,,0.29334944,0.26541215,,,0.2944877,0.2824381
0.5842314,0.5828624,0.88774735,0.2793464,0.30488497,0.30351597,,,0.29292077,0.2675252,,,0.29253334,0.28328258
0.5847183,0.5838392,0.88944197,0.27911544,0.30560285,0.30472374,,,0.28347605,0.25864524,,,0.28331506,0.282148
0.5789605,0.579134,0.8883979,0.26969653,0.30926394,0.30943745,,,0.26497334,0.26761675,,,0.2828756,0.28395706
0.5723202,0.5776456,0.8902836,0.25968218,0.31263804,0.31796342,,,0.25615734,0.26778066,,,0.2772839,0.28631866
0.5688807,0.5758693,0.88751674,0.25723326,0.31164742,0.31863606,,,0.25545007,0.2615071,,,0.27932316,0.2824734
0.57919115,0.58253336,0.89161134,0.27011323,0.30907792,0.31242013,,,0.276245,0.26629698,,,0.28703958,0.28727424
0.586581,0.5847139,0.8924231,0.27887183,0.30770916,0.30584204,,,0.27946782,0.2811224,,,0.28960085,0.2868808
0.58076894,0.58538926,0.89049923,0.27565897,0.30510998,0.3097303,,,0.27502012,0.2556252,,,0.28446507,0.27747148
0.5827489,0.57158923,0.8878117,0.2665264,0.3162225,0.30506283,,,0.244703,0.24688405,,,0.27553153,0.26948923
0.57535815,0.58394706,0.8871331,0.2721721,0.30318606,0.31177497,,,0.2649393,0.2856173,,,0.27554488,0.28897357
0.57412076,0.5831758,0.89082724,0.2664693,0.30765146,0.31670648,,,0.27922702,0.28545922,,,0.28375876,0.29548687
0.57992744,0.5826018,0.8919152,0.27061403,0.30931342,0.31198776,,,0.28075427,0.27597994,,,0.287511,0.28962636
0.574163,0.5787492,0.8883623,0.26454985,0.30961317,0.31419933,,,0.27527815,0.24470657,,,0.28773755,0.27532429
0.5803225,0.5850454,0.8916157,0.27375215,0.30657035,0.31129324,,,0.26938307,0.26233464,,,0.28261077,0.2857498
0.58195925,0.5764748,0.8901849,0.26824915,0.3137101,0.30822563,,,0.24640954,0.27304596,,,0.27441978,0.28898746
0.57298875,0.57720816,0.88849103,0.26170588,0.31128287,0.3155023,,,0.27544093,0.26371515,,,0.28683698,0.2838905
0.58214617,0.5857055,0.8919408,0.2759109,0.30623525,0.3097946,,,0.28712958,0.26601857,,,0.29246575,0.28574222
0.5782549,0.5796193,0.8909386,0.26693553,0.31131935,0.31268376,,,0.26132876,0.2670412,,,0.28546405,0.28609747
0.5788201,0.58186686,0.88932884,0.27135813,0.30746198,0.31050873,,,0.27718186,0.27612442,,,0.28894228,0.28880125
0.58332765,0.58010864,0.8909025,0.27253377,0.31079388,0.30757487,,,0.27856332,0.25419068,,,0.2870379,0.27668357
0.5860547,0.58093774,0.89298916,0.27400327,0.31205142,0.30693448,,,0.28297317,0.28249854,,,0.2878343,0.29113424
0.5774591,0.5799932,0.8893772,0.26807517,0.30938393,0.31191802,,,0.28568512,0.25774622,,,0.29271495,0.2832188
0.5748675,0.58698046,0.8897582,0.27208972,0.30277777,0.31489074,,,0.26620787,0.2571715,,,0.2818095,0.2859223
0.5806588,0.57547903,0.88785,0.26828784,0.31237096,0.3071912,,,0.2761497,0.25245392,,,0.28630257,0.27369177
0.58948505,0.58195305,0.89095795,0.28048015,0.3090049,0.3014729,,,0.29204386,0.2828995,,,0.2972455,0.28906596
0.5777602,0.57443726,0.8903996,0.2617979,0.3159623,0.31263936,,,0.28115803,0.26871592,,,0.29862005,0.2880035
0.5804549,0.58427644,0.8906126,0.27411866,0.30633622,0.31015778,,,0.26958913,0.28241378,,,0.28159326,0.28951448
0.5806268,0.5846027,0.8914385,0.27379107,0.3068357,0.31081164,,,0.27953446,0.2829218,,,0.28648973,0.29163206
0.58620554,0.58379215,0.88974553,0.28025216,0.30595338,0.30354,,,0.26384848,0.28097945,,,0.27785993,0.28651822
0.583936,0.58388126,0.8895326,0.2782846,0.30565137,0.30559665,,,0.25389653,0.2737934,,,0.27845794,0.2865991
0.5848423,0.57966685,0.8905181,0.27399105,0.31085128,0.3056758,,,0.26441085,0.27703822,,,0.2865466,0.28662843
0.57536185,0.57964873,0.88846254,0.26654804,0.3088138,0.3131007,,,0.24955857,0.24497837,,,0.27488577,0.27584875
0.5729505,0.57471025,0.88611376,0.26154697,0.3114035,0.31316328,,,0.26474553,0.23673022,,,0.28019863,0.27449036
0.5732562,0.5758934,0.88714504,0.2620046,0.31125158,0.3138888,,,0.2554726,0.2599014,,,0.27729356,0.28034812
0.5796759,0.58059496,0.8877026,0.27256835,0.30710757,0.3080266,,,0.25418818,0.26251477,,,0.27875108,0.28129393
0.57489383,0.5782763,0.8889012,0.26426893,0.3106249,0.31400734,,,0.2506364,0.25988704,,,0.2740804,0.28123206
0.5777811,0.5848382,0.8895408,0.27307856,0.30470252,0.31175965,,,0.2584582,0.2856084,,,0.27376163,0.29211134
0.5728459,0.57255286,0.88823783,0.2571609,0.31568497,0.31539196,,,0.27232128,0.25692755,,,0.2842887,0.27754515
0.5778523,0.5792445,0.8883711,0.26872575,0.30912656,0.31051874,,,0.26622868,0.26510787,,,0.28639835,0.28477877
0.5793221,0.5714133,0.89007074,0.26066464,0.31865746,0.31074864,,,0.24761587,0.24881136,,,0.27989805,0.2704258
0.5820488,0.5767621,0.8909738,0.26783705,0.31421173,0.30892503,,,0.27363116,0.2783832,,,0.28708345,0.28772718
0.5856025,0.5855453,0.8903587,0.28078914,0.30481339,0.30475616,,,0.27166378,0.28218502,,,0.2824666,0.28555048
0.5801103,0.5753645,0.8907061,0.26476866,0.31534165,0.3105958,,,0.26596856,0.25977582,,,0.28783482,0.277542
0.58078265,0.5722463,0.8888008,0.26422817,0.3165545,0.30801815,,,0.26406717,0.26000375,,,0.2858076,0.2772696
0.5903835,0.5784254,0.8894216,0.27938735,0.31099617,0.29903805,,,0.2753846,0.27495843,,,0.28711772,0.28194135
0.5854711,0.5776291,0.88893324,0.274167,0.3113041,0.3034621,,,0.2828294,0.2722966,,,0.29581302,0.28182346
0.5845556,0.5773649,0.8897652,0.27215534,0.31240028,0.30520958,,,0.2671923,0.25608718,,,0.2831962,0.28151846
0.5787275,0.57462275,0.88874346,0.26460677,0.3141207,0.31001598,,,0.26049757,0.27208555,,,0.2832387,0.28016877
0.57181287,0.5768758,0.8886727,0.26001596,0.3117969,0.31685984,,,0.23741591,0.268328,,,0.27284288,0.28808033
0.5745348,0.57879007,0.8891975,0.2641273,0.31040746,0.31466275,,,0.26632166,0.26784456,,,0.27991486,0.28105146
0.5833893,0.58022636,0.8873965,0.2762192,0.3071701,0.30400717,,,0.26100522,0.28239363,,,0.28430086,0.28845197
0.5815207,0.57429516,0.8897677,0.26604813,0.31547254,0.30824703,,,0.28104454,0.26970798,,,0.2918179,0.2810859
0.5825006,0.58001447,0.89249337,0.27002168,0.3124789,0.3099928,,,0.27919018,0.27747703,,,0.2900557,0.2898245
0.58495593,0.5889589,0.8905089,0.28340602,0.3015499,0.3055529,,,0.2782687,0.28731662,,,0.28255504,0.28884614
0.5827346,0.5804076,0.89107996,0.27206224,0.31067234,0.30834538,,,0.26012623,0.2663982,,,0.27663875,0.28106087
0.58036196,0.58001786,0.8910029,0.269377,0.31098497,0.31064087,,,0.28193116,0.25060147,,,0.2904641,0.2762087
0.57854223,0.58796674,0.88676476,0.27974415,0.29879808,0.3082226,,,0.26763338,0.28385007,,,0.27987432,0.2950586
0.58220327,0.586465,0.89130604,0.27736223,0.30484104,0.30910277,,,0.26918393,0.2680773,,,0.28644735,0.28650331
0.5813804,0.57316774,0.8867758,0.26777238,0.31360805,0.30539536,,,0.2460962,0.2570873,,,0.2760896,0.27757233
0.57532835,0.5870899,0.8903421,0.27207613,0.30325222,0.31501377,,,0.26428246,0.27050525,,,0.2734779,0.2891662
0.58480006,0.58733404,0.89214426,0.2799899,0.30481017,0.30734414,,,0.27394682,0.28484637,,,0.2886839,0.29205722
0.58614,0.57743764,0.8919091,0.27166843,0.31447154,0.3057692,,,0.28476304,0.28604776,,,0.2944454,0.286354
0.5804845,0.5840609,0.890231,0.2743144,0.3061701,0.3097465,,,0.26566178,0.28869212,,,0.27671742,0.29808915
0.58364767,0.5794571,0.8907347,0.2723701,0.31127757,0.307087,,,0.2715721,0.28528094,,,0.28523266,0.28825933
0.58325815,0.5697826,0.8888936,0.26414716,0.319111,0.30563545,,,0.262343,0.24759364,,,0.28241944,0.27264154
0.57867485,0.5793905,0.887923,0.27014232,0.30853254,0.3092482,,,0.26789248,0.2763239,,,0.2811966,0.28668374
0.5887261,0.5802747,0.8915095,0.2774914,0.3112347,0.3027833,,,0.27706265,0.29347086,,,0.2892074,0.287903
0.5784023,0.58157885,0.89025813,0.269723,0.30867928,0.31185585,,,0.2586385,0.27887416,,,0.27811253,0.2870021
0.5740741,0.5784415,0.89063436,0.2618813,0.3121928,0.3165602,,,0.2501613,0.24352533,,,0.28195226,0.28189087
0.5780945,0.5819231,0.8913994,0.26861823,0.30947626,0.3133049,,,0.2707792,0.28963357,,,0.28241014,0.28949684
0.59106624,0.5830494,0.89168227,0.2824334,0.30863285,0.30061603,,,0.30178452,0.27676618,,,0.29486358,0.2796451
0.5811529,0.5828082,0.8896024,0.27435875,0.30679417,0.30844945,,,0.27222133,0.2768898,,,0.2827345,0.2864936
0.5866368,0.57881,0.88912237,0.2763244,0.3103124,0.3024856,,,0.2868817,0.27132386,,,0.28901553,0.27510667
0.58279693,0.57817626,0.88781136,0.27316183,0.3096351,0.30501443,,,0.2643656,0.2740413,,,0.2799883,0.28774416
0.5830649,0.5793474,0.88961196,0.27280033,0.3102646,0.30654705,,,0.25964946,0.28788102,,,0.28089416,0.29354626
0.582922,0.5760164,0.89233947,0.26659894,0.31632304,0.3094175,,,0.28538704,0.27893466,,,0.29497963,0.28520077
0.57665306,0.58095646,0.8879609,0.26964855,0.3070045,0.3113079,,,0.24864548,0.26784945,,,0.27430058,0.28281498
0.5864248,0.5865279,0.89231807,0.28063458,0.30579025,0.3058933,,,0.28467214,0.28106326,,,0.29031724,0.28708273
0.5774727,0.5854545,0.88850063,0.27442652,0.30304617,0.311028,,,0.2737053,0.2879209,,,0.27889752,0.29218835
0.5790751,0.5834358,0.88739103,0.27511984,0.30395526,0.30831593,,,0.26357508,0.25622362,,,0.27887523,0.28169018
0.5793167,0.5802494,0.8906866,0.2688796,0.31043708,0.31136984,,,0.26586294,0.2688452,,,0.28187805,0.28499818
0.58840513,0.57894063,0.8905769,0.27676886,0.31163627,0.30217177,,,0.29630196,0.27417666,,,0.2970146,0.27573723
0.58579254,0.5826452,0.889166,0.27927172,0.30652082,0.30337346,,,0.27548546,0.2582267,,,0.2848869,0.27590638
0.580004,0.5682517,0.8864197,0.261836,0.31816798,0.30641574,,,0.2616387,0.23301208,,,0.28256077,0.26357287
0.5867828,0.5844119,0.8928665,0.2783283,0.3084545,0.30608362,,,0.28212905,0.28280234,,,0.28638035,0.2829756
0.58477426,0.5763254,0.889105,0.27199465,0.3127796,0.30433077,,,0.26408613,0.25945562,,,0.28170544,0.27583653
0.58119076,0.5864282,0.89014566,0.27747333,0.30371743,0.3089549,,,0.2966935,0.26603597,,,0.2941401,0.28494936
0.58339405,0.57624984,0.88860476,0.27103913,0.31235492,0.3052107,,,0.25599062,0.26281565,,,0.27955467,0.2830168
0.58261013,0.5820318,0.88925755,0.2753843,0.30722582,0.30664748,,,0.26507276,0.26877242,,,0.2827704,0.28389794
0.57941574,0.5833717,0.89059216,0.27219528,0.30722046,0.31117642,,,0.24599677,0.27920884,,,0.27197492,0.29161465
0.58719695,0.5875323,0.8910122,0.28371704,0.3034799,0.30381525,,,0.2822435,0.2962693,,,0.28609192,0.2905262
0.58510566,0.5887108,0.89011407,0.28370237,0.30140328,0.3050084,,,0.26922566,0.2933231,,,0.28057575,0.2965877
0.5837934,0.5828229,0.88873184,0.27788448,0.30590892,0.30493844,,,0.27897328,0.2728656,,,0.28763342,0.28799826
0.5807785,0.58816266,0.8915583,0.27738285,0.30339563,0.3107798,,,0.27654678,0.29106468,,,0.28253102,0.29223055
0.5754205,0.58380425,0.8880562,0.27116853,0.30425197,0.31263572,,,0.24672067,0.25145757,,,0.2703976,0.27682948
0.58041286,0.5722027,0.889554,0.26306152,0.31735134,0.30914116,,,0.25952327,0.26160616,,,0.2835766,0.28216225
0.5720509,0.5769023,0.888059,0.26089418,0.31115675,0.3160081,,,0.25742954,0.27810556,,,0.28043997,0.28808945
0.58992136,0.5729527,0.8899904,0.2728836,0.31703776,0.3000691,,,0.28391796,0.2549473,,,0.2939492,0.27158582
0.5797744,0.58739245,0.89042526,0.27674156,0.30303282,0.3106509,,,0.26611626,0.27528805,,,0.27773815,0.2848317
0.581764,0.57803845,0.8905436,0.26925886,0.31250513,0.3087796,,,0.28418893,0.2907728,,,0.28604227,0.29068488
0.5739174,0.5821756,0.8887348,0.26735818,0.3065592,0.31481743,,,0.28345066,0.30169547,,,0.28477716,0.29845488
0.58428776,0.5786595,0.8913668,0.2715804,0.31270736,0.30707908,,,0.26716828,0.26039523,,,0.28640056,0.28239268
0.5732279,0.5788994,0.8893294,0.2627979,0.31043,0.3161015,,,0.26564342,0.25869596,,,0.27725267,0.27545232
0.5725459,0.57585704,0.8883837,0.26001924,0.31252664,0.3158378,,,0.2455054,0.24055183,,,0.2737568,0.271982
0.5792985,0.57733,0.88908356,0.26754493,0.31175357,0.30978507,,,0.27592945,0.26899332,,,0.2869497,0.2826661
0.58528376,0.58863354,0.89094126,0.28297603,0.30230772,0.3056575,,,0.28825885,0.2903164,,,0.29322767,0.2945522
0.5804944,0.5748442,0.8887852,0.26655334,0.31394106,0.30829084,,,0.26196212,0.27758825,,,0.28328323,0.28822303
0.5794234,0.5763141,0.89002174,0.26571578,0.31370765,0.3105983,,,0.28443587,0.24170357,,,0.28816265,0.2731505
0.58423537,0.58200854,0.8900989,0.27614498,0.3080904,0.30586356,,,0.25675273,0.275055,,,0.28206968,0.28904974
0.5779741,0.57508725,0.89025176,0.26280963,0.31516445,0.31227762,,,0.24569291,0.27705383,,,0.27437252,0.28870255
0.5768504,0.5837742,0.8905185,0.27010614,0.30674428,0.31366807,,,0.26243854,0.28173667,,,0.28069866,0.29094267
0.58205867,0.58454835,0.88884676,0.27776027,0.3042984,0.3067881,,,0.26419383,0.2720794,,,0.27940816,0.28746057
0.580264,0.5765237,0.887704,0.26908362,0.31118035,0.3074401,,,0.28186595,0.26073027,,,0.2930798,0.2820611
0.58125687,0.5820025,0.888325,0.2749344,0.30632246,0.3070681,,,0.26474053,0.2551605,,,0.2847426,0.27807564
0.5807193,0.59240913,0.8901186,0.28300977,0.29770952,0.30939937,,,0.27911067,0.2818004,,,0.2863422,0.29181314
0.5780593,0.58952355,0.89004976,0.2775331,0.3005262,0.31199044,,,0.27171153,0.2988978,,,0.28420085,0.29825968
0.58177686,0.5814992,0.8878325,0.27544355,0.3063333,0.30605567,,,0.27667153,0.2831452,,,0.2857465,0.29251635
0.59240377,0.57732546,0.8894308,0.2802984,0.31210536,0.29702705,,,0.3178476,0.2759446,,,0.30451864,0.27797788
0.5818641,0.5805248,0.88949484,0.27289408,0.30897003,0.30763072,,,0.27265257,0.2689575,,,0.28625643,0.28281772
0.5808356,0.5816121,0.88967645,0.27277124,0.30806434,0.30884087,,,0.27935433,0.27527553,,,0.2847852,0.2866627
0.584101,0.5850855,0.8919969,0.27718967,0.30691135,0.30789584,,,0.26512027,0.29526103,,,0.27977723,0.29854405
0.58189976,0.5872074,0.88914883,0.27995837,0.3019414,0.307249,,,0.26258683,0.2743773,,,0.27698994,0.28846794
0.57977366,0.5706445,0.8887193,0.26169884,0.31807482,0.30894566,,,0.27140266,0.25364608,,,0.2840141,0.26951033
0.5851804,0.5806265,0.889241,0.2765659,0.3086145,0.30406058,,,0.25429225,0.26605177,,,0.27611446,0.28166485
0.57909834,0.5803457,0.890783,0.26866108,0.31043726,0.3116846,,,0.2665034,0.27936393,,,0.28286237,0.28836286
0.58389235,0.58202803,0.8870812,0.27883917,0.30505317,0.30318886,,,0.26573968,0.26355654,,,0.28216743,0.28095925
0.5836157,0.5827675,0.89077246,0.2756108,0.30800492,0.30715668,,,0.26619995,0.2723323,,,0.28521448,0.28898388
0.57616454,0.58209085,0.88826245,0.2699929,0.30617166,0.31209797,,,0.26331055,0.26189673,,,0.28290665,0.28654522
0.57765627,0.5895089,0.89178634,0.27537882,0.30227745,0.31413007,,,0.27451813,0.2937804,,,0.2828272,0.297418
0.5744226,0.58200896,0.8910673,0.26536423,0.30905837,0.31664473,,,0.26179433,0.27229142,,,0.28159124,0.2921378
0.5853063,0.58118063,0.89069104,0.27579594,0.30951035,0.3053847,,,0.28807247,0.27410257,,,0.29240197,0.28596663
0.5763271,0.5771352,0.889753,0.2637093,0.31261778,0.3134259,,,0.2653128,0.26388896,,,0.2850502,0.28623295
0.56883216,0.5767534,0.88775826,0.25782728,0.31100488,0.3189261,,,0.27657205,0.27661705,,,0.28379345,0.29370916
0.58994526,0.57827157,0.89231235,0.27590448,0.31404078,0.3023671,,,0.27505255,0.27335376,,,0.29142368,0.28359866
0.58801925,0.57772833,0.89070874,0.2750389,0.31298035,0.30268943,,,0.27747333,0.2625903,,,0.29246187,0.282107
0.5756823,0.5793535,0.88972986,0.26530588,0.3103764,0.31404763,,,0.27062565,0.27955836,,,0.28094018,0.2872278
0.5821384,0.5840363,0.89196855,0.2742061,0.30793232,0.3098302,,,0.2801317,0.27411473,,,0.28882575,0.2868169
0.5773002,0.575201,0.88839483,0.26410627,0.31319392,0.3110947,,,0.24556482,0.26274514,,,0.27597058,0.27954662
0.5817709,0.586291,0.89122975,0.27683222,0.30493867,0.3094588,,,0.27373695,0.27916104,,,0.2863571,0.28453213
0.5811056,0.5792085,0.89482003,0.26549405,0.31561154,0.31371444,,,0.3056208,0.27872247,,,0.30571574,0.29112786
0.5782683,0.5754988,0.8888544,0.26491272,0.31335557,0.3105861,,,0.2760837,0.251364,,,0.28674388,0.2745669
0.57434905,0.5722772,0.88704437,0.25958186,0.31476718,0.31269532,,,0.25977325,0.2571376,,,0.28455657,0.28192675
0.58721757,0.57713664,0.88954824,0.27480596,0.3124116,0.30233067,,,0.28148466,0.26307213,,,0.29584694,0.28339094
0.58617854,0.5852457,0.89215827,0.279266,0.30691254,0.30597973,,,0.27879232,0.28110075,,,0.28903717,0.2840672
0.5817201,0.5851304,0.8901791,0.27667147,0.30504864,0.30845892,,,0.26275575,0.28413248,,,0.28125477,0.29065293
0.5797986,0.5860858,0.8899701,0.27591425,0.30388433,0.31017154,,,0.27566713,0.27513182,,,0.28439838,0.28999537
0.5807159,0.5837233,0.8892126,0.2752266,0.3054893,0.3084967,,,0.24363214,0.2706101,,,0.27536875,0.285581
0.58865786,0.5838218,0.8895758,0.28290385,0.305754,0.30091792,,,0.26684266,0.24863362,,,0.27976882,0.27624434
0.5907451,0.5830408,0.8904968,0.28328913,0.30745596,0.29975164,,,0.28442705,0.2777565,,,0.28962797,0.28608245
0.57870346,0.572865,0.8879057,0.2636627,0.31504077,0.3092023,,,0.26007098,0.2735864,,,0.28419572,0.28420895
0.5803728,0.57546157,0.8875203,0.26831412,0.3120587,0.30714744,,,0.26274604,0.2485519,,,0.27815443,0.27790207
0.5847893,0.5826495,0.88850105,0.2789377,0.30585158,0.30371183,,,0.2683891,0.2776301,,,0.28739166,0.28515708
0.57767,0.5810245,0.89126074,0.26743376,0.31023622,0.31359076,,,0.26709747,0.28179038,,,0.2803012,0.28784364
0.58646035,0.58368933,0.8888302,0.2813195,0.30514085,0.30236983,,,0.28614318,0.2926666,,,0.28581303,0.28904283
0.58293426,0.57962406,0.89058554,0.27197278,0.31096148,0.30765128,,,0.30081856,0.29460096,,,0.2935028,0.29169625
0.5786648,0.5868648,0.890478,0.2750516,0.3036132,0.31181324,,,0.24685884,0.26764935,,,0.27207166,0.28301525
0.58858407,0.5738869,0.8904938,0.27197713,0.31660694,0.30190974,,,0.27446997,0.2782653,,,0.29342073,0.2842453
0.58415836,0.58017737,0.88868546,0.27565026,0.3085081,0.3045271,,,0.27081108,0.27698755,,,0.28560007,0.28444415
0.58666974,0.58706665,0.89185756,0.28187877,0.30479097,0.30518788,,,0.2826674,0.27406585,,,0.28809565,0.28373414
0.57665443,0.5769695,0.88960546,0.26401848,0.31263596,0.31295103,,,0.24257809,0.2594114,,,0.27237332,0.27763844
0.57995063,0.58433926,0.8898191,0.27447087,0.30547976,0.3098684,,,0.26433533,0.29210025,,,0.28137565,0.2969368
0.5849222,0.5818579,0.8884185,0.27836162,0.30656058,0.3034963,,,0.290819,0.2566303,,,0.2906112,0.2764247
0.58427644,0.57471967,0.89040947,0.26858664,0.3156898,0.30613303,,,0.281362,0.25693774,,,0.29342204,0.27793527
0.5791209,0.5885825,0.88856,0.2791434,0.29997748,0.30943912,,,0.25314492,0.2857951,,,0.270459,0.28647983
0.5769212,0.5842772,0.88929886,0.27189952,0.3050217,0.3123777,,,0.26292914,0.28419715,,,0.2801414,0.28966916
0.5771721,0.57462406,0.88898134,0.26281476,0.31435734,0.3118093,,,0.2702163,0.2575584,,,0.28806412,0.2777354
0.57788855,0.5777831,0.89042187,0.26524973,0.31263882,0.31253338,,,0.26442283,0.2530654,,,0.28700727,0.27172577
0.5823667,0.57838523,0.8896756,0.27107632,0.31129038,0.3073089,,,0.27932662,0.28125292,,,0.28838623,0.28647935
0.585775,0.5819962,0.88947356,0.27829766,0.30747736,0.30369854,,,0.27784032,0.2676826,,,0.2909963,0.2786612
0.57962805,0.5830866,0.8912876,0.2714271,0.30820096,0.31165951,,,0.28013945,0.27639663,,,0.28586298,0.28375453
0.5820256,0.5825038,0.8904363,0.27409303,0.30793256,0.30841076,,,0.28427446,0.27785248,,,0.28904355,0.28647864
0.5824994,0.5797005,0.88977855,0.27242142,0.31007797,0.3072791,,,0.2771415,0.27893353,,,0.28679758,0.2891791
0.5789316,0.5781114,0.8898524,0.26719058,0.31174105,0.31092083,,,0.262757,0.26748174,,,0.28397065,0.2875557
0.57950354,0.57620835,0.8884636,0.26724827,0.31225526,0.30896008,,,0.26341575,0.278019,,,0.28098297,0.28488767
0.5840194,0.5714179,0.8893334,0.26610392,0.3179155,0.305314,,,0.25995177,0.24587727,,,0.28278935,0.2742824
0.58867264,0.5771228,0.8899731,0.27582234,0.3128503,0.30130047,,,0.26974797,0.26037627,,,0.2882591,0.27474135
0.58675027,0.58302987,0.89181685,0.27796328,0.308787,0.3050666,,,0.2677049,0.2956537,,,0.28538716,0.28993475
0.58872986,0.5767956,0.8913828,0.27414262,0.31458724,0.30265296,,,0.27758414,0.27087283,,,0.29800504,0.2819124
0.5809031,0.5856385,0.89096725,0.27557433,0.3053288,0.3100642,,,0.2766949,0.28672266,,,0.28834385,0.29421067
0.5846145,0.58748126,0.89144796,0.2806478,0.3039667,0.30683345,,,0.26370233,0.27394366,,,0.27992105,0.28575927
0.5820255,0.5811498,0.89132583,0.2718495,0.310176,0.3093003,,,0.2638498,0.26750648,,,0.27911562,0.28030747
0.5922981,0.5806459,0.890039,0.28290504,0.30939305,0.29774088,,,0.27087665,0.24543762,,,0.2805683,0.2716329
0.5794325,0.5780916,0.8869062,0.2706179,0.3088146,0.30747372,,,0.27371335,0.25735086,,,0.28710943,0.27563465
0.57965857,0.580342,0.89039654,0.26960403,0.31005454,0.31073797,,,0.24986815,0.27985358,,,0.27902156,0.2874713
0.58604157,0.5841977,0.8904614,0.27977782,0.30626374,0.30441988,,,0.29483122,0.2735113,,,0.29116064,0.2870556
0.5731125,0.58451116,0.8905024,0.26712126,0.30599123,0.3173899,,,0.27064258,0.26172334,,,0.2823974,0.28761315
0.57359815,0.5876906,0.8894397,0.27184904,0.3017491,0.31584156,,,0.27303654,0.26467,,,0.2809112,0.28942615
0.5851718,0.58764255,0.892235,0.2805794,0.30459243,0.30706316,,,0.3025707,0.28017402,,,0.2986092,0.28905118
0.58225304,0.57945657,0.88896084,0.2727487,0.30950433,0.30670786,,,0.2721867,0.27475268,,,0.28539294,0.28834373
0.58291745,0.57801974,0.89028484,0.27065235,0.3122651,0.30736738,,,0.27235913,0.27683598,,,0.28482962,0.2857899
0.58259,0.577019,0.8888748,0.27073413,0.31185585,0.30628484,,,0.28159928,0.28883564,,,0.28998744,0.28759688
0.5818992,0.58221716,0.8914976,0.27261877,0.30928046,0.3095984,,,0.28950715,0.26449984,,,0.2891541,0.28097343
0.57587355,0.5762136,0.887978,0.2641092,0.31176436,0.3121044,,,0.25148743,0.25859028,,,0.2774282,0.27974522
0.5780145,0.5742365,0.88978195,0.26246905,0.31554544,0.31176746,,,0.25597978,0.26878643,,,0.28230423,0.28577107
0.5782417,0.5755378,0.89103,0.2627495,0.3154922,0.3127883,,,0.275945,0.2714548,,,0.29163992,0.28490406
0.5885743,0.578228,0.8904093,0.276393,0.3121813,0.301835,,,0.27309233,0.2683751,,,0.28700912,0.2853148
0.5780202,0.5799906,0.8883001,0.26971072,0.3083095,0.3102799,,,0.26148838,0.27080095,,,0.27732044,0.2841941
0.5762771,0.58001614,0.887876,0.26841718,0.3078599,0.31159896,,,0.2731316,0.2674923,,,0.2851864,0.28387916
0.58278,0.58969986,0.8892032,0.28327668,0.29950333,0.3064232,,,0.2716968,0.2711618,,,0.28198707,0.2828452
0.5781021,0.5854471,0.89070743,0.27284175,0.30526036,0.31260532,,,0.26033396,0.28654218,,,0.28242326,0.29025346
0.58378834,0.58028483,0.8907155,0.27335775,0.3104306,0.30692708,,,0.2937399,0.25556302,,,0.29687983,0.27685392
0.5774083,0.5748742,0.88856786,0.2637146,0.3136937,0.3111596,,,0.24974233,0.28113735,,,0.27591455,0.2864579
0.5805057,0.57366014,0.89052427,0.2636416,0.31686413,0.31001854,,,0.25956184,0.26721263,,,0.27948457,0.28764153
0.5844325,0.58005404,0.8890344,0.27545214,0.30898035,0.3046019,,,0.28410715,0.27479786,,,0.2876811,0.28283197
0.58296144,0.57832193,0.8906304,0.27065295,0.3123085,0.30766898,,,0.28223372,0.28323168,,,0.28901374,0.28396523
0.58395326,0.58562386,0.8911887,0.27838844,0.30556482,0.30723542,,,0.2630266,0.2664622,,,0.27903664,0.28351033
0.5814159,0.5909828,0.89073473,0.28166395,0.29975194,0.30931884,,,0.25890124,0.2844637,,,0.27568567,0.29119962
0.5815228,0.57825446,0.8873943,0.27238297,0.30913985,0.3058715,,,0.25756705,0.25563532,,,0.27383965,0.27871776
0.58736086,0.5807925,0.88980985,0.27834344,0.30901742,0.30244905,,,0.27587366,0.28194457,,,0.29066873,0.28623128
0.5889381,0.57826066,0.8880361,0.2791627,0.3097754,0.29909796,,,0.28587216,0.26901782,,,0.29722953,0.28034508
0.5761107,0.57828164,0.88976187,0.2646305,0.31148022,0.31365114,,,0.28137553,0.2724067,,,0.29475808,0.28804874
0.58709455,0.577446,0.8895025,0.275038,0.31205654,0.30240798,,,0.26929182,0.25726467,,,0.2901067,0.27620882
0.57996416,0.5752802,0.8859827,0.26926166,0.3107025,0.30601853,,,0.2641393,0.26001346,,,0.28090757,0.27428013
0.5806603,0.58175683,0.88816,0.27425718,0.3064031,0.30749965,,,0.2766586,0.253838,,,0.28540337,0.27932525
0.5734854,0.5768479,0.88907063,0.26126266,0.31222272,0.31558526,,,0.27352697,0.2551195,,,0.28337842,0.28007185
0.5784308,0.5813334,0.89014494,0.26961923,0.30881155,0.31171417,,,0.2592653,0.27539593,,,0.28301132,0.28828955
0.5771286,0.5766568,0.8866722,0.26711327,0.31001532,0.30954355,,,0.26015925,0.26883817,,,0.28268653,0.28133655
0.57783663,0.5752491,0.89109284,0.26199287,0.31584376,0.3132562,,,0.2340303,0.26676148,,,0.2700945,0.28609514
0.5768793,0.5744648,0.8872449,0.26409918,0.31278014,0.31036562,,,0.27655816,0.24782336,,,0.29084128,0.2770601
0.58303154,0.5843817,0.89156646,0.27584678,0.30718476,0.30853492,,,0.26245022,0.25927007,,,0.2810464,0.28415543
0.58334124,0.5810538,0.89170074,0.27269435,0.3106469,0.30835944,,,0.2769106,0.27639747,,,0.28440058,0.2860422
0.5824522,0.5850893,0.89070415,0.27683735,0.30561483,0.30825198,,,0.26579392,0.26084805,,,0.2805614,0.28080553
0.5787282,0.5816791,0.891707,0.2687003,0.3100279,0.3129788,,,0.28034157,0.2760678,,,0.2850482,0.2879538
0.5801022,0.57907444,0.8886802,0.27049637,0.30960584,0.30857807,,,0.26283312,0.29036093,,,0.2793916,0.2927218
0.579994,0.5793667,0.88807786,0.2712828,0.30871123,0.3080839,,,0.25694942,0.28099066,,,0.28039974,0.28595084
0.57596385,0.58974946,0.88968086,0.27603245,0.2999314,0.313717,,,0.26296735,0.26561487,,,0.27481818,0.2853366
0.57668376,0.5800059,0.88940537,0.26728427,0.3093995,0.3127216,,,0.2659645,0.27352387,,,0.28233993,0.28513616
0.5794656,0.5802763,0.8894862,0.27025568,0.30920994,0.31002063,,,0.24729729,0.2698093,,,0.27574724,0.28702545
0.5797751,0.5795731,0.8899273,0.26942092,0.31035417,0.31015217,,,0.28278124,0.29452366,,,0.2882622,0.29489553
0.5754248,0.5879749,0.89136493,0.27203476,0.30339003,0.31594014,,,0.28170055,0.2959237,,,0.29006702,0.30213577
0.58290577,0.58181983,0.8899661,0.27475947,0.3081463,0.30706036,,,0.25554407,0.25358433,,,0.27966112,0.27975333
0.582849,0.5816139,0.89161235,0.27285057,0.30999845,0.30876333,,,0.27175015,0.27595186,,,0.28473878,0.28489077
0.5803372,0.5823089,0.88875985,0.2738862,0.30645102,0.30842268,,,0.25393856,0.26770467,,,0.27658075,0.2840436
0.5770422,0.5844358,0.8906645,0.27081352,0.3062287,0.3136223,,,0.27041405,0.28347206,,,0.2797609,0.29197758
0.5888971,0.5801264,0.8918428,0.27718073,0.31171638,0.30294567,,,0.2759456,0.2758289,,,0.29635525,0.28909248
0.5810741,0.58826256,0.8908518,0.27848488,0.30258924,0.30977768,,,0.27981985,0.27759415,,,0.28910714,0.2880385
0.5722674,0.57463753,0.8854605,0.26144445,0.31082296,0.31319308,,,0.24388552,0.2454868,,,0.2725665,0.27892256
0.57952714,0.5847499,0.89069295,0.27358413,0.305943,0.31116575,,,0.27446663,0.28243494,,,0.27802306,0.28781408
0.5842528,0.5863445,0.89164245,0.27895486,0.3052979,0.30738962,,,0.28306282,0.27375638,,,0.28456163,0.28718233
0.57896614,0.58411777,0.89029026,0.27279365,0.3061725,0.31132412,,,0.26271248,0.28716135,,,0.28021353,0.2883662
0.58417535,0.5912343,0.8926213,0.2827884,0.30138695,0.30844593,,,0.27696693,0.28698456,,,0.2830146,0.29270047
0.58621514,0.5790481,0.89062744,0.27463573,0.3115794,0.30441236,,,0.28316277,0.28205484,,,0.2875136,0.28362948
0.5830686,0.5868218,0.8941496,0.2757408,0.3073278,0.311081,,,0.28267497,0.30014503,,,0.2827884,0.2995084
0.5820253,0.584772,0.88972193,0.27707535,0.30494994,0.30769664,,,0.2792284,0.28209126,,,0.28365403,0.28905648
0.5827929,0.57667637,0.88856965,0.2708996,0.31189328,0.30577677,,,0.2624312,0.2706393,,,0.28681576,0.28457332
0.582563,0.5796744,0.89008063,0.27215677,0.3104062,0.30751765,,,0.2883914,0.28239948,,,0.29670703,0.28625953
0.58356154,0.5776564,0.8894461,0.27177185,0.3117897,0.30588454,,,0.27764606,0.24530411,,,0.28677213,0.27212858
0.5919958,0.5775754,0.892735,0.27683616,0.31515962,0.30073923,,,0.27738678,0.26083583,,,0.29211634,0.2756039
0.5856682,0.5786681,0.8901182,0.27421814,0.31145006,0.30444998,,,0.2807669,0.24726623,,,0.29249883,0.27237505
0.5807328,0.5789498,0.89071196,0.26897067,0.31176215,0.30997914,,,0.25961185,0.26054013,,,0.2821492,0.28129494
0.57833487,0.5864735,0.8903639,0.27444452,0.30389035,0.312029,,,0.25447285,0.2762372,,,0.27659148,0.29035544
0.5716931,0.57122314,0.8857309,0.25718528,0.31450784,0.31403786,,,0.26858103,0.25949907,,,0.28182924,0.27964693
0.5784366,0.5783884,0.89104235,0.2657827,0.3126539,0.31260568,,,0.29146248,0.24175394,,,0.29894465,0.27472335
0.5771194,0.58084106,0.88994193,0.26801848,0.30910093,0.31282258,,,0.25800663,0.26210338,,,0.28284734,0.28723788
0.57922304,0.58418536,0.8907378,0.27267063,0.3065524,0.31151474,,,0.30032343,0.29185897,,,0.29242784,0.2919414
0.5926547,0.5797889,0.88995475,0.28248888,0.31016582,0.29730004,,,0.2937793,0.2713117,,,0.29179472,0.28012073
0.5799353,0.584459,0.890072,0.2743224,0.30561292,0.31013662,,,0.2746187,0.26680523,,,0.28122497,0.28118092
0.58432794,0.5754778,0.8908534,0.26895237,0.31537557,0.3065254,,,0.26425284,0.2840227,,,0.28463483,0.2878986
0.5792727,0.58365935,0.88841957,0.27451247,0.30476022,0.30914688,,,0.27998453,0.26413512,,,0.28844905,0.28528756
0.58016646,0.5806098,0.8897034,0.27107286,0.3090936,0.30953693,,,0.2736253,0.27874506,,,0.28180814,0.28727776
0.5839548,0.5801095,0.8910347,0.27302957,0.31092525,0.3070799,,,0.28372818,0.2608589,,,0.29047304,0.27667165
0.5808164,0.58111185,0.8891827,0.2727455,0.3080709,0.30836636,,,0.29847372,0.29390717,,,0.29428887,0.2887618
0.58034825,0.58326596,0.88940734,0.27420694,0.30614132,0.30905902,,,0.2648046,0.27269125,,,0.27986604,0.28244603
0.5875336,0.58073425,0.89186215,0.2764057,0.3111279,0.30432856,,,0.27255893,0.2917422,,,0.2882756,0.2860706
0.57669365,0.5830243,0.88912374,0.2705943,0.30609936,0.31243002,,,0.28568935,0.2957502,,,0.29140508,0.29676688
0.5857798,0.5878678,0.89052373,0.2831239,0.30265588,0.3047439,,,0.28558475,0.2910005,,,0.28483474,0.29054374
0.57267857,0.57964456,0.88950515,0.26281798,0.3098606,0.31682658,,,0.25732028,0.27286053,,,0.27907634,0.28869516
0.5813676,0.57644665,0.88872373,0.26909053,0.31227708,0.30735612,,,0.27012318,0.26685655,,,0.285455,0.28217083
0.58116543,0.5905776,0.8909495,0.28079355,0.3003719,0.30978405,,,0.27033204,0.2706787,,,0.28347975,0.28688127
0.57303005,0.57629627,0.88801706,0.26130927,0.3117208,0.314987,,,0.28487802,0.28738695,,,0.2883631,0.28718847
0.57481146,0.5927403,0.88977313,0.27777863,0.29703283,0.31496167,,,0.256284,0.2877642,,,0.2753049,0.29991746
0.5789045,0.5732304,0.88871,0.26342487,0.31547964,0.3098055,,,0.26101464,0.27891487,,,0.28471535,0.28204495
0.5870706,0.5787644,0.89092785,0.27490705,0.31216353,0.30385733,,,0.287113,0.26614863,,,0.29110265,0.2720067
0.5714687,0.5787151,0.8885449,0.26163888,0.30982983,0.3170762,,,0.24860746,0.26614982,,,0.26724,0.2813887
0.58702135,0.57635486,0.8887855,0.27459073,0.31243062,0.30176413,,,0.28415912,0.27327287,,,0.29192573,0.28114182
0.5770944,0.5685679,0.8880328,0.2576295,0.31946486,0.31093836,,,0.27815175,0.26424158,,,0.285213,0.2795964
0.58614963,0.5834998,0.8914758,0.27817357,0.30797607,0.30532622,,,0.28797597,0.28003842,,,0.2909881,0.28595865
0.5835057,0.5845933,0.8906004,0.27749854,0.30600715,0.30709475,,,0.26453346,0.26810747,,,0.27830064,0.28267288
0.58772224,0.57650506,0.88993996,0.27428728,0.31343496,0.30221778,,,0.25738066,0.25522077,,,0.2825585,0.27425534
0.5888307,0.58418304,0.8917031,0.28131056,0.30752015,0.30287248,,,0.282225,0.30152023,,,0.29493153,0.2949587
0.5809835,0.57556844,0.8887854,0.26776654,0.31321698,0.3078019,,,0.27502817,0.28388488,,,0.28494078,0.2871284
0.5753679,0.57536894,0.8884625,0.26227432,0.3130936,0.31309462,,,0.2480424,0.24590904,,,0.27322263,0.27509224
0.5834559,0.5736863,0.89008564,0.26705652,0.3163994,0.30662978,,,0.27384794,0.27751863,,,0.29184282,0.28388417
0.5774032,0.5774448,0.8860255,0.2688225,0.3085807,0.3086223,,,0.26818877,0.26710802,,,0.28158557,0.2847957
0.58153045,0.582168,0.89048964,0.2732088,0.30832165,0.3089592,,,0.25942755,0.2722274,,,0.28052515,0.2866848
0.5847352,0.58261347,0.88999504,0.27735358,0.30738163,0.30525988,,,0.2670114,0.26971108,,,0.28570879,0.28368974
0.5764153,0.585986,0.8911544,0.2712469,0.3051684,0.3147391,,,0.24991071,0.2548524,,,0.27446717,0.2825554
0.5873561,0.58057773,0.89117074,0.27676308,0.310593,0.30381465,,,0.28448796,0.2639336,,,0.29022002,0.27864826
0.57984716,0.5843978,0.89166975,0.27257514,0.30727202,0.31182265,,,0.26785946,0.27210093,,,0.28110063,0.28674203
0.58928525,0.5919862,0.8913015,0.28996992,0.29931533,0.30201626,,,0.26753825,0.2684573,,,0.28447354,0.28317493
0.5755819,0.58284867,0.89053553,0.26789504,0.30768687,0.31495363,,,0.27742392,0.27620655,,,0.28837425,0.28967285
0.57737684,0.58059865,0.88983977,0.26813567,0.30924118,0.312463,,,0.25535434,0.2697131,,,0.28374988,0.2852881
0.5811056,0.5744258,0.8904878,0.26504362,0.31606197,0.3093822,,,0.25365597,0.26673877,,,0.2793265,0.27991915
0.5780342,0.57497156,0.8880994,0.26490647,0.31312776,0.3100651,,,0.26586622,0.26107913,,,0.27836615,0.2800181
0.58049345,0.5769508,0.8891904,0.26825386,0.3122396,0.30869693,,,0.2769996,0.27175337,,,0.28900355,0.28798825
0.5863058,0.577029,0.89065915,0.2726757,0.3136301,0.3043533,,,0.27417403,0.26931888,,,0.28968316,0.28571624
0.57429725,0.5804128,0.8887226,0.26598746,0.3083098,0.31442535,,,0.2688501,0.2663824,,,0.28656292,0.28606635
0.58581495,0.58004457,0.89206845,0.27379102,0.31202394,0.30625355,,,0.2767622,0.2679817,,,0.28528023,0.28196996
0.59001553,0.5720449,0.88818747,0.27387303,0.3161425,0.29817188,,,0.27840632,0.25647986,,,0.2981372,0.27566993
0.58603,0.5748962,0.88797,0.27295625,0.31307375,0.30193996,,,0.26710242,0.24182129,,,0.28801376,0.27496034
0.57299435,0.57493246,0.8872514,0.26067543,0.31231892,0.31425703,,,0.25605088,0.25340658,,,0.28144062,0.27811515
0.5817336,0.5868074,0.89166975,0.2768712,0.30486238,0.30993623,,,0.28257054,0.29528338,,,0.28839725,0.2978952
0.5791522,0.58375204,0.8890331,0.27387118,0.30528104,0.30988085,,,0.2558397,0.27028388,,,0.27294487,0.2876891
0.5717547,0.58498764,0.88870955,0.2680328,0.3037219,0.31695485,,,0.26546556,0.26203018,,,0.27824754,0.28645843
0.57454437,0.5850642,0.8896718,0.2699368,0.30460757,0.31512737,,,0.2787788,0.2727188,,,0.28714615,0.28766972
0.57386565,0.5832694,0.8897729,0.26736212,0.30650353,0.3159073,,,0.24328989,0.27071655,,,0.27522188,0.28862333
0.5853538,0.576631,0.8910705,0.27091432,0.31443948,0.3057167,,,0.26194572,0.2566327,,,0.28395116,0.278185
0.5804653,0.5751399,0.89153767,0.26406753,0.3163978,0.31107235,,,0.28257734,0.28185517,,,0.28945643,0.29026884
0.5759426,0.5792682,0.8884435,0.2667672,0.30917537,0.312501,,,0.27063066,0.26257426,,,0.28752732,0.28494024
0.5774939,0.5757549,0.88768935,0.26555943,0.31193447,0.31019545,,,0.25513685,0.24988937,,,0.28249562,0.27559948
0.58987725,0.57622814,0.89207304,0.27403235,0.3158449,0.3021958,,,0.26169813,0.2700227,,,0.28506422,0.28941345
0.583187,0.58123195,0.8917489,0.27267003,0.31051695,0.30856192,,,0.28257477,0.29227102,,,0.28446567,0.2836396
0.58527654,0.5764146,0.8909664,0.27072477,0.31455177,0.3056898,,,0.2961288,0.28104937,,,0.29900146,0.28129983
0.58312434,0.5831355,0.8924,0.27385974,0.3092646,0.30927575,,,0.26746923,0.26267606,,,0.29033846,0.28442627
0.58181787,0.57801783,0.8890479,0.27078778,0.3110301,0.30723006,,,0.27084804,0.25024766,,,0.28691787,0.2770707
0.58250314,0.5742166,0.8894912,0.26722848,0.31527466,0.30698812,,,0.2891156,0.2640404,,,0.29693514,0.2794773
0.5737412,0.58133805,0.88953644,0.2655428,0.3081984,0.31579524,,,0.24673909,0.2739126,,,0.27548164,0.29426104
0.58175987,0.5730845,0.8869668,0.26787746,0.3138824,0.305207,,,0.29775292,0.25592953,,,0.296138,0.27408606
0.57969046,0.58169925,0.88838804,0.27300167,0.3066888,0.30869758,,,0.2630533,0.26356494,,,0.27653253,0.28364438
0.576873,0.5796453,0.8890382,0.26748002,0.309393,0.31216526,,,0.24176753,0.2691347,,,0.27645135,0.29094857
0.57723093,0.5860275,0.88760906,0.27564937,0.30158156,0.31037813,,,0.25488895,0.2666921,,,0.28022075,0.2830974
0.57155967,0.57313985,0.88898796,0.25571162,0.31584805,0.31742823,,,0.26160967,0.25912893,,,0.2802347,0.28048658
0.5769377,0.5858611,0.88855785,0.2742409,0.30269676,0.31162018,,,0.26001692,0.27438682,,,0.27900445,0.28633612
0.5695773,0.574708,0.88643646,0.25784874,0.31172854,0.31685925,,,0.2693457,0.2797861,,,0.27599168,0.29010892
0.58220506,0.5816901,0.88982296,0.27407217,0.3081329,0.3076179,,,0.2955383,0.27476007,,,0.29581767,0.28609657
0.5774619,0.58236706,0.8896336,0.2701953,0.3072666,0.31217176,,,0.26663482,0.25187278,,,0.28173918,0.2854488
0.5730862,0.5830461,0.887663,0.2684692,0.304617,0.31457686,,,0.2535082,0.2678855,,,0.27528054,0.2894917
0.5800745,0.5838455,0.8902544,0.27366555,0.30640894,0.31017995,,,0.27662873,0.28511417,,,0.286946,0.29271138
0.58536255,0.5762025,0.89178216,0.2697829,0.31557965,0.3064196,,,0.29257643,0.27687496,,,0.2957074,0.28726196
0.5800142,0.58081627,0.8900282,0.27080232,0.3092119,0.31001395,,,0.2588308,0.27855587,,,0.28088695,0.287571
0.5877862,0.5889704,0.8932667,0.28348994,0.30429626,0.30548048,,,0.29644185,0.28430116,,,0.29337823,0.2889589
0.58550805,0.5785568,0.89012593,0.27393895,0.3115691,0.30461782,,,0.2827959,0.26545405,,,0.2952693,0.2815081
0.5889132,0.5873437,0.8908213,0.28543562,0.3034776,0.30190808,,,0.27055514,0.27522314,,,0.28390193,0.28373283
0.5792326,0.57784176,0.8894516,0.2676227,0.31160986,0.31021905,,,0.26347202,0.26797938,,,0.28258014,0.28785825
0.5727241,0.57796675,0.8887662,0.26192456,0.31079954,0.31604218,,,0.26238376,0.27180523,,,0.28063333,0.28820634
0.5805173,0.5791757,0.8903685,0.26932448,0.3111928,0.30985123,,,0.27966744,0.2816267,,,0.28768206,0.28640205
0.59504956,0.5798442,0.89178705,0.28310668,0.31194288,0.2967375,,,0.30641943,0.28120744,,,0.30262423,0.28977066
0.57911336,0.57182384,0.88748777,0.26344943,0.31566393,0.3083744,,,0.2672267,0.27397174,,,0.2854191,0.28555757
0.5802212,0.57981133,0.8883768,0.27165574,0.30856544,0.3081556,,,0.25880355,0.27299428,,,0.2734601,0.2842731
0.57840216,0.575757,0.8873792,0.26677996,0.3116222,0.30897707,,,0.2680685,0.25348783,,,0.28780007,0.27599245
0.57899225,0.573701,0.8870576,0.26563567,0.31335658,0.30806535,,,0.2613784,0.2633344,,,0.28171366,0.28205138
0.58142114,0.5772085,0.88888764,0.269742,0.31167912,0.3074665,,,0.2753632,0.26646495,,,0.29151464,0.28453666
0.58146757,0.5822441,0.89019585,0.27351582,0.30795175,0.30872828,,,0.26120877,0.273633,,,0.27997082,0.28778028
0.57798266,0.5734735,0.8881298,0.26332635,0.31465632,0.31014717,,,0.26764,0.26486826,,,0.28696638,0.2809713
0.5795324,0.57632786,0.89041704,0.26544315,0.31408924,0.3108847,,,0.27724558,0.27839285,,,0.28770036,0.28509897
0.5820531,0.57391036,0.8896021,0.2663613,0.31569183,0.30754906,,,0.26080662,0.26156998,,,0.28684533,0.27903873
0.5886371,0.58456886,0.8905642,0.28264177,0.30599535,0.3019271,,,0.2829101,0.27622992,,,0.29182893,0.28050983
0.57666355,0.586938,0.89095515,0.2726465,0.30401707,0.31429154,,,0.24073344,0.2987852,,,0.2687627,0.29922765
0.58526146,0.57810414,0.8907161,0.27264953,0.31261194,0.3054546,,,0.27975404,0.2632212,,,0.29528016,0.28442675
0.5751576,0.58245766,0.8886603,0.26895487,0.3062027,0.3135028,,,0.28156102,0.26705366,,,0.28860694,0.28618902
0.58008766,0.58153445,0.8904622,0.27115983,0.30892783,0.31037462,,,0.25355035,0.26212305,,,0.28215235,0.28555667
0.5821507,0.5770824,0.891385,0.26784807,0.31430262,0.30923432,,,0.2590652,0.27591336,,,0.2890103,0.28776366
0.5763299,0.5763762,0.8884101,0.26429605,0.31203383,0.31208014,,,0.2540716,0.27967256,,,0.27899635,0.28784615
0.5822959,0.5801541,0.88875103,0.27369905,0.30859685,0.30645508,,,0.2575813,0.2710873,,,0.2857787,0.2886967
0.5802161,0.57520354,0.886772,0.2686476,0.3115685,0.30655593,,,0.26154053,0.24269515,,,0.28074622,0.2738194
0.5805246,0.57356,0.88779914,0.26628554,0.31423908,0.30727446,,,0.28531533,0.27381456,,,0.2880134,0.28322524
0.581133,0.5809308,0.8921086,0.26995522,0.3111778,0.3109756,,,0.27041554,0.3005759,,,0.28355587,0.2963434
0.5808579,0.58598304,0.8916151,0.27522582,0.30563205,0.31075722,,,0.27456427,0.27157903,,,0.28342003,0.29147035
0.58984876,0.58044094,0.89022136,0.2800684,0.30978036,0.30037254,,,0.277295,0.25762075,,,0.28613675,0.27126724
0.5794012,0.5837085,0.88971955,0.27339023,0.30601096,0.3103183,,,0.28142333,0.27640402,,,0.28870004,0.28844792
0.58420414,0.57161236,0.8870878,0.26872873,0.3154754,0.30288363,,,0.27092087,0.2610749,,,0.2896753,0.27671808
0.57666886,0.5758152,0.88983107,0.262653,0.31401587,0.3131622,,,0.26945072,0.25507724,,,0.2815472,0.27458274
0.5782523,0.58391774,0.8910008,0.27116925,0.30708307,0.3127485,,,0.27548325,0.2505046,,,0.28563195,0.27422518
0.5844924,0.5774653,0.8908639,0.27109385,0.31339854,0.30637145,,,0.26669693,0.27850205,,,0.2844109,0.28457057
0.5853901,0.5810964,0.89114094,0.27534556,0.31004453,0.30575085,,,0.26066744,0.2700708,,,0.28637767,0.284715
0.58353657,0.5841818,0.89195645,0.27576196,0.3077746,0.30841982,,,0.294316,0.29654574,,,0.29205436,0.2928698
0.58128536,0.58349824,0.8904449,0.27433872,0.30694664,0.30915952,,,0.27147996,0.27331954,,,0.28149295,0.2875318
0.5882517,0.58298856,0.8899789,0.28126144,0.30699027,0.30172712,,,0.28387094,0.30237573,,,0.28953177,0.2935623
0.5793245,0.5819057,0.890982,0.27024823,0.30907625,0.3116575,,,0.27550584,0.27565217,,,0.28354537,0.28694618
0.5775211,0.5841635,0.88598704,0.27569747,0.30182362,0.30846602,,,0.27514797,0.2767529,,,0.28087628,0.28570586
0.5798572,0.5812389,0.8906605,0.27043557,0.3094216,0.31080335,,,0.2633556,0.26152766,,,0.281318,0.28139538
0.5833699,0.5772987,0.8908273,0.2698413,0.3135286,0.3074574,,,0.27772176,0.2605275,,,0.2900353,0.2809078
0.5788466,0.5835313,0.89191043,0.2704674,0.30837917,0.31306392,,,0.2614597,0.26989895,,,0.2832436,0.2888285
0.5779624,0.5771977,0.8884243,0.2667358,0.3112266,0.31046188,,,0.27382505,0.27038628,,,0.2875316,0.28363353
0.57877994,0.592458,0.8893883,0.28184962,0.2969303,0.3106084,,,0.2742738,0.28089714,,,0.28017288,0.29409534
0.58591616,0.5743767,0.89036095,0.2699319,0.31598425,0.3044448,,,0.27197945,0.2548495,,,0.2917667,0.2745508
0.58674085,0.57477045,0.8898565,0.27165478,0.31508607,0.30311567,,,0.27644897,0.27077997,,,0.29094988,0.28674263
0.57755804,0.57782316,0.889789,0.26559222,0.31196582,0.31223094,,,0.2745843,0.25816143,,,0.28715062,0.281433
0.582362,0.5779819,0.8892911,0.27105278,0.31130922,0.3069291,,,0.27483726,0.27216876,,,0.29227573,0.2825002
0.57827413,0.58113277,0.88979834,0.26960856,0.30866557,0.3115242,,,0.2752065,0.28987116,,,0.28536028,0.2890994
0.58037716,0.58018893,0.8911831,0.269383,0.31099415,0.31080592,,,0.25025553,0.2724408,,,0.27593905,0.28865916
0.5780318,0.5776957,0.88931143,0.26641607,0.3116157,0.31127965,,,0.28111422,0.2681383,,,0.2906441,0.28946233
0.5797585,0.5790708,0.89009905,0.26873028,0.31102824,0.31034052,,,0.28784913,0.27005017,,,0.28679812,0.2800246
0.57549703,0.584772,0.8900093,0.27025974,0.3052373,0.31451225,,,0.25865328,0.29040164,,,0.2795499,0.29788357
0.5801978,0.58564836,0.8903928,0.27545333,0.30474448,0.31019503,,,0.26751012,0.27827072,,,0.28417206,0.28872323
0.5750871,0.585042,0.8887837,0.27134538,0.3037417,0.31369662,,,0.2781638,0.28395563,,,0.2847467,0.28729165
0.59013796,0.5806966,0.88869166,0.28214288,0.30799508,0.2985537,,,0.25682592,0.281753,,,0.28224164,0.28584546
0.58304954,0.58039147,0.8896985,0.27374244,0.3093071,0.30664903,,,0.27335346,0.2574678,,,0.29044145,0.27877724
0.57921326,0.5836587,0.89341223,0.26945972,0.30975354,0.31419897,,,0.29500526,0.29797465,,,0.29266483,0.29671872
0.57964337,0.5779989,0.889415,0.26822722,0.31141615,0.30977166,,,0.2795633,0.27581775,,,0.29154545,0.2857942
0.57134223,0.57375455,0.8856812,0.25941557,0.31192666,0.31433898,,,0.24788809,0.25529033,,,0.27444953,0.28578925
0.5813472,0.5814812,0.8883107,0.27451777,0.30682945,0.30696344,,,0.26641417,0.26664352,,,0.2837019,0.28638226
0.5799671,0.59022135,0.8910985,0.27908993,0.30087715,0.31113142,,,0.27473813,0.26743585,,,0.28000093,0.28356266
0.5865989,0.58879375,0.889638,0.28575462,0.30084425,0.30303913,,,0.27905756,0.27374792,,,0.2893088,0.28653324
0.58511406,0.57386804,0.89123774,0.2677443,0.31736976,0.30612373,,,0.29121763,0.2858913,,,0.29878312,0.2855513
0.5846998,0.58279276,0.8912508,0.27624184,0.30845797,0.30655092,,,0.26335394,0.2718218,,,0.2864325,0.28791428
0.5766756,0.5815753,0.8891026,0.26914823,0.30752736,0.31242704,,,0.26351976,0.26474643,,,0.2862966,0.28270918
0.5742916,0.5758529,0.88822836,0.2619161,0.3123755,0.31393677,,,0.2591139,0.2660914,,,0.27694076,0.2879913
0.57396245,0.5769751,0.8898563,0.26108128,0.31288117,0.31589383,,,0.27199972,0.26836324,,,0.28599596,0.28998113
0.57431066,0.57784736,0.88837636,0.26378167,0.310529,0.3140657,,,0.25108343,0.24218017,,,0.27917582,0.2746917
0.58170426,0.5766141,0.88961047,0.2687078,0.31299645,0.30790627,,,0.26330465,0.28403074,,,0.28483593,0.29345292
0.5762794,0.5835588,0.8896296,0.2702086,0.3060708,0.3133502,,,0.27635348,0.26232708,,,0.2863434,0.287149
0.59132826,0.577667,0.8915283,0.27746695,0.3138613,0.30020005,,,0.27908552,0.27182227,,,0.29250628,0.28115916
0.5782919,0.5784136,0.8907611,0.26594442,0.31234747,0.31246918,,,0.24557501,0.2613539,,,0.27608424,0.28447813
0.57378614,0.5857622,0.88742536,0.27212292,0.30166322,0.31363928,,,0.26295424,0.2946846,,,0.27265888,0.29765767
0.5762999,0.5869159,0.88999844,0.27321744,0.30308247,0.31369847,,,0.2498048,0.29311252,,,0.27169168,0.2952907
0.5898425,0.5806453,0.8914363,0.2790516,0.3107909,0.30159372,,,0.29001164,0.25782663,,,0.2962317,0.27211708
0.5758488,0.58174264,0.8886881,0.26890337,0.30694544,0.31283927,,,0.26111686,0.27533644,,,0.28107947,0.28840172
0.58156705,0.57994723,0.8912608,0.27025348,0.31131357,0.30969375,,,0.26158178,0.27009165,,,0.2798797,0.29136044
0.5874799,0.5807531,0.8893316,0.27890134,0.30857855,0.30185175,,,0.29053295,0.26713133,,,0.2922833,0.2850746
0.5868415,0.58225214,0.8910018,0.2780918,0.30874974,0.30416036,,,0.28633928,0.29185635,,,0.29190743,0.28721547
0.57682323,0.58535177,0.89176893,0.270406,0.30641723,0.31494576,,,0.29375398,0.282452,,,0.2926274,0.29654628
0.58867455,0.5804865,0.89081144,0.27834964,0.3103249,0.30213684,,,0.26931405,0.2657414,,,0.29097885,0.27988666
0.5916221,0.5764617,0.8913711,0.27671272,0.3149094,0.29974896,,,0.28465492,0.29832178,,,0.29378104,0.28998893
0.5809899,0.5814806,0.8902225,0.2722481,0.3087418,0.30923253,,,0.26350647,0.29173815,,,0.27765173,0.29012406
0.5838913,0.57696104,0.8891243,0.27172804,0.31216323,0.305233,,,0.2884133,0.26660258,,,0.2942868,0.28160077
0.584761,0.5760788,0.8885979,0.2722419,0.31251913,0.30383688,,,0.28263485,0.25656468,,,0.28885287,0.27282912
0.58382934,0.58170545,0.89060986,0.27492487,0.30890447,0.30678058,,,0.2677266,0.26215088,,,0.28197372,0.28033108
0.58076966,0.5929853,0.8900543,0.28370064,0.297069,0.30928463,,,0.28441584,0.28274173,,,0.28133225,0.28982413
0.572692,0.5801238,0.89062583,0.26218998,0.310502,0.3179338,,,0.26013178,0.25103462,,,0.28067696,0.28267157
0.5786084,0.5859847,0.8908832,0.2737099,0.3048985,0.3122748,,,0.2728693,0.27963108,,,0.28422964,0.2938305
0.5777446,0.5845207,0.8897609,0.2725044,0.3052402,0.3120163,,,0.27314115,0.28314316,,,0.2748599,0.28808326
0.58578134,0.57989645,0.8916721,0.2740057,0.31177562,0.30589074,,,0.28503674,0.26482612,,,0.29450017,0.28073442
0.5872661,0.5722784,0.89138037,0.2681641,0.319102,0.30411428,,,0.28565717,0.24041283,,,0.298263,0.27222365
0.57391405,0.581555,0.8897262,0.26574284,0.3081712,0.31581217,,,0.2581687,0.27252227,,,0.28106463,0.2864967
0.5859032,0.5754881,0.88887835,0.2725129,0.3133903,0.30297518,,,0.27553385,0.27383512,,,0.29114503,0.27863926
0.576268,0.5758791,0.8870704,0.26507664,0.31119138,0.31080246,,,0.26337838,0.25033534,,,0.28335685,0.28037924
0.5830513,0.5794567,0.89080185,0.27170616,0.31134516,0.30775052,,,0.28573126,0.27203172,,,0.29490197,0.2837807
0.57900643,0.56964123,0.8888225,0.25982517,0.31918126,0.30981606,,,0.24760258,0.27734774,,,0.2840054,0.2848832
0.5849073,0.5783755,0.8912469,0.27203596,0.31287134,0.30633956,,,0.28316343,0.2698983,,,0.2873599,0.28201538
0.5836361,0.58202106,0.888598,0.27705914,0.30657697,0.30496192,,,0.2817483,0.27497375,,,0.2875452,0.28497612
0.575233,0.58395404,0.88846815,0.27071893,0.30451405,0.3132351,,,0.26991588,0.26151276,,,0.27817285,0.27726847
0.5828539,0.5799878,0.8896648,0.27317697,0.30967695,0.30681086,,,0.2740494,0.27295202,,,0.28801548,0.28231347
0.5848377,0.5823871,0.89036363,0.27686113,0.30797654,0.30552596,,,0.2733726,0.27808845,,,0.2890013,0.28502756
0.5841943,0.5804527,0.8883493,0.2762977,0.3078966,0.304155,,,0.2665227,0.2804274,,,0.28633362,0.2915783
0.57601583,0.5813054,0.8905528,0.2667684,0.30924743,0.314537,,,0.2699356,0.25474906,,,0.2823488,0.28038007
0.57527876,0.58345604,0.889488,0.26924682,0.30603194,0.31420922,,,0.2613573,0.2773754,,,0.27622408,0.2844916
0.582574,0.5754534,0.8901931,0.2678343,0.3147397,0.3076191,,,0.2597211,0.2510298,,,0.28320748,0.27392936
0.57362413,0.5874095,0.8901661,0.27086753,0.3027566,0.31654197,,,0.26485914,0.2874961,,,0.2769012,0.29719704
0.5792239,0.57853043,0.8907735,0.26698083,0.31224304,0.3115496,,,0.27085525,0.26417965,,,0.28465044,0.27997506
0.5869101,0.5870294,0.8925561,0.2813834,0.30552673,0.305646,,,0.28923965,0.28838098,,,0.28797197,0.29217762
0.5776764,0.5816385,0.8881313,0.27118355,0.30649287,0.31045496,,,0.29150015,0.2660101,,,0.29167658,0.281012
0.5746174,0.5828439,0.89053607,0.26692522,0.30769217,0.31591868,,,0.2603951,0.2691778,,,0.2774896,0.28518617
0.5786975,0.579406,0.89104646,0.267057,0.3116405,0.31234902,,,0.28154355,0.2744605,,,0.2837621,0.2857436
0.57810825,0.58407664,0.89079446,0.2713905,0.30671775,0.31268615,,,0.27503192,0.26205808,,,0.28371227,0.28340173
0.5736271,0.57890683,0.88691026,0.26562375,0.30800337,0.3132831,,,0.2678584,0.2595814,,,0.28332788,0.28261852
0.5802138,0.58191276,0.8907578,0.27136874,0.30884504,0.310544,,,0.26952153,0.27265757,,,0.27851683,0.28294307
0.57978123,0.5847176,0.8916235,0.2728753,0.30690593,0.31184226,,,0.27352542,0.2798041,,,0.28765655,0.29376465
0.58243155,0.5757663,0.88962775,0.26857013,0.31386143,0.3071962,,,0.28554952,0.2711094,,,0.28939152,0.28125703
0.5843544,0.57654476,0.8887988,0.2721004,0.312254,0.30444437,,,0.2922513,0.2686404,,,0.3010254,0.28281355
0.5700209,0.56909573,0.88685054,0.2522661,0.3177548,0.31682962,,,0.22960496,0.27363455,,,0.2660222,0.28934348
0.59127045,0.5833924,0.8937454,0.2809174,0.31035304,0.30247498,,,0.29641086,0.2713651,,,0.29652727,0.2875247
0.5802655,0.57758665,0.89004457,0.2678076,0.31245792,0.30977905,,,0.2747447,0.2668782,,,0.28735965,0.28484517
0.58607066,0.57840395,0.89021385,0.27426076,0.3118099,0.3041432,,,0.30256432,0.27730608,,,0.29890525,0.28442103
0.58374465,0.58324754,0.8902414,0.2767508,0.30699384,0.30649674,,,0.28174967,0.26040453,,,0.29027313,0.28122067
0.58029044,0.5749321,0.891683,0.26353955,0.31675088,0.31139255,,,0.2727195,0.27397686,,,0.28696352,0.28678244
0.58216953,0.5812243,0.88822436,0.2751695,0.30700004,0.30605483,,,0.27931225,0.2741965,,,0.28607124,0.28722507
0.5804148,0.5768144,0.88801014,0.26921904,0.31119573,0.30759537,,,0.27607685,0.26034832,,,0.2881242,0.27800655
0.5785601,0.581287,0.8878763,0.27197087,0.30658925,0.30931616,,,0.26971513,0.27667952,,,0.27361757,0.28343725
0.58978987,0.58343697,0.88995755,0.2832693,0.30652058,0.30016768,,,0.2783308,0.28788155,,,0.28715396,0.29141736
0.58811074,0.5784439,0.89129746,0.27525723,0.31285352,0.30318666,,,0.2830028,0.2698967,,,0.2942918,0.28214687
0.57784843,0.584533,0.8892258,0.27315563,0.3046928,0.31137735,,,0.267272,0.28285438,,,0.2766304,0.2927816
0.58208174,0.5916103,0.8914237,0.2822683,0.29981345,0.30934203,,,0.29148334,0.28733212,,,0.28486192,0.29093266
0.57782644,0.575253,0.8900949,0.26298463,0.3148418,0.31226838,,,0.26897228,0.26880687,,,0.2875452,0.2834602
0.5815909,0.5884507,0.89080524,0.27923632,0.30235457,0.30921435,,,0.298083,0.27529472,,,0.29455465,0.28357542
0.5742125,0.5803063,0.89069784,0.263821,0.3103915,0.3164853,,,0.27134335,0.26580143,,,0.28945374,0.28675085
0.58168525,0.5793213,0.8891742,0.27183235,0.3098529,0.30748898,,,0.26656216,0.26995665,,,0.28007507,0.28849316
0.5799743,0.57457113,0.8887201,0.26582533,0.31414896,0.3087458,,,0.264696,0.2625112,,,0.28196776,0.27945954
0.5843151,0.5811982,0.89171964,0.27379364,0.31052148,0.30740458,,,0.2699874,0.2578091,,,0.28411084,0.27983832
0.5890349,0.5772264,0.8927019,0.2735594,0.31547552,0.303667,,,0.29828393,0.26865667,,,0.30263513,0.28351903
0.5851803,0.58067846,0.88946265,0.2763961,0.3087842,0.30428237,,,0.26107514,0.26499164,,,0.28398955,0.28771937
0.5750608,0.58225095,0.88806987,0.2692418,0.30581897,0.31300914,,,0.26845652,0.26694715,,,0.28653324,0.28238595
0.5837755,0.59044397,0.8902756,0.2839439,0.29983163,0.30650008,,,0.2665739,0.2898454,,,0.2805826,0.29664528
0.59148455,0.57814217,0.888917,0.28070968,0.31077486,0.29743248,,,0.28009754,0.2551126,,,0.29255068,0.2707035
0.58721244,0.57600206,0.8908057,0.27240872,0.31480372,0.30359334,,,0.2923863,0.27451992,,,0.29717928,0.28030205
0.58371687,0.58630306,0.8916797,0.27834016,0.3053767,0.3079629,,,0.26899976,0.28597158,,,0.28072858,0.2920736
0.58008283,0.5843842,0.89219517,0.27227193,0.3078109,0.31211227,,,0.26445907,0.27951336,,,0.27829373,0.28938317
0.5713557,0.57901907,0.887947,0.26242775,0.30892795,0.31659132,,,0.26163888,0.27410007,,,0.2791546,0.29131967
0.57919633,0.5758525,0.8877827,0.26726615,0.31193018,0.30858636,,,0.2609399,0.2756304,,,0.2850935,0.28663272
0.58195734,0.5719254,0.88683105,0.2670517,0.31490564,0.3048737,,,0.2689705,0.26066244,,,0.29045075,0.28219563
0.5823541,0.58149517,0.8892498,0.27459955,0.30775458,0.3068956,,,0.26775265,0.26636612,,,0.280338,0.28370297
0.5865256,0.58429396,0.8927226,0.2780969,0.3084287,0.30619705,,,0.2886697,0.29237062,,,0.29443145,0.29544675
0.5795059,0.5889901,0.89158744,0.27690858,0.30259734,0.31208152,,,0.289119,0.28485608,,,0.28722864,0.2945404
0.5834585,0.5890122,0.89237624,0.28009444,0.30336404,0.30891776,,,0.28651696,0.27399987,,,0.2913316,0.29002434
0.57617974,0.58613735,0.89219725,0.2701198,0.30605996,0.31601757,,,0.26252055,0.28834945,,,0.2781381,0.297462
0.56737316,0.577229,0.88658524,0.25801694,0.3093562,0.31921208,,,0.24754483,0.27287483,,,0.26856536,0.28726614
0.5850191,0.5725846,0.8911402,0.26646352,0.3185556,0.3061211,,,0.27156204,0.24881214,,,0.28677052,0.2705555
0.5816574,0.5846703,0.8913289,0.27499884,0.30665857,0.30967146,,,0.25582212,0.29586673,,,0.27915406,0.29873568
0.58390063,0.5886978,0.89095616,0.2816422,0.30225843,0.3070556,,,0.28814238,0.29433215,,,0.28677863,0.29560488
0.578753,0.5810299,0.88985324,0.26992965,0.30882335,0.31110024,,,0.2757874,0.26202887,,,0.28550893,0.28208315
0.5765362,0.5726005,0.88755715,0.2615795,0.31495667,0.31102097,,,0.23981315,0.24457937,,,0.27236468,0.2722649
0.58106506,0.57825744,0.89062536,0.26869714,0.31236792,0.3095603,,,0.26644945,0.28271854,,,0.28775626,0.29131728
0.58480227,0.57331455,0.88973147,0.26838535,0.31641692,0.3049292,,,0.2720968,0.24409741,,,0.28686458,0.27065903
0.5797016,0.5776739,0.8884416,0.26893395,0.31076765,0.30873996,,,0.2581184,0.26082635,,,0.27866578,0.27590925
0.57673836,0.57437897,0.8876389,0.2634784,0.31325996,0.31090057,,,0.25020826,0.2697506,,,0.27948964,0.2904721
0.5829523,0.58600676,0.89122146,0.27773768,0.30521464,0.30826908,,,0.28106016,0.2977364,,,0.28417957,0.29252064
0.5801884,0.57790756,0.8873173,0.27077866,0.30940974,0.3071289,,,0.26880145,0.25025618,,,0.28379685,0.27441347
0.58067465,0.57600737,0.8894227,0.2672593,0.31341535,0.30874807,,,0.27577072,0.25765544,,,0.2876585,0.2801324
0.57786214,0.5836315,0.89089555,0.2705981,0.30726403,0.3130334,,,0.26705188,0.26267564,,,0.28214335,0.28719407
0.58284366,0.5872325,0.8919154,0.27816075,0.3046829,0.30907172,,,0.2793824,0.27493107,,,0.28590047,0.2888325
0.5798327,0.5819838,0.88987446,0.27194202,0.30789065,0.3100418,,,0.24997413,0.25773877,,,0.27613074,0.2785781
0.57665044,0.5783808,0.8893021,0.26572913,0.3109213,0.3126517,,,0.24848676,0.2530552,,,0.27722657,0.27884996
0.5820937,0.5825143,0.89210224,0.27250576,0.30958796,0.31000853,,,0.27753425,0.2898525,,,0.29060483,0.295125
0.5850849,0.579509,0.89105725,0.27353668,0.31154823,0.30597234,,,0.2957341,0.27752495,,,0.30033237,0.2836609
0.57742673,0.5839486,0.8880701,0.27330518,0.30412155,0.31064343,,,0.24477619,0.27439004,,,0.27152127,0.28340805
0.5850419,0.5821935,0.890419,0.27681637,0.3082255,0.30537713,,,0.29265314,0.26390946,,,0.29316366,0.2831694
0.58604276,0.5876865,0.89048433,0.28324485,0.3027979,0.30444163,,,0.28408557,0.287615,,,0.28829092,0.28849387
0.58365744,0.5868421,0.8906853,0.27981424,0.3038432,0.30702788,,,0.2707497,0.26749313,,,0.28231847,0.2852016
0.5825112,0.5822525,0.89141244,0.27335125,0.30915993,0.30890125,,,0.26007718,0.27084786,,,0.27865505,0.28936732
0.57909244,0.57191265,0.88882256,0.26218247,0.31690997,0.30973017,,,0.2604097,0.26443994,,,0.28641522,0.28238106
0.58389163,0.57819337,0.8883607,0.27372438,0.31016725,0.304469,,,0.2822383,0.25918072,,,0.29093647,0.27412063
0.5891428,0.58128536,0.89128655,0.2791416,0.3100012,0.30214375,,,0.2883113,0.2845385,,,0.2975496,0.28537935
0.59512115,0.57823986,0.8914582,0.28190285,0.3132183,0.296337,,,0.2990136,0.28186917,,,0.30302793,0.28627485
0.5826491,0.5856414,0.89117,0.27712047,0.30552864,0.3085209,,,0.2637186,0.25768334,,,0.281111,0.28103733
0.58879375,0.5790792,0.8912295,0.2766434,0.31215036,0.30243582,,,0.28737462,0.26394534,,,0.29161412,0.2805667
0.5803329,0.5734567,0.8889743,0.2648152,0.31551766,0.3086415,,,0.2602998,0.24701363,,,0.2829991,0.2758454
0.5761808,0.58029634,0.8893672,0.26711,0.30907083,0.31318635,,,0.26189363,0.26645255,,,0.28154832,0.28482044
0.57370436,0.5843227,0.8912004,0.26682663,0.30687773,0.31749606,,,0.22310722,0.25749415,,,0.26792073,0.28308636
0.57919514,0.5795435,0.88895106,0.26978755,0.3094076,0.30975592,,,0.2701015,0.25999337,,,0.28511852,0.2846917
0.5689764,0.5844108,0.8903993,0.2629879,0.3059885,0.32142287,,,0.2573135,0.27348864,,,0.27552676,0.29287577
0.58200455,0.58026665,0.8886198,0.27365148,0.30835307,0.30661517,,,0.27724504,0.27663922,,,0.29029197,0.28592205
0.58161676,0.5796725,0.892167,0.26912224,0.31249452,0.31055027,,,0.27148843,0.28270167,,,0.28854352,0.29095995
0.582003,0.57962143,0.8890752,0.2725492,0.3094538,0.30707222,,,0.28883523,0.27889383,,,0.29604387,0.28673327
0.5781127,0.5801029,0.8901298,0.26808584,0.31002688,0.31201708,,,0.28156066,0.27108914,,,0.29094857,0.2886793
0.587205,0.5890168,0.8912877,0.28493416,0.30227083,0.30408263,,,0.27808684,0.2750256,,,0.28877258,0.28691548
0.5836178,0.58009994,0.8872694,0.27644837,0.30716944,0.30365157,,,0.27840728,0.26398116,,,0.28292137,0.28003126
0.5842019,0.57231367,0.888412,0.2681036,0.31609827,0.30421007,,,0.2672372,0.23494208,,,0.28421223,0.26517045
0.5811351,0.5806597,0.8889405,0.27285427,0.30828083,0.30780542,,,0.2395944,0.2599939,,,0.27206993,0.2780177
0.5842072,0.57729864,0.8923161,0.26918972,0.31501746,0.30810893,,,0.2935428,0.27130616,,,0.29127795,0.2814831
0.58534515,0.58499324,0.891752,0.2785864,0.30675876,0.30640686,,,0.2715081,0.28706932,,,0.28343475,0.29222655
0.57794166,0.5834437,0.88937646,0.27200884,0.30593282,0.31143486,,,0.28431213,0.26256776,,,0.2877952,0.28102255
0.5779798,0.5772929,0.8896757,0.26559705,0.31238276,0.31169587,,,0.2786637,0.26393217,,,0.28689623,0.28150356
0.5851644,0.58282757,0.8900933,0.27789867,0.30726576,0.3049289,,,0.26285607,0.25700432,,,0.2848435,0.28107262
0.58835506,0.5769367,0.89049345,0.27479833,0.31355673,0.3021384,,,0.27612525,0.2612012,,,0.28946286,0.27796227
0.59301764,0.5804393,0.8936137,0.2798432,0.31317443,0.30059612,,,0.2846489,0.27199835,,,0.2949831,0.28016162
0.5742105,0.5745137,0.88674724,0.26197696,0.31223357,0.31253672,,,0.26412803,0.26577735,,,0.28410077,0.28120923
0.5873969,0.5815573,0.889326,0.27962816,0.30776876,0.30192912,,,0.26671904,0.2616068,,,0.28668708,0.2808879
0.5721802,0.5770676,0.8903388,0.2589091,0.3132711,0.3181585,,,0.27285665,0.2716285,,,0.2863052,0.29218996
0.58172065,0.58289397,0.88935417,0.2752605,0.30646014,0.30763346,,,0.27824974,0.2934692,,,0.28606075,0.29215157
0.5834326,0.5774072,0.8879153,0.27292448,0.31050813,0.3044827,,,0.2594663,0.27739644,,,0.28583664,0.28131336
0.58162296,0.5875175,0.89247614,0.27666432,0.30495864,0.31085318,,,0.27691197,0.28356564,,,0.2787745,0.2903155
0.5853242,0.582145,0.8901246,0.27734464,0.30797958,0.30480033,,,0.282107,0.2680797,,,0.29046243,0.28226697
0.57828534,0.582091,0.89026475,0.27011156,0.30817378,0.3119794,,,0.2644378,0.28675604,,,0.28163123,0.2971152
0.5832379,0.5761807,0.8882636,0.271155,0.3120829,0.3050257,,,0.27529818,0.27142555,,,0.28673398,0.28258014
0.5885883,0.58759,0.89137703,0.2848012,0.3037871,0.3027888,,,0.29767275,0.29205883,,,0.2938627,0.29496372
0.57971275,0.5817833,0.89008254,0.2714135,0.30829924,0.3103698,,,0.25604862,0.25222182,,,0.27606934,0.28267944
0.57652396,0.58472484,0.8913831,0.2698657,0.30665827,0.31485915,,,0.27730584,0.26011944,,,0.28757882,0.28273517
0.5745164,0.58817875,0.891584,0.2711112,0.30340523,0.31706756,,,0.27162617,0.28332394,,,0.2796839,0.2937141
0.5807941,0.5836368,0.88957924,0.27485162,0.30594248,0.3087852,,,0.2985562,0.261046,,,0.2962473,0.28112447
0.5797267,0.5764761,0.8883341,0.2678687,0.311858,0.3086074,,,0.2657587,0.24089587,,,0.27973408,0.26629448
0.5779499,0.5854408,0.8906812,0.27270943,0.30524045,0.3127314,,,0.27230126,0.2684719,,,0.2807421,0.288154
0.58473575,0.5804176,0.8915425,0.27361077,0.31112498,0.3068068,,,0.25997758,0.27602726,,,0.27946752,0.28141022
0.5834639,0.5886471,0.8916881,0.28042293,0.30304098,0.3082242,,,0.2897507,0.29502285,,,0.28777385,0.29565942
0.57533556,0.57899106,0.88642675,0.26789993,0.30743563,0.31109113,,,0.2504421,0.25606012,,,0.27493256,0.27557212
0.58259463,0.57343686,0.88686407,0.26916742,0.3134272,0.30426943,,,0.25857276,0.25327945,,,0.28816104,0.26968658
0.5945673,0.5852318,0.8927664,0.28703266,0.30753464,0.29819912,,,0.2924736,0.30100352,,,0.28799325,0.28928232
0.57740736,0.5917239,0.8907878,0.2783435,0.29906386,0.31338042,,,0.27828574,0.30032653,,,0.28370863,0.29801363
0.590295,0.574276,0.8899974,0.27457362,0.3157214,0.29970235,,,0.29282826,0.28112143,,,0.29559582,0.28216165
0.57289755,0.5803363,0.8892168,0.264017,0.30888057,0.3163193,,,0.2859627,0.29147494,,,0.28821737,0.29062134
0.5772426,0.58257866,0.890563,0.26925826,0.30798435,0.3133204,,,0.2699368,0.288554,,,0.2852556,0.2946757
0.5812384,0.57899153,0.89019644,0.27003348,0.3112049,0.30895805,,,0.25692648,0.25176936,,,0.28212494,0.27479005
0.5848713,0.5827185,0.89179724,0.27579254,0.30907875,0.30692595,,,0.27395707,0.2617333,,,0.28384274,0.2828074
0.58419293,0.5784536,0.88963085,0.27301568,0.31117725,0.30543792,,,0.28779793,0.26888907,,,0.2965986,0.28220457
0.580027,0.58463156,0.89144367,0.27321488,0.3068121,0.3114167,,,0.26331812,0.26766884,,,0.28101027,0.28583062
0.58699006,0.57444644,0.888331,0.27310556,0.3138845,0.30134088,,,0.25856936,0.26374644,,,0.2816521,0.27401996
0.58124113,0.5793794,0.8884016,0.27221882,0.3090223,0.30716056,,,0.27191794,0.28503144,,,0.2900443,0.29066336
0.57440305,0.57993925,0.88747555,0.26686674,0.3075363,0.3130725,,,0.28282732,0.26899683,,,0.2885791,0.28374225
0.577349,0.57161605,0.88867813,0.260287,0.31706202,0.31132907,,,0.27067864,0.24669361,,,0.282184,0.27356035
0.57755625,0.58110654,0.89118934,0.26747346,0.3100828,0.31363308,,,0.269383,0.27197677,,,0.28640646,0.28089684
0.5735127,0.582479,0.8917261,0.2642656,0.30924708,0.3182134,,,0.26159394,0.25732547,,,0.28392738,0.2831096
0.5797763,0.5741675,0.8899906,0.26395315,0.31582314,0.31021434,,,0.27482402,0.25231457,,,0.29052097,0.28092903
0.5796952,0.57868147,0.89097154,0.26740515,0.31229007,0.31127632,,,0.28169382,0.27298492,,,0.28666955,0.28687018
0.5812309,0.5801523,0.89023995,0.2711432,0.31008768,0.30900908,,,0.2672785,0.28274816,,,0.2835093,0.2879547
0.57706857,0.5784185,0.88707995,0.2684071,0.30866146,0.3100114,,,0.26630306,0.2753867,,,0.28435898,0.28825516
0.58423245,0.58237076,0.8904133,0.27618992,0.30804253,0.30618083,,,0.27210766,0.27027678,,,0.28256106,0.28894573
0.5815798,0.57977736,0.8881043,0.27325284,0.30832696,0.30652452,,,0.27381814,0.28390157,,,0.2885986,0.28893363
0.57035065,0.56994987,0.88730884,0.25299168,0.31735897,0.3169582,,,0.25080448,0.24623227,,,0.28069985,0.27143866
0.5892372,0.5829863,0.8891373,0.28308624,0.30615097,0.29990005,,,0.2543888,0.26986486,,,0.28241396,0.2855758
0.5914774,0.57341766,0.89067596,0.2742191,0.3172583,0.29919857,,,0.28971523,0.26946646,,,0.29770476,0.28266066
0.56725466,0.5823493,0.8884448,0.26115918,0.30609548,0.32119012,,,0.24735928,0.28006333,,,0.2716633,0.29784745
0.58415866,0.583073,0.89133143,0.27590024,0.3082584,0.30717278,,,0.26988673,0.28875798,,,0.28565633,0.29110122
0.5797155,0.5794624,0.8895677,0.26961023,0.31010526,0.30985218,,,0.27376515,0.26952213,,,0.28860986,0.28553867
0.5786331,0.5826756,0.89013755,0.2711712,0.30746192,0.31150436,,,0.27585524,0.2660486,,,0.28519654,0.28669542
0.57901376,0.58847594,0.88920856,0.2782812,0.30073255,0.31019473,,,0.25690544,0.2796842,,,0.27585483,0.2893483
0.58305717,0.59051895,0.89125055,0.28232557,0.3007316,0.3081934,,,0.2650057,0.2769301,,,0.27934784,0.28639537
0.5784796,0.57935864,0.8876041,0.2702341,0.30824548,0.30912453,,,0.24665433,0.2608629,,,0.2734151,0.2826984
0.5836975,0.57783645,0.8914665,0.27006745,0.31363004,0.307769,,,0.2633133,0.27271885,,,0.2814123,0.28403312
0.5821873,0.57122386,0.8881291,0.26528203,0.31690526,0.30594182,,,0.2626096,0.23992121,,,0.28459787,0.27116203
0.58412373,0.5828449,0.8906068,0.27636176,0.30776197,0.30648315,,,0.26884145,0.27367884,,,0.28628016,0.28621703
0.58337915,0.5787386,0.89030296,0.27181476,0.3115644,0.3069238,,,0.2755531,0.2585321,,,0.28708345,0.28218824
0.5714907,0.5881885,0.8894025,0.27027667,0.30121404,0.31791186,,,0.26590484,0.2918862,,,0.2802227,0.29833674
0.5823206,0.5824485,0.8907113,0.27405775,0.30826283,0.30839074,,,0.26290935,0.27952957,,,0.27981287,0.28510487
0.5837828,0.578974,0.890417,0.27233982,0.31144297,0.3066342,,,0.2795822,0.26756263,,,0.29214144,0.2865336
0.5803155,0.5719286,0.8898939,0.2623502,0.31796527,0.30957842,,,0.27554375,0.26348293,,,0.28655362,0.28110498
0.58333385,0.5780449,0.89102155,0.2703572,0.31297666,0.3076877,,,0.2434439,0.29535067,,,0.2761464,0.29824692
0.58053637,0.5840552,0.8922082,0.27238333,0.30815303,0.31167185,,,0.28115898,0.25921482,,,0.28843784,0.28218675
0.5812426,0.5803139,0.88954777,0.27200872,0.3092339,0.3083052,,,0.24314725,0.27574146,,,0.27801102,0.28691638
0.5820813,0.5792893,0.8895675,0.27180314,0.31027818,0.30748618,,,0.2646793,0.26771224,,,0.2803328,0.2831331
0.5896581,0.572304,0.8913076,0.27065444,0.31900364,0.30164957,,,0.27294016,0.2595532,,,0.28917408,0.2765088
0.58337975,0.5799582,0.8917714,0.27156657,0.31181318,0.30839163,,,0.28355896,0.30389243,,,0.2917313,0.294308
0.5857398,0.5842736,0.891001,0.27901244,0.30672735,0.30526114,,,0.27462196,0.24893165,,,0.290174,0.2795372
0.57630825,0.5865928,0.8891769,0.27372414,0.3025841,0.31286865,,,0.27194846,0.25944567,,,0.28007275,0.28328818
0.5779698,0.58491564,0.8895184,0.27336705,0.30460274,0.3115486,,,0.2515092,0.28561133,,,0.2785431,0.29570025
0.57947093,0.58716005,0.89008003,0.27655095,0.30291998,0.3106091,,,0.2949372,0.2807511,,,0.29043257,0.29066175
0.5854238,0.5787576,0.8917178,0.27246368,0.31296015,0.3062939,,,0.26814437,0.2544353,,,0.28686333,0.2792346
0.5733465,0.57727695,0.88775194,0.2628715,0.310475,0.31440544,,,0.23207432,0.24740529,,,0.26808786,0.27284324
0.58293986,0.5780088,0.88773227,0.27321637,0.3097235,0.3047924,,,0.27887708,0.27874905,,,0.28740263,0.28484422
0.58045876,0.57290083,0.88935286,0.2640068,0.31645197,0.30889404,,,0.27513474,0.26332867,,,0.29375488,0.2852924
0.5833143,0.580438,0.8895094,0.27424294,0.30907136,0.30619508,,,0.28290552,0.2883979,,,0.28524584,0.28673488
0.5890058,0.5815334,0.89108205,0.2794571,0.30954874,0.30207628,,,0.27864498,0.27633244,,,0.2901817,0.2839225
0.57871985,0.5800692,0.88970274,0.2690863,0.30963355,0.31098288,,,0.27180445,0.25370437,,,0.28455287,0.28327507
0.58489925,0.5780761,0.8925914,0.2703839,0.31451535,0.30769223,,,0.282427,0.2878093,,,0.2881301,0.29130793
0.5759368,0.57932293,0.8890099,0.26624984,0.30968696,0.3130731,,,0.26752454,0.26298302,,,0.28195333,0.28043282
0.5797889,0.57594335,0.88943666,0.2662956,0.3134933,0.30964774,,,0.25857425,0.26324105,,,0.28098017,0.2783578
0.5799894,0.585272,0.88997227,0.27528912,0.30470026,0.3099829,,,0.28484988,0.2695033,,,0.28463304,0.2896825
0.5770408,0.57606494,0.8902405,0.26286525,0.31417555,0.3131997,,,0.27303535,0.26937503,,,0.28537232,0.2874567
0.5768615,0.5756104,0.8859539,0.266518,0.3103435,0.3090924,,,0.2601248,0.25552422,,,0.2810443,0.27790982
0.584494,0.5846416,0.88747424,0.28166133,0.30283266,0.30298024,,,0.28111416,0.2718727,,,0.28729188,0.28383714
0.5830478,0.57463235,0.89090264,0.26677752,0.3162703,0.30785483,,,0.2656957,0.26148242,,,0.28728437,0.2809928
0.5759027,0.57969344,0.889605,0.26599115,0.30991155,0.3137023,,,0.24741024,0.28139848,,,0.27638388,0.28989106
0.58248806,0.58593416,0.89014494,0.27827728,0.30421078,0.30765688,,,0.26189637,0.27085918,,,0.28168344,0.2883461
0.5818449,0.58390933,0.8893052,0.27644914,0.30539578,0.3074602,,,0.2695365,0.2667371,,,0.2857095,0.28203022
0.5866492,0.5761466,0.8876776,0.27511817,0.311531,0.30102843,,,0.2744394,0.2703727,,,0.28703946,0.28444415
0.57787496,0.5795415,0.88893163,0.26848483,0.30939013,0.31105667,,,0.27695805,0.26419592,,,0.2875833,0.28502208
0.5769018,0.57341963,0.8878339,0.2624876,0.3144142,0.31093204,,,0.26313752,0.2757485,,,0.2816993,0.2809406
0.5742784,0.57644856,0.88782156,0.26290548,0.31137294,0.31354308,,,0.2669896,0.24163705,,,0.27876872,0.2735837
0.5860113,0.5698508,0.89017314,0.26568896,0.32032233,0.30416185,,,0.26184118,0.25915962,,,0.29102182,0.28056562
0.5828011,0.585323,0.8921405,0.27598357,0.30681753,0.3093394,,,0.27391905,0.26360542,,,0.286848,0.27942562
0.5763798,0.58007365,0.888523,0.2679304,0.3084494,0.31214327,,,0.2689491,0.2503386,,,0.2871731,0.28008264
0.58145845,0.5806441,0.8888828,0.27321965,0.3082388,0.30742443,,,0.29258913,0.27225822,,,0.29075092,0.27811068
0.57440794,0.57974035,0.8890235,0.26512486,0.30928308,0.3146155,,,0.26476574,0.27239984,,,0.2777171,0.28809708
0.5850806,0.57724226,0.8905377,0.2717852,0.31329542,0.30545706,,,0.26243246,0.25824004,,,0.28365487,0.27319014
0.5847677,0.5791719,0.8907633,0.2731763,0.3115914,0.30599558,,,0.27120763,0.2844743,,,0.2848758,0.2904027
0.5780406,0.5747676,0.8884702,0.26433802,0.31370258,0.31042957,,,0.26543802,0.2663008,,,0.28432482,0.28578198
0.5918047,0.577266,0.8910839,0.27798682,0.31381786,0.29927915,,,0.29358,0.25157315,,,0.29261005,0.27039826
0.58087957,0.58200336,0.88905823,0.2738247,0.30705488,0.30817866,,,0.27256048,0.27556384,,,0.2847886,0.28805053
0.5767515,0.5845027,0.88906664,0.27218753,0.30456394,0.31231517,,,0.27085853,0.27677518,,,0.28456944,0.28797454
0.5891944,0.5839889,0.89031816,0.28286517,0.30632925,0.30112374,,,0.29463738,0.2652855,,,0.29197407,0.27719176
0.57814837,0.5845804,0.88964885,0.27307993,0.30506843,0.3115005,,,0.25644708,0.27531666,,,0.2749167,0.28881007
0.582898,0.57914394,0.88916487,0.27287704,0.31002098,0.3062669,,,0.30893213,0.26982546,,,0.30078495,0.2846349
0.58564556,0.57222545,0.8896224,0.26824862,0.31739694,0.30397683,,,0.27320945,0.24939907,,,0.28664672,0.2761461
0.5770384,0.58588016,0.8908446,0.27207398,0.30496442,0.31380618,,,0.2559874,0.27929395,,,0.27936268,0.29339254
0.58375216,0.58826315,0.89335024,0.27866507,0.3050871,0.3095981,,,0.28366876,0.29400408,,,0.2898391,0.29303288
0.57482976,0.5838095,0.88986796,0.26877123,0.30605853,0.31503826,,,0.26155674,0.27902657,,,0.27922755,0.28943163
0.59283894,0.5735105,0.89180344,0.27454597,0.31829298,0.29896456,,,0.29545617,0.2828712,,,0.300812,0.28309572
0.576774,0.58193624,0.8889978,0.26971245,0.30706155,0.3122238,,,0.29171765,0.27259094,,,0.29335845,0.28851306
0.58442485,0.58186877,0.888146,0.27814764,0.30627722,0.30372113,,,0.26140428,0.25841355,,,0.28198117,0.2753955
0.58016276,0.5865367,0.8889002,0.2777992,0.30236357,0.30873752,,,0.2971713,0.27961224,,,0.29187053,0.28899455
0.5786396,0.5770613,0.88967884,0.2660221,0.31261754,0.3110392,,,0.25301266,0.26990014,,,0.27822006,0.28122228
0.5847781,0.5834453,0.8914081,0.2768153,0.30796278,0.30663002,,,0.25885552,0.2775752,,,0.2802173,0.28418684
0.5853833,0.56858456,0.8894415,0.26452637,0.32085693,0.3040582,,,0.24918908,0.27912086,,,0.2781976,0.2840199
0.5824119,0.5902413,0.8908062,0.281847,0.3005649,0.3083943,,,0.28167605,0.28066242,,,0.28087997,0.28327245
0.5853282,0.5869112,0.88947415,0.28276527,0.30256295,0.30414593,,,0.27665418,0.28080148,,,0.28267413,0.2910568
0.58108175,0.58029544,0.8885343,0.27284288,0.30823886,0.30745256,,,0.28283596,0.25260776,,,0.289747,0.28084737
0.5843482,0.58403933,0.8898142,0.27857333,0.30577487,0.305466,,,0.26312608,0.25811,,,0.2773705,0.27429533
0.58099705,0.58195126,0.8908067,0.2721417,0.30885535,0.30980957,,,0.27734947,0.27722192,,,0.29001456,0.2890795
0.5756138,0.5849042,0.8892946,0.2712233,0.3043905,0.3136809,,,0.2821415,0.28351843,,,0.28399032,0.2896722
0.58036315,0.58191276,0.890636,0.27163988,0.30872327,0.31027287,,,0.27780336,0.26820248,,,0.28668553,0.2809763
0.5854118,0.58422965,0.8912542,0.2783873,0.30702448,0.30584234,,,0.24923897,0.25648713,,,0.27655274,0.2752229
0.58671093,0.5795592,0.8905276,0.27574253,0.3109684,0.30381668,,,0.29258984,0.2884959,,,0.2975756,0.2905792
0.5796775,0.588109,0.8927556,0.27503097,0.30464655,0.31307805,,,0.30066586,0.29535902,,,0.2963488,0.29904896
0.5750971,0.57661104,0.88949233,0.2622158,0.3128813,0.31439525,,,0.27311885,0.25422508,,,0.28596413,0.28396124
0.58412164,0.5782132,0.891397,0.27093792,0.31318372,0.3072753,,,0.26642513,0.27112705,,,0.28823507,0.28418
0.58292794,0.5838405,0.8908132,0.27595526,0.30697268,0.30788523,,,0.26097852,0.26318502,,,0.28447443,0.28247243
0.57996494,0.5847167,0.88983583,0.27484584,0.3051191,0.30987084,,,0.2734738,0.26991367,,,0.2841335,0.2875868
0.5797155,0.571846,0.89055634,0.26100516,0.31871033,0.31084085,,,0.2655192,0.2692803,,,0.28681105,0.2801636
0.5803697,0.57824296,0.8886488,0.26996392,0.3104058,0.30827904,,,0.2572685,0.25279778,,,0.28573954,0.27938724
0.577527,0.5810316,0.8902316,0.268327,0.3092,0.31270462,,,0.26227754,0.25629503,,,0.28070664,0.28251964
0.57558423,0.57304263,0.8871924,0.26143438,0.31414986,0.31160825,,,0.25529677,0.2758361,,,0.27882284,0.28349262
0.57981074,0.58330613,0.8898327,0.27328426,0.30652648,0.31002188,,,0.2505538,0.2899561,,,0.27869803,0.29270363
0.59271777,0.5825392,0.8907986,0.28445834,0.30825943,0.29808086,,,0.2953539,0.29150105,,,0.2958008,0.28301287
0.5845974,0.5761069,0.8886095,0.27209485,0.31250256,0.30401206,,,0.28459805,0.25934547,,,0.28799558,0.27429146
0.59113276,0.58284247,0.8937394,0.28023583,0.31089693,0.30260664,,,0.29066306,0.2729879,,,0.29292512,0.28369504
0.5846103,0.5781898,0.89021844,0.27258164,0.31202865,0.30560815,,,0.2651235,0.2568252,,,0.2807083,0.2765314
0.5871763,0.58068657,0.8897885,0.27807438,0.30910194,0.3026122,,,0.27722985,0.28953665,,,0.28966063,0.2867589
0.583902,0.58643115,0.89027953,0.28005362,0.3038484,0.30637753,,,0.2659062,0.25655037,,,0.28447455,0.2804796
0.590423,0.58071744,0.8927321,0.27840835,0.31201464,0.3023091,,,0.28307694,0.2903669,,,0.29374146,0.290132
0.578071,0.58083785,0.8884549,0.27045393,0.30761707,0.31038392,,,0.2839085,0.26475996,,,0.286524,0.28245687
0.57815146,0.5762948,0.8914276,0.26301867,0.3151328,0.3132761,,,0.2642377,0.27774292,,,0.2808218,0.28436065
0.5798445,0.5889733,0.890657,0.27816075,0.30168372,0.31081253,,,0.28163707,0.29589063,,,0.2864629,0.290927
0.58249927,0.57760435,0.8895881,0.27051544,0.31198382,0.3070889,,,0.26749474,0.24811429,,,0.28274322,0.27860892
0.581537,0.5851327,0.89204603,0.2746237,0.30691332,0.31050903,,,0.26479983,0.2715621,,,0.28416336,0.28706974
0.5840245,0.58134097,0.88996464,0.27540082,0.30862367,0.30594015,,,0.28516948,0.29500955,,,0.28843004,0.29116142
0.5786096,0.5782398,0.8899168,0.2669326,0.31167698,0.3113072,,,0.27743047,0.25977838,,,0.28946716,0.28341544
0.58179104,0.5847813,0.89157164,0.2750007,0.30679035,0.3097806,,,0.2732882,0.28028446,,,0.2833609,0.28470898
0.5732294,0.576463,0.88834935,0.26134294,0.31188643,0.31512004,,,0.26934612,0.27422535,,,0.2830367,0.28739595
0.578637,0.58577013,0.89061975,0.27378738,0.30484962,0.31198275,,,0.26578873,0.2802357,,,0.2777205,0.29002023
0.5865661,0.5778246,0.88819146,0.27619922,0.31036687,0.30162537,,,0.2675897,0.29447013,,,0.28312188,0.29162163
0.577622,0.5827508,0.88633907,0.27403367,0.30358833,0.30871713,,,0.27442253,0.27524078,,,0.2789901,0.2836709
0.583758,0.578269,0.88971376,0.27231324,0.31144476,0.30595577,,,0.25133014,0.28906673,,,0.28127646,0.29347616
0.5753418,0.58289814,0.89053816,0.2677018,0.30764002,0.31519634,,,0.26162785,0.2662624,,,0.27942467,0.2832687
0.5864158,0.58063745,0.8892704,0.2777828,0.30863303,0.30285466,,,0.27064997,0.27004653,,,0.28760123,0.2833177
0.58429635,0.5897864,0.89038765,0.2836951,0.30060124,0.3060913,,,0.27790284,0.27801967,,,0.28699178,0.28773654
0.581792,0.5828216,0.8912373,0.2733763,0.3084157,0.30944532,,,0.2717719,0.2778278,,,0.28546387,0.28769964
0.5831504,0.5797782,0.891721,0.27120757,0.31194282,0.30857062,,,0.26196563,0.26114458,,,0.28161317,0.2850988
0.5837746,0.5840545,0.89012337,0.2777058,0.30606884,0.30634874,,,0.28058523,0.28696084,,,0.28455943,0.28378338
0.58259594,0.5822749,0.8905659,0.274305,0.30829096,0.30796993,,,0.27745688,0.2861839,,,0.28063583,0.28725022
0.5858706,0.5795579,0.8941109,0.2713176,0.31455302,0.3082403,,,0.26840937,0.26574033,,,0.28355187,0.28085172
0.5858984,0.58049774,0.8904428,0.27595335,0.30994505,0.3045444,,,0.2702548,0.2677968,,,0.28993803,0.27955186
0.5826494,0.58380055,0.88892037,0.27752966,0.30511975,0.3062709,,,0.27792716,0.26831996,,,0.28043467,0.28117263
0.5741868,0.5811594,0.88709146,0.2682547,0.3059321,0.31290472,,,0.2577405,0.27031475,,,0.28260148,0.28953224
0.59439707,0.5837529,0.88906044,0.2890895,0.30530757,0.29466337,,,0.28739208,0.2793715,,,0.29496574,0.2835073
0.58018583,0.58263606,0.89013934,0.27268255,0.30750328,0.3099535,,,0.27968752,0.2550466,,,0.283813,0.28175497
0.580284,0.57674,0.8865263,0.27049774,0.30978626,0.3062423,,,0.26362854,0.26312608,,,0.28284997,0.28298795
0.5800805,0.5807531,0.88637066,0.27446294,0.30561757,0.30629015,,,0.2684796,0.28114414,,,0.2812491,0.28765398
0.58302736,0.57255024,0.89065754,0.26492012,0.31810725,0.30763012,,,0.27108574,0.24952126,,,0.2905122,0.27498692
0.5803309,0.5825596,0.8916529,0.27123755,0.30909336,0.31132203,,,0.27810436,0.28224987,,,0.2847476,0.28953594
0.58170575,0.57851994,0.89170223,0.2685234,0.31318235,0.30999655,,,0.26654738,0.2853427,,,0.28754085,0.2908187
0.58118075,0.57716405,0.8870077,0.27133703,0.30984372,0.30582702,,,0.26586473,0.25180423,,,0.28029978,0.2731653
0.57468164,0.5743539,0.8888943,0.26014113,0.3145405,0.31421274,,,0.26830322,0.2638263,,,0.282086,0.28089023
0.5829462,0.5845222,0.8899272,0.2775411,0.30540508,0.3069811,,,0.27678454,0.27828813,,,0.28663445,0.2867605
0.57738143,0.5788322,0.8885714,0.26764226,0.30973917,0.31118995,,,0.2734946,0.26240486,,,0.27961206,0.27892083
0.58298564,0.579034,0.8911408,0.2708788,0.31210685,0.30815518,,,0.27340567,0.26614588,,,0.28439456,0.28112632
0.5851041,0.5851436,0.8909547,0.27929312,0.305811,0.3058505,,,0.2640319,0.26453632,,,0.28234994,0.27673042
0.58062625,0.58011484,0.88821226,0.27252883,0.30809742,0.307586,,,0.2616517,0.2892725,,,0.2816136,0.28862953
0.5758923,0.57447386,0.88886034,0.26150584,0.3143865,0.31296802,,,0.25867796,0.27548063,,,0.27966136,0.29110295
0.5803304,0.5758247,0.88723075,0.26892436,0.31140602,0.30690032,,,0.27859598,0.2730791,,,0.2882458,0.280873
0.578758,0.5796268,0.88916546,0.26921934,0.30953866,0.31040746,,,0.25607896,0.2539661,,,0.2789622,0.27312696
0.5836855,0.582044,0.89280576,0.27292377,0.31076175,0.30912024,,,0.28686482,0.27757108,,,0.2898233,0.28615588
0.5794711,0.57772076,0.88715225,0.27003962,0.3094315,0.30768114,,,0.23656952,0.25606072,,,0.2653938,0.28045374
0.5884854,0.5805713,0.8909302,0.27812648,0.31035894,0.30244482,,,0.26712,0.2570663,,,0.28291672,0.27684587
0.5777287,0.57659805,0.8876795,0.26664716,0.31108153,0.3099509,,,0.25494242,0.25535035,,,0.27863008,0.28186804
0.575239,0.5830387,0.8903968,0.26788098,0.30735803,0.3151577,,,0.28980035,0.30681306,,,0.29096764,0.30453283
0.5728842,0.5756994,0.88980913,0.25877452,0.31410968,0.31692487,,,0.27151042,0.26583344,,,0.28661942,0.2872576
0.5814228,0.586022,0.8902109,0.2772339,0.3041889,0.30878812,,,0.26343077,0.26412344,,,0.28052497,0.28337872
0.5837919,0.57622683,0.8884848,0.2715339,0.312258,0.30469292,,,0.27024192,0.28217298,,,0.28605026,0.2861278
0.56897664,0.5709226,0.8876731,0.25222617,0.31675047,0.31869644,,,0.2474069,0.26184356,,,0.27530694,0.2873031
0.58830154,0.5813544,0.89112866,0.27852726,0.30977428,0.30282712,,,0.27915764,0.2686199,,,0.29055595,0.28325957
0.57696307,0.57829344,0.88964945,0.26560706,0.311356,0.31268638,,,0.26907074,0.25326335,,,0.28762287,0.28343594
0.57185006,0.5757351,0.88912076,0.2584644,0.31338567,0.3172707,,,0.26480794,0.24862498,,,0.28020006,0.27929914
0.58941805,0.5873485,0.8930703,0.28369635,0.3057217,0.30365217,,,0.28378004,0.28768098,,,0.2904933,0.28935444
0.58323735,0.58448637,0.88869745,0.2790262,0.30421114,0.30546016,,,0.24034816,0.28096157,,,0.2709257,0.28725523
0.5843834,0.5824464,0.8896841,0.27714574,0.30723768,0.30530065,,,0.28497404,0.29572016,,,0.29219693,0.29428422
0.5895697,0.58395493,0.8908301,0.28269452,0.30687517,0.3012604,,,0.30017465,0.2637257,,,0.29496473,0.2783199
0.5778891,0.5775424,0.88912493,0.26630658,0.3115825,0.31123585,,,0.2673211,0.27156782,,,0.2884643,0.28981882
0.586125,0.5756607,0.8895226,0.2722631,0.3138619,0.3033976,,,0.27832222,0.25910312,,,0.28999692,0.27233583
0.57881343,0.58107555,0.8902226,0.26966637,0.30914706,0.31140918,,,0.28209537,0.3134027,,,0.2876771,0.29929274
0.58044326,0.5872066,0.8911959,0.27645397,0.3039893,0.31075263,,,0.2602015,0.2901432,,,0.28362858,0.2931735
0.57381666,0.582957,0.88851464,0.26825905,0.3055576,0.31469798,,,0.23853064,0.27216363,,,0.27045763,0.2886684
0.5795013,0.57920873,0.88769096,0.27101904,0.30848223,0.3081897,,,0.2556864,0.26782233,,,0.28036046,0.28274322
0.5779184,0.5853112,0.89060384,0.27262574,0.30529267,0.31268543,,,0.26014012,0.27202964,,,0.2782771,0.2873519
0.5796296,0.5850268,0.89100915,0.27364725,0.30598235,0.31137955,,,0.27778757,0.27812093,,,0.28766817,0.290716
0.58364666,0.5767963,0.8908526,0.26959038,0.31405628,0.30720592,,,0.28219873,0.27441353,,,0.29065657,0.28518516
0.58554703,0.581048,0.8927344,0.27386057,0.31168646,0.30718744,,,0.28764844,0.29277027,,,0.2899304,0.29547918
0.59006023,0.57929814,0.89091194,0.27844644,0.3116138,0.3008517,,,0.28674155,0.2691152,,,0.2877183,0.27831692
0.5806043,0.5803275,0.88653284,0.27439898,0.30620533,0.30592853,,,0.26910943,0.2563672,,,0.28253895,0.2733547
0.5825901,0.577796,0.88810915,0.27227694,0.31031317,0.30551904,,,0.26442844,0.26910037,,,0.28243303,0.28376955
0.57993495,0.5874579,0.88926667,0.27812618,0.30180877,0.30933172,,,0.26383966,0.26478356,,,0.28016764,0.28561795
0.58396184,0.58213425,0.8924547,0.2736414,0.31032044,0.30849284,,,0.28871143,0.259844,,,0.29120815,0.28142762
0.5852976,0.5792582,0.89137894,0.27317685,0.31212074,0.30608135,,,0.2842806,0.2852869,,,0.2897411,0.28706223
0.57997286,0.58104825,0.8879695,0.27305162,0.30692124,0.30799663,,,0.25542825,0.25343502,,,0.27737117,0.27917445
0.5826446,0.5688725,0.8894424,0.26207477,0.3205698,0.30679774,,,0.28574687,0.24621671,,,0.2981962,0.2731542
0.58518684,0.59253305,0.8932967,0.2844231,0.30076373,0.30810994,,,0.2525227,0.2928264,,,0.2744674,0.29565853
0.58196306,0.5802164,0.88820386,0.2739756,0.30798745,0.3062408,,,0.27661878,0.27792645,,,0.29021305,0.28995103
0.58108556,0.5897896,0.8884181,0.2824571,0.29862845,0.30733252,,,0.2588898,0.27572924,,,0.27547562,0.2892295
0.57720816,0.5836334,0.89096284,0.26987875,0.30732942,0.31375468,,,0.2631396,0.27519065,,,0.28525025,0.2872013
0.58279157,0.58327955,0.8910811,0.27499008,0.30780149,0.30828947,,,0.26328474,0.27082658,,,0.2812022,0.2850473
0.5747776,0.57956225,0.8894602,0.26487958,0.30989802,0.31468266,,,0.2526815,0.27524436,,,0.27868813,0.29362243
0.5813334,0.5767954,0.88950557,0.26862317,0.31271023,0.30817223,,,0.28591996,0.26718724,,,0.28700614,0.2788074
0.58139414,0.5809914,0.8901072,0.27227825,0.3091159,0.30871314,,,0.25482118,0.2669785,,,0.28033417,0.28043258
0.58109057,0.5854251,0.89131516,0.27520043,0.30589014,0.31022465,,,0.29720002,0.27504838,,,0.29084826,0.28885216
0.5762483,0.5764806,0.8903495,0.2623794,0.31386888,0.31410122,,,0.28974503,0.26741415,,,0.29195464,0.28900647
0.5832865,0.57764465,0.8900059,0.27092522,0.3123613,0.30671942,,,0.2776057,0.26580596,,,0.29481822,0.28400034
0.5837164,0.5816872,0.8909873,0.27441633,0.30930007,0.30727088,,,0.26534498,0.24375731,,,0.28863162,0.27260584
0.58160007,0.57318586,0.89000744,0.26477844,0.31682163,0.30840743,,,0.2760222,0.25382406,,,0.2882651,0.2815222
0.58700985,0.5865058,0.8901123,0.28340328,0.30360657,0.3031025,,,0.2756762,0.27556676,,,0.2826395,0.29129994
0.5821183,0.5811082,0.8898487,0.27337778,0.3087405,0.30773044,,,0.2638783,0.26459736,,,0.28291833,0.28488368
0.5822633,0.5901221,0.8910717,0.28131378,0.3009495,0.30880833,,,0.28812933,0.288181,,,0.28753817,0.29164386
0.5812557,0.58063567,0.8899191,0.27197224,0.30928344,0.30866343,,,0.27893966,0.27704716,,,0.28583944,0.28784484
0.5877939,0.5685606,0.88741547,0.26893896,0.31885493,0.29962164,,,0.28079098,0.25990647,,,0.29379869,0.26927507
0.58287144,0.58406556,0.89063036,0.27630663,0.3065648,0.30775893,,,0.27100682,0.2657348,,,0.27956736,0.28084338
0.5848652,0.5767021,0.8874913,0.27407604,0.31078917,0.30262607,,,0.27543443,0.2661311,,,0.28582644,0.27689296
0.58351266,0.58077395,0.8904862,0.27380043,0.30971223,0.30697352,,,0.2811271,0.2867424,,,0.29088473,0.29369575
0.57118976,0.5786449,0.8886438,0.26119083,0.30999893,0.31745404,,,0.22093195,0.24376845,,,0.2674567,0.27373558
0.5709503,0.5754833,0.88921505,0.25721854,0.3137318,0.31826478,,,0.26495564,0.24451464,,,0.27779037,0.27103132
0.58147097,0.57317287,0.8878952,0.26674855,0.31472242,0.30642432,,,0.28109437,0.26195157,,,0.2900185,0.28081793
0.5727761,0.5883551,0.89119667,0.26993448,0.3028416,0.31842065,,,0.25262487,0.27923363,,,0.27594107,0.29186887
0.5787469,0.57023233,0.8878368,0.26114237,0.31760454,0.30908996,,,0.27415258,0.2614795,,,0.2884044,0.27736986
0.5844943,0.578076,0.89076006,0.27181017,0.31268412,0.30626583,,,0.26950926,0.24971437,,,0.28141278,0.2754472
0.58612025,0.57854885,0.8907217,0.27394736,0.3121729,0.3046015,,,0.2642867,0.25161487,,,0.28654605,0.27205765
0.58049035,0.57621473,0.8897118,0.26699334,0.313497,0.3092214,,,0.28199667,0.27982837,,,0.29270178,0.29250073
0.5808034,0.57888585,0.89022785,0.26946133,0.31134206,0.30942452,,,0.26288062,0.2803607,,,0.27929646,0.2859522
0.5812238,0.57584,0.88956493,0.2674988,0.313725,0.3083412,,,0.2682132,0.24062431,,,0.28164876,0.2700097
0.5803957,0.5792541,0.8904927,0.26915717,0.31123853,0.31009692,,,0.26856452,0.26058233,,,0.28112954,0.27869838
0.58414173,0.5794705,0.88743675,0.2761755,0.30796623,0.30329502,,,0.26004183,0.27023935,,,0.28180176,0.28861707
0.58281684,0.58560395,0.8911574,0.2772634,0.30555344,0.30834055,,,0.28410685,0.27748305,,,0.28752387,0.29115033
0.58213764,0.5713574,0.8880586,0.26543647,0.31670117,0.30592096,,,0.25672674,0.25197148,,,0.28662837,0.28073496
0.58738786,0.5807724,0.8910276,0.27713257,0.3102553,0.30363983,,,0.29357404,0.28945404,,,0.293535,0.28901368
0.57592237,0.58123565,0.89104396,0.26611406,0.3098083,0.3151216,,,0.2747842,0.26646066,,,0.28613877,0.28297603
0.5823628,0.58679634,0.89286494,0.27629423,0.30606854,0.3105021,,,0.27926046,0.29434633,,,0.2885306,0.2940296
0.581373,0.56837785,0.8887047,0.2610461,0.32032686,0.30733174,,,0.2589913,0.23730528,,,0.28737676,0.27177304
0.581862,0.57947963,0.8891717,0.27216995,0.30969203,0.3073097,,,0.2645005,0.28876364,,,0.28714508,0.29148632
0.5817515,0.5735651,0.8905404,0.26477617,0.31697536,0.30878896,,,0.2711063,0.2798494,,,0.28897053,0.2850212
0.57882214,0.580974,0.88971484,0.27008128,0.30874085,0.3108927,,,0.26637995,0.26088244,,,0.28458142,0.28214508
0.581284,0.5814871,0.89117795,0.27159315,0.30969083,0.30989397,,,0.27374446,0.26883298,,,0.29050767,0.28548175
0.5777642,0.572755,0.8868386,0.26368052,0.3140837,0.30907446,,,0.28102398,0.26264435,,,0.29089177,0.2835189
0.58282,0.58721924,0.8927476,0.2772916,0.3055284,0.30992764,,,0.2792526,0.27252775,,,0.2858219,0.28891677
0.58113337,0.5794355,0.8900274,0.27054155,0.31059182,0.30889398,,,0.2551499,0.28904837,,,0.2798313,0.29561692
0.5768347,0.58875144,0.8900006,0.27558553,0.30124915,0.3131659,,,0.26307654,0.26949042,,,0.28198862,0.28985298
0.57274175,0.5721278,0.8882431,0.2566265,0.31611526,0.31550133,,,0.25191587,0.26456368,,,0.27800447,0.27834702
0.5783483,0.5766872,0.88840747,0.26662803,0.31172025,0.3100592,,,0.27170175,0.24663144,,,0.28739858,0.27419484
0.57984626,0.58014166,0.8889588,0.2710291,0.30881715,0.30911255,,,0.25139058,0.24887198,,,0.27198267,0.27506298
0.5837388,0.58147144,0.8897442,0.27546602,0.30827278,0.30600542,,,0.2781645,0.27072144,,,0.28148204,0.2849704
0.5847997,0.58831775,0.8933388,0.2797786,0.3050211,0.30853915,,,0.27375877,0.2815355,,,0.28730136,0.29116035
0.58524245,0.5771438,0.8910302,0.271356,0.31388646,0.3057878,,,0.25402057,0.27185512,,,0.28067344,0.28596306
0.58528674,0.58537006,0.88919675,0.28146005,0.3038267,0.30391002,,,0.2640363,0.26810938,,,0.27952772,0.2865467
0.5797151,0.58252084,0.8895129,0.27272308,0.306992,0.30979776,,,0.27709174,0.27072024,,,0.28292608,0.28886384
0.5739121,0.57772446,0.88665235,0.26498425,0.30892783,0.3127402,,,0.25345027,0.2526152,,,0.2752111,0.27560115
0.58538985,0.5847831,0.8915105,0.27866244,0.3067274,0.30612063,,,0.29870868,0.27994686,,,0.2963099,0.28708577
0.5826497,0.58640563,0.8916428,0.27741253,0.30523717,0.3089931,,,0.26095486,0.26670045,,,0.28146803,0.28341192
0.5816618,0.5780004,0.8910718,0.26859045,0.31307137,0.30940998,,,0.27107602,0.26089662,,,0.28714657,0.27850795
0.5845332,0.58058393,0.88961285,0.2755043,0.30902892,0.30507964,,,0.27506995,0.26057917,,,0.28660727,0.27506596
0.5821994,0.588655,0.89316183,0.2776925,0.3045069,0.3109625,,,0.2881086,0.2893808,,,0.2902459,0.29039526
0.5861147,0.58224,0.89020234,0.2781524,0.3079623,0.30408758,,,0.29792905,0.28379077,,,0.29250795,0.28421575
0.5807129,0.580933,0.88911146,0.27253443,0.30817848,0.30839854,,,0.2771529,0.2531107,,,0.2865854,0.27452278
0.5823841,0.58683395,0.8912345,0.27798355,0.30440056,0.3088504,,,0.27705705,0.2780037,,,0.28210348,0.28819537
0.58268607,0.5783061,0.88959026,0.27140188,0.31128418,0.3069042,,,0.26403314,0.24691015,,,0.28608078,0.27127272
0.586755,0.58461815,0.8882417,0.28313142,0.30362356,0.30148673,,,0.2772838,0.28602594,,,0.28281927,0.28598517
0.5873124,0.5818712,0.89234054,0.27684307,0.31046933,0.30502814,,,0.27112418,0.2887903,,,0.2862481,0.2917083
0.57861197,0.58292156,0.8888022,0.27273142,0.30588055,0.31019014,,,0.2570154,0.28627074,,,0.27948135,0.29640102
0.581113,0.58277214,0.8913875,0.2724976,0.3086154,0.31027454,,,0.27901214,0.24797809,,,0.28611678,0.27342373
0.5784266,0.58136296,0.8875474,0.2722422,0.3061844,0.30912077,,,0.2532487,0.27256495,,,0.27765524,0.2851901
0.5766977,0.57542574,0.89030015,0.2618233,0.3148744,0.31360245,,,0.26929992,0.2551641,,,0.2824723,0.27769172
0.5885465,0.58673894,0.89150167,0.2837838,0.30476272,0.30295515,,,0.28524494,0.2972206,,,0.2833594,0.2920509
0.5856151,0.5795032,0.88884366,0.27627456,0.30934054,0.30322862,,,0.2588855,0.26531523,,,0.2821281,0.2824949
0.56636405,0.58584195,0.8880447,0.26416123,0.30220282,0.32168072,,,0.2350797,0.27911043,,,0.26637244,0.29814178
0.5758966,0.5805192,0.8893964,0.2670194,0.30887723,0.3134998,,,0.25332224,0.25781506,,,0.27411896,0.2811609
0.5802493,0.57485104,0.89006835,0.265032,0.31521732,0.30981904,,,0.2575636,0.26056814,,,0.28354204,0.28098541
0.5919082,0.57368994,0.88910323,0.27649492,0.3154133,0.29719502,,,0.28701973,0.2699632,,,0.29663587,0.27904052
0.57500863,0.58182794,0.88966924,0.26716727,0.30784136,0.31466067,,,0.2770282,0.27378905,,,0.2830426,0.29261637
0.5777395,0.5884439,0.88871783,0.27746552,0.30027395,0.31097835,,,0.29532045,0.2860154,,,0.287358,0.29019254
0.57073045,0.5818466,0.887334,0.26524305,0.3054874,0.31660354,,,0.2609591,0.26389116,,,0.27798504,0.28951424
0.5784178,0.58137447,0.88973695,0.27005523,0.30836254,0.31131923,,,0.26240832,0.27065432,,,0.2811485,0.28556252
0.5798737,0.59004545,0.892324,0.27759516,0.30227852,0.3124503,,,0.2778852,0.2918514,,,0.28729928,0.29594302
0.5866867,0.57795817,0.89217013,0.2724747,0.31421196,0.30548346,,,0.28561538,0.26852864,,,0.29173344,0.28229046
0.57563174,0.5869081,0.8908234,0.27171642,0.30391532,0.3151917,,,0.24859577,0.2792951,,,0.2735386,0.29095626
0.5713181,0.57687306,0.8883034,0.2598878,0.31143028,0.31698525,,,0.25456995,0.2838289,,,0.2784928,0.29103768
0.5765451,0.5794562,0.8896732,0.26632816,0.31021696,0.31312805,,,0.28839153,0.25671208,,,0.2910306,0.28187376
0.5795566,0.58789414,0.8906849,0.27676576,0.30279082,0.31112838,,,0.2837417,0.28681588,,,0.28599215,0.28871793
0.5804368,0.5820019,0.8906883,0.27175045,0.30868638,0.31025147,,,0.26255447,0.26920342,,,0.28046083,0.2807964
0.5794281,0.57910407,0.89035594,0.2681762,0.31125188,0.31092787,,,0.27639997,0.27637535,,,0.28986645,0.28619045
0.5799532,0.582955,0.89015216,0.27275604,0.30719715,0.31019896,,,0.26293665,0.27877575,,,0.2805419,0.290694
0.5739064,0.57654154,0.8895255,0.2609225,0.31298393,0.31561905,,,0.26818985,0.26835132,,,0.2868567,0.28830713
0.5828755,0.577152,0.8912227,0.2688048,0.3140707,0.30834723,,,0.28309882,0.25942802,,,0.29441863,0.27562535
0.5771517,0.5818014,0.8875312,0.27142197,0.30572975,0.31037945,,,0.25618094,0.26514792,,,0.27727813,0.2860245
0.57785463,0.5841303,0.8902642,0.2717207,0.30613393,0.31240958,,,0.27650273,0.28592527,,,0.28527713,0.29391056
0.58397156,0.5849068,0.89325356,0.27562475,0.3083468,0.30928206,,,0.2800749,0.26480675,,,0.29059386,0.28748852
0.57948446,0.5848727,0.88932526,0.27503192,0.30445254,0.3098408,,,0.2688055,0.28083998,,,0.2858485,0.29177058
0.5851363,0.57977974,0.8899453,0.2749707,0.31016558,0.30480903,,,0.27316242,0.26808172,,,0.28828877,0.28308582
0.58580744,0.5836607,0.89161825,0.2778499,0.30795753,0.3058108,,,0.27039403,0.27162486,,,0.28081125,0.28333884
0.583907,0.5760735,0.8894237,0.2705568,0.3133502,0.30551672,,,0.27951396,0.26596487,,,0.28846806,0.28180128
0.5853385,0.578955,0.89283,0.2714635,0.31387496,0.30749148,,,0.2640019,0.2706399,,,0.28557128,0.28873372
0.58499163,0.5709367,0.8899815,0.26594687,0.31904477,0.3049898,,,0.28068405,0.25690633,,,0.29276937,0.27621216
0.58315486,0.5776382,0.88912916,0.2716639,0.31149095,0.3059743,,,0.27612734,0.26946318,,,0.287036,0.28513092
0.5744506,0.5773579,0.8886391,0.2631694,0.3112812,0.31418848,,,0.27261317,0.27206028,,,0.28747857,0.28606778
0.5829383,0.5816746,0.89086705,0.27374583,0.30919248,0.30792874,,,0.26330477,0.25310528,,,0.28474706,0.27986062
0.57811373,0.58617395,0.89035094,0.27393675,0.304177,0.3122372,,,0.2750545,0.2696473,,,0.2838809,0.29103905
0.57921046,0.5795048,0.88956344,0.2691518,0.31005865,0.31035298,,,0.27240205,0.2784139,,,0.28484923,0.28266037
0.58519137,0.57726425,0.8891698,0.27328575,0.31190562,0.3039785,,,0.27607518,0.27647114,,,0.29025865,0.28465712
0.57752275,0.58048534,0.8902801,0.26772797,0.30979478,0.31275737,,,0.25349784,0.2817769,,,0.2761901,0.29232067
0.58253664,0.57407355,0.8916727,0.26493758,0.31759906,0.30913597,,,0.27798802,0.27317494,,,0.29353118,0.28319806
0.58154845,0.5803607,0.8886905,0.27321863,0.30832982,0.30714208,,,0.26022583,0.26397222,,,0.28117955,0.27997088
0.58255804,0.5821011,0.8909233,0.27373582,0.3088222,0.3083653,,,0.2844749,0.2607847,,,0.2913037,0.28319144
0.5883015,0.5754019,0.8908706,0.27283287,0.3154686,0.30256903,,,0.30845797,0.28487694,,,0.30015486,0.28156883
0.5754415,0.57573926,0.8899698,0.26121092,0.31423056,0.31452835,,,0.25460356,0.26784325,,,0.2759794,0.28669387
0.5807992,0.58251923,0.8914401,0.2718783,0.30892092,0.31064093,,,0.27074265,0.30292797,,,0.2843979,0.29643226
0.57282495,0.57749045,0.89075416,0.25956124,0.3132637,0.3179292,,,0.26899594,0.2369327,,,0.2862016,0.27709657
0.5822501,0.5804825,0.88981986,0.27291274,0.30933738,0.30756974,,,0.2647823,0.27525145,,,0.27926385,0.28860867
0.57725334,0.56948596,0.8901121,0.25662714,0.3206262,0.31285882,,,0.26009667,0.27155674,,,0.2827776,0.28455645
0.5758331,0.5843694,0.88704324,0.27315927,0.30267382,0.31121016,,,0.2646445,0.27131605,,,0.2823044,0.28602463
0.5798814,0.58183366,0.88997453,0.2717405,0.30814093,0.31009316,,,0.28411448,0.26890367,,,0.28749025,0.28228754
0.58569705,0.5786755,0.89100826,0.2733643,0.31233275,0.3053112,,,0.28153712,0.28341347,,,0.29392362,0.28866398
0.5788437,0.5776572,0.8883073,0.26819366,0.31065005,0.30946356,,,0.26741993,0.25694883,,,0.28280413,0.2790628
0.5835329,0.5841677,0.890547,0.27715367,0.30637926,0.30701405,,,0.28908288,0.25359637,,,0.29176122,0.28014314
0.5879711,0.57641983,0.89025295,0.27413797,0.31383312,0.30228186,,,0.267047,0.27202868,,,0.28057367,0.27932435
0.5770371,0.58238494,0.8899451,0.26947695,0.30756015,0.312908,,,0.27919722,0.26636267,,,0.28912407,0.27809358
0.5783802,0.5828732,0.8890563,0.27219713,0.3061831,0.3106761,,,0.26255798,0.26929128,,,0.28075874,0.28742927
0.5784236,0.57864475,0.8904433,0.26662505,0.31179857,0.3120197,,,0.30624068,0.28641987,,,0.29545105,0.28481376
0.5735078,0.5727656,0.8881754,0.25809795,0.31540984,0.31466764,,,0.24977183,0.23612404,,,0.27680558,0.27027702
0.5853833,0.5842457,0.88942844,0.28020054,0.30518275,0.30404514,,,0.27833277,0.28980333,,,0.2839102,0.2899617
0.575825,0.5813072,0.8910484,0.26608378,0.3097412,0.3152234,,,0.2582578,0.27350807,,,0.27874064,0.28732127
0.5714134,0.57842076,0.8878856,0.2619486,0.3094648,0.31647217,,,0.26127756,0.23794508,,,0.27902085,0.2718134
0.58085114,0.5742992,0.8876407,0.2675097,0.31334144,0.30678952,,,0.2796539,0.2426331,,,0.28868985,0.26821744
0.57615435,0.56933093,0.8879642,0.2575211,0.31863326,0.31180984,,,0.24487567,0.23087668,,,0.28335005,0.27207464
0.5907778,0.5758357,0.8912449,0.2753687,0.31540912,0.300467,,,0.27017283,0.25608277,,,0.28920805,0.27522397
0.58380586,0.5768805,0.8915666,0.2691198,0.31468606,0.30776072,,,0.29213727,0.25777233,,,0.2922396,0.27338064
0.5815306,0.5767432,0.8900337,0.26823997,0.3132906,0.3085032,,,0.28812099,0.27726978,,,0.29472286,0.28529823
0.5821896,0.5774119,0.88909006,0.2705114,0.31167823,0.3069005,,,0.25749952,0.2512406,,,0.28102797,0.27557772
0.5873486,0.58148265,0.89056647,0.27826476,0.30908382,0.3032179,,,0.27451998,0.27176327,,,0.28886837,0.28082234
0.58495,0.57469714,0.88866746,0.27097964,0.31397033,0.3037175,,,0.26511967,0.28004533,,,0.28195846,0.286677
0.58322024,0.57917905,0.89157593,0.27082336,0.31239688,0.3083557,,,0.28203565,0.27605927,,,0.29122657,0.28744173
0.5767298,0.5794592,0.88975376,0.2664352,0.31029457,0.31302398,,,0.27711248,0.27711034,,,0.28857267,0.2847715
0.58668697,0.58412206,0.8904251,0.28038394,0.30630302,0.30373812,,,0.26719642,0.28598565,,,0.2816211,0.28820693
0.5825778,0.5812367,0.89014494,0.2736696,0.30890822,0.30756712,,,0.27210665,0.26567304,,,0.2871071,0.28087038
0.5727083,0.5861639,0.89132607,0.26754606,0.30516225,0.31861782,,,0.27508396,0.27767932,,,0.2829126,0.28991646
0.5815795,0.5730821,0.88861793,0.26604372,0.31553578,0.30703837,,,0.26225412,0.2517079,,,0.28356457,0.27581823
0.57851803,0.5748363,0.8890969,0.2642575,0.31426054,0.31057882,,,0.27439815,0.2710703,,,0.2830726,0.28520602
0.58523524,0.5800334,0.8893796,0.27588904,0.3093462,0.30414438,,,0.2827772,0.2791844,,,0.28893083,0.28543735
0.58339643,0.58255756,0.89192337,0.27403063,0.3093658,0.30852693,,,0.2947374,0.30061495,,,0.29611462,0.29220438
0.57656384,0.586005,0.8901639,0.2724049,0.30415893,0.31360006,,,0.26795226,0.27156174,,,0.28079134,0.28618062
0.5745337,0.58586544,0.8905326,0.2698666,0.30466712,0.31599885,,,0.26081616,0.2759338,,,0.27351826,0.29314578
0.57521963,0.5743292,0.8887427,0.26080608,0.31441355,0.3135231,,,0.25365335,0.2622906,,,0.27760953,0.28292733
0.57923996,0.5766981,0.8904501,0.26548803,0.31375194,0.3112101,,,0.2854368,0.25822377,,,0.2905262,0.27774644
0.58285356,0.5748359,0.892402,0.26528746,0.3175661,0.30954844,,,0.2790563,0.25136334,,,0.29631513,0.27592593
0.5826614,0.5830581,0.88903856,0.27668095,0.30598044,0.30637717,,,0.275011,0.27736056,,,0.2867478,0.2868272
0.5880823,0.58368737,0.8904453,0.28132433,0.306758,0.30236304,,,0.28710532,0.27926528,,,0.28856444,0.2868479
0.58493865,0.58234394,0.89229715,0.27498543,0.3099532,0.3073585,,,0.29306352,0.29043394,,,0.2967658,0.29441434
0.5815073,0.5807301,0.8904193,0.2718181,0.30968922,0.30891198,,,0.2586826,0.29208082,,,0.2830736,0.29027057
0.58108914,0.58440256,0.891149,0.27434272,0.30674642,0.31005985,,,0.26734203,0.2824797,,,0.28542262,0.29706752
0.57504034,0.57102877,0.886922,0.25914705,0.3158933,0.31188172,,,0.26374942,0.2548421,,,0.28546387,0.27385038
0.58326805,0.593758,0.89295506,0.28407097,0.29919708,0.30968702,,,0.27346814,0.28440428,,,0.28249168,0.29424876
0.5820222,0.59022665,0.89265484,0.279594,0.3024282,0.31063265,,,0.28725797,0.2946114,,,0.29134905,0.29420656
0.57894707,0.5799749,0.89034027,0.2685817,0.31036538,0.3113932,,,0.27132475,0.2627979,,,0.28196537,0.28242183
0.58198094,0.58162963,0.8882737,0.27533686,0.30664408,0.30629277,,,0.27014595,0.2762593,,,0.2885974,0.28648955
0.57885987,0.58870006,0.89155346,0.2760064,0.30285347,0.31269366,,,0.27361155,0.29659235,,,0.28272855,0.29551578
0.58541906,0.582451,0.8919491,0.27592093,0.30949813,0.30653006,,,0.26576346,0.26852238,,,0.28859133,0.28792518
0.5808772,0.5798789,0.889759,0.2709971,0.30988008,0.30888182,,,0.2863304,0.2633229,,,0.29307866,0.282856
0.58000046,0.57620263,0.8890619,0.2671411,0.31285936,0.30906153,,,0.2657078,0.26386654,,,0.2859661,0.2792015
0.58335614,0.5782997,0.89126205,0.27039385,0.3129623,0.30790585,,,0.2680329,0.2583382,,,0.2830146,0.28081632
0.5825213,0.5887997,0.8887218,0.2825992,0.2999221,0.3062005,,,0.26841736,0.26220876,,,0.28133482,0.27865702
0.57585764,0.5832237,0.8905506,0.26853073,0.3073269,0.31469297,,,0.2744143,0.2638114,,,0.2840287,0.2885738
0.57584506,0.5804267,0.889009,0.2672627,0.30858237,0.313164,,,0.2584806,0.26463836,,,0.28274286,0.28667498
0.5777967,0.5857736,0.88974386,0.27382642,0.30397028,0.31194717,,,0.26066834,0.28946722,,,0.27667075,0.29761738
0.5808649,0.580781,0.89100754,0.27063835,0.31022656,0.31014264,,,0.27120608,0.26761913,,,0.28638518,0.28864616
0.5936994,0.57988465,0.8881243,0.2854597,0.3082397,0.29442495,,,0.2837171,0.2747652,,,0.29345047,0.277726
0.57630813,0.5816312,0.8874169,0.27052242,0.30578572,0.31110877,,,0.2759918,0.2503479,,,0.28437853,0.26917142
0.58549565,0.58319724,0.8905342,0.2781586,0.30733705,0.30503863,,,0.28024536,0.28091037,,,0.28924763,0.28714335
0.5801872,0.5797579,0.8912744,0.26867074,0.31151646,0.3110872,,,0.28663367,0.30570865,,,0.2948643,0.30313152
0.5771029,0.58786976,0.8927901,0.27218258,0.30492032,0.31568718,,,0.28026795,0.2818988,,,0.28308564,0.28850812
0.583084,0.58151805,0.88996017,0.27464187,0.30844212,0.30687618,,,0.2823823,0.28096843,,,0.29142833,0.286606
0.579355,0.5744717,0.8871981,0.26662862,0.31272638,0.3078431,,,0.27445692,0.24857599,,,0.2884236,0.27078593
0.58062434,0.58290005,0.89029527,0.27322912,0.30739522,0.30967093,,,0.28483343,0.2532031,,,0.29135698,0.28596455
0.5808647,0.58413684,0.88982356,0.27517807,0.30568665,0.30895877,,,0.26412374,0.2606312,,,0.28185314,0.28207922
0.5831239,0.58342206,0.8913801,0.27516592,0.307958,0.30825615,,,0.27127123,0.2839983,,,0.28771162,0.29050267
0.5854163,0.57576096,0.89159256,0.26958472,0.3158316,0.30617625,,,0.27868253,0.26827973,,,0.2932428,0.28000593
0.57376206,0.5822217,0.8904221,0.26556158,0.30820048,0.3166601,,,0.2666062,0.27586126,,,0.2811147,0.2898487
0.58824825,0.5804199,0.89348006,0.2751881,0.31306016,0.3052318,,,0.26917207,0.26123744,,,0.28849232,0.2764927
0.5766374,0.58247185,0.88859236,0.27051687,0.3061205,0.31195498,,,0.25076634,0.27170944,,,0.27763402,0.29223585
0.5739929,0.5860464,0.8888373,0.27120203,0.30279088,0.31484437,,,0.26872247,0.28562975,,,0.28483123,0.29426765
0.5770988,0.576703,0.88808006,0.26572174,0.31137705,0.31098127,,,0.24645442,0.25964916,,,0.27841598,0.28064203
0.59631336,0.5816698,0.8907701,0.2872131,0.30910027,0.29445672,,,0.2949422,0.28707367,,,0.29575592,0.28632122
0.58135825,0.57904166,0.89142203,0.26897788,0.31238037,0.31006378,,,0.2739805,0.2830431,,,0.2893052,0.29425645
0.5773846,0.57469904,0.88799137,0.26409227,0.31329232,0.31060678,,,0.2717958,0.26320678,,,0.2857536,0.2812569
0.5795206,0.57480466,0.89004326,0.264282,0.3152386,0.31052268,,,0.27590972,0.27817714,,,0.29486334,0.2930177
0.5789722,0.58442247,0.88682187,0.27657282,0.3023994,0.30784965,,,0.28497678,0.27386755,,,0.28517985,0.28628373
0.5777737,0.5813191,0.8906973,0.26839548,0.3093782,0.3129236,,,0.2734636,0.27190596,,,0.2831216,0.28713328
0.5819951,0.578449,0.890576,0.26986814,0.312127,0.30858088,,,0.25976384,0.26120943,,,0.28060412,0.2797584
0.57691526,0.5773878,0.8890977,0.26520538,0.31170988,0.31218243,,,0.2805919,0.25654364,,,0.29195088,0.28051722
0.58668786,0.57791907,0.88914526,0.27546167,0.3112262,0.3024574,,,0.27588618,0.2681468,,,0.2869597,0.28007615
0.5855958,0.58452964,0.88992935,0.28019613,0.30539966,0.3043335,,,0.2814604,0.2848469,,,0.28682202,0.29142982
0.5756775,0.5827927,0.89078826,0.2676819,0.30799562,0.3151108,,,0.25650585,0.2806605,,,0.279554,0.2937001
0.58285487,0.57941735,0.8894478,0.2728244,0.31003046,0.30659294,,,0.28580093,0.27981734,,,0.2903126,0.2879005
0.5845381,0.5853845,0.89271456,0.27720803,0.30733007,0.30817646,,,0.2583499,0.28876483,,,0.27881712,0.2931925
0.57087314,0.5722307,0.88815194,0.2549519,0.31592125,0.3172788,,,0.22649944,0.2546994,,,0.26847267,0.2839529
0.5808623,0.57554936,0.88641745,0.2699942,0.31086808,0.30555516,,,0.2573226,0.26538223,,,0.2796566,0.27950245
0.5786925,0.5837697,0.88763595,0.2748263,0.3038662,0.3089434,,,0.23198158,0.27001482,,,0.26077813,0.28219968
0.579236,0.5742089,0.8885844,0.2648605,0.31437546,0.3093484,,,0.25174797,0.2585587,,,0.27683264,0.28110975
0.5818749,0.578117,0.8869026,0.2730894,0.3087855,0.3050276,,,0.24909556,0.25865716,,,0.27719003,0.28228736
0.57723224,0.5755939,0.89027905,0.26254702,0.31468523,0.31304687,,,0.26528168,0.2896083,,,0.28371245,0.2916931
0.5749355,0.5780344,0.8879231,0.26504672,0.30988878,0.3129877,,,0.2611361,0.25472265,,,0.2815792,0.28426754
0.58316934,0.57706255,0.8901653,0.2700665,0.31310284,0.30699605,,,0.28077006,0.2601837,,,0.28944153,0.27906054
0.5852847,0.5798912,0.89142704,0.27374887,0.31153584,0.30614233,,,0.2680905,0.2862761,,,0.28439552,0.2908696
0.5801161,0.57726955,0.888599,0.2687866,0.31132948,0.30848294,,,0.27528983,0.28075868,,,0.29116672,0.2871685
0.5827502,0.5805546,0.8885752,0.2747296,0.3080206,0.305825,,,0.2651834,0.2838499,,,0.28326714,0.2893319
0.57556105,0.5737436,0.8888684,0.26043624,0.3151248,0.31330734,,,0.2752412,0.26468349,,,0.29039603,0.2833023
0.58622724,0.5824244,0.8907498,0.27790177,0.30832547,0.30452263,,,0.27160633,0.26545465,,,0.28245485,0.27767688
0.580127,0.5813751,0.88959503,0.2719071,0.3082199,0.30946803,,,0.26929188,0.26449364,,,0.284644,0.28137904
0.58188885,0.58159995,0.8905733,0.27291554,0.3089733,0.3086844,,,0.27474976,0.29056352,,,0.28674704,0.29136342
0.585883,0.5854255,0.89188015,0.27942836,0.30645466,0.30599713,,,0.2988214,0.27059835,,,0.28822863,0.2792858
0.58084226,0.5793328,0.88950574,0.27066934,0.31017292,0.3086635,,,0.26144016,0.27791798,,,0.28388828,0.28761387
0.5767257,0.58019567,0.8899172,0.2670042,0.30972153,0.31319147,,,0.25885624,0.26719165,,,0.28134823,0.28702742
0.5891576,0.5768889,0.8891797,0.2768668,0.3122908,0.30002213,,,0.2859705,0.26347017,,,0.29370272,0.27984232
0.5836488,0.5826659,0.8903326,0.27598214,0.30766666,0.30668378,,,0.28167415,0.27750266,,,0.2940126,0.28728706
0.5821065,0.58094156,0.89147246,0.27157557,0.3105309,0.309366,,,0.28092885,0.2784897,,,0.29466635,0.28905094
0.57595724,0.5787578,0.88904804,0.26566702,0.31029022,0.3130908,,,0.26070696,0.2774592,,,0.27978265,0.2855693
0.5792193,0.5769433,0.8890927,0.26706982,0.31214947,0.30987346,,,0.2655658,0.26505166,,,0.28014165,0.28128374
0.5833049,0.57624805,0.88913894,0.270414,0.3128909,0.30583405,,,0.2626543,0.24793631,,,0.28228766,0.27353185
0.5770049,0.58321357,0.8903725,0.26984596,0.30715895,0.3133676,,,0.25576693,0.25653327,,,0.27533883,0.28270197
0.57814187,0.57553005,0.88928,0.26439196,0.3137499,0.3111381,,,0.26414824,0.27362776,,,0.2832387,0.2873069
0.5782944,0.58361447,0.8908882,0.27102065,0.30727375,0.31259382,,,0.2735148,0.28019887,,,0.28772074,0.29008108
0.5878165,0.57856613,0.8901322,0.27625036,0.3115661,0.30231577,,,0.26449138,0.2978325,,,0.2865399,0.2954958
0.5844387,0.5824239,0.8914316,0.27543098,0.3090077,0.30699295,,,0.25864482,0.28360206,,,0.2831511,0.2877431
0.58724636,0.5792918,0.8889393,0.27759892,0.30964744,0.3016929,,,0.27680206,0.2782833,,,0.28786236,0.2815135
0.582186,0.5802035,0.89018613,0.2722034,0.3099826,0.3080001,,,0.26591027,0.266414,,,0.28457963,0.2819084
0.5908939,0.5740682,0.8917001,0.27326196,0.31763196,0.30080622,,,0.26677907,0.25937635,,,0.2882313,0.2748344
0.5852339,0.58001435,0.8896529,0.27559537,0.30963856,0.30441898,,,0.29919672,0.27157903,,,0.2995323,0.28462952
0.57892007,0.58512247,0.8872008,0.2768417,0.30207837,0.30828077,,,0.27630943,0.2737239,,,0.284575,0.2841316
0.586475,0.58223814,0.89330363,0.27540946,0.31106555,0.30682868,,,0.2840072,0.30058885,,,0.29383504,0.29440624
0.5855175,0.57353467,0.88889915,0.270153,0.31536454,0.30338168,,,0.28117925,0.2543453,,,0.29437906,0.27557522
0.5858069,0.5854366,0.8930727,0.2781707,0.3076362,0.30726588,,,0.27437186,0.27197224,,,0.28727013,0.2830634
0.58324695,0.5767596,0.89104265,0.26896387,0.31428307,0.3077957,,,0.27904654,0.23804939,,,0.28797215,0.26998085
0.58481777,0.5817945,0.8914696,0.27514267,0.3096751,0.30665183,,,0.27087104,0.27218574,,,0.28243756,0.28412187
0.58214486,0.5863066,0.89277196,0.27567947,0.3064654,0.3106271,,,0.2726044,0.28039414,,,0.2834946,0.28989816
0.59094185,0.5793991,0.89073133,0.27960968,0.31133217,0.29978943,,,0.27733827,0.27725214,,,0.2911368,0.28331357
0.5825989,0.5780871,0.88956684,0.27111918,0.31147975,0.3069679,,,0.25701112,0.26518446,,,0.27856034,0.2771647
0.57843876,0.5775552,0.89023423,0.2657597,0.31267905,0.31179547,,,0.28492552,0.2802952,,,0.28970796,0.2904848
0.5814073,0.57769656,0.89220744,0.26689643,0.31451088,0.31080014,,,0.2721367,0.26253402,,,0.28973222,0.27818376
0.58722174,0.58443356,0.8894953,0.28215998,0.30506176,0.30227357,,,0.28380418,0.2655596,,,0.29372728,0.28562337
0.57894576,0.5726509,0.88816017,0.2634365,0.31550926,0.3092144,,,0.25807685,0.24480504,,,0.27729625,0.27154064
0.57886267,0.5815793,0.8900981,0.2703439,0.30851877,0.31123543,,,0.25390655,0.2714165,,,0.28180575,0.2902969
0.57623076,0.5837396,0.88845086,0.27151942,0.30471134,0.31222016,,,0.26801497,0.25719655,,,0.28391677,0.28023732
0.57944816,0.5782722,0.8911547,0.26656562,0.31288254,0.3117066,,,0.25483072,0.26237816,,,0.27716398,0.2784838
0.5781743,0.58381116,0.8904344,0.271551,0.30662328,0.31226015,,,0.27749974,0.2604379,,,0.28703666,0.28140825
0.58255017,0.5820962,0.89057547,0.27407092,0.30847925,0.3080253,,,0.26764208,0.27173847,,,0.2777065,0.27825356
0.58526146,0.5831636,0.88889456,0.27953053,0.30573094,0.3036331,,,0.2605511,0.26972222,,,0.2814268,0.28702712
0.58325076,0.58273447,0.8885353,0.2774499,0.30580086,0.30528456,,,0.2710104,0.27492517,,,0.28387684,0.28091794
0.5730255,0.5747986,0.88854176,0.2592823,0.31374323,0.3155163,,,0.27100837,0.2603367,,,0.28336787,0.28058147
0.57715094,0.58619845,0.8911201,0.2722293,0.30492163,0.31396914,,,0.2850672,0.2725829,,,0.2915017,0.29110003
0.57809913,0.57572305,0.8874541,0.2663681,0.31173104,0.30935496,,,0.27199137,0.27896667,,,0.2836328,0.28437912
0.5832441,0.5877948,0.8918602,0.27917868,0.3040654,0.3086161,,,0.2739302,0.27427644,,,0.2819907,0.28912145
0.584746,0.58414865,0.89395285,0.2749418,0.3098042,0.30920684,,,0.30870742,0.28199422,,,0.30195028,0.28913784
0.58609915,0.58008206,0.8892178,0.2769634,0.30913574,0.30311865,,,0.29443437,0.28613532,,,0.2930354,0.28750396
0.58843994,0.5754351,0.8902389,0.27363622,0.31480372,0.30179888,,,0.26895487,0.2739194,,,0.28855962,0.28024024
0.58714694,0.5777092,0.890896,0.27396017,0.31318676,0.30374902,,,0.27617407,0.30357242,,,0.2917996,0.29603583
0.57710123,0.574059,0.8885675,0.26259273,0.3145085,0.31146628,,,0.2598201,0.26068825,,,0.28259945,0.28200835
0.5835651,0.5843735,0.89131206,0.27662653,0.3069386,0.30774695,,,0.28054804,0.27850932,,,0.29204148,0.2831744
0.57982266,0.58288723,0.8892981,0.27341187,0.3064108,0.30947536,,,0.2555942,0.25715208,,,0.28130645,0.27769512
0.5892122,0.58041924,0.8921554,0.27747607,0.3117361,0.30294317,,,0.291995,0.26136547,,,0.2949695,0.2769872
0.5832656,0.58364207,0.89201546,0.2748922,0.3083734,0.30874985,,,0.26188624,0.27814353,,,0.28355354,0.2879213
0.58629376,0.5799196,0.89026755,0.27594572,0.31034803,0.30397385,,,0.27484572,0.2576844,,,0.28875858,0.2781769
0.58137923,0.5789845,0.89041024,0.26995343,0.3114258,0.30903107,,,0.26725405,0.26365805,,,0.2855665,0.2824509
0.5870636,0.5794502,0.8914037,0.27511013,0.31195349,0.30434006,,,0.27885455,0.25929976,,,0.29065788,0.27791232
0.5804659,0.58144534,0.8883674,0.27354383,0.30692208,0.3079015,,,0.27172434,0.2699033,,,0.28338784,0.28456086
0.5853126,0.5840062,0.8931351,0.27618372,0.30912888,0.30782247,,,0.29171818,0.2733171,,,0.29441178,0.28652918
0.5833597,0.5871606,0.89178085,0.27873945,0.30462027,0.30842113,,,0.27888447,0.30717593,,,0.28946155,0.29625702
0.5849377,0.57620734,0.8888671,0.2722779,0.3126598,0.30392945,,,0.26059097,0.24404436,,,0.28374493,0.27325892
0.58602846,0.5723333,0.89022017,0.2681415,0.31788695,0.30419177,,,0.2849272,0.23196554,,,0.2956059,0.26338196
0.576056,0.57143366,0.8864912,0.2609985,0.31505752,0.31043518,,,0.25294548,0.28002763,,,0.28422546,0.29231656
0.5842824,0.5808458,0.89328057,0.27184767,0.31243473,0.3089981,,,0.28316182,0.27077633,,,0.29208124,0.28636086
0.5888717,0.577775,0.89096594,0.27568078,0.31319094,0.30209422,,,0.27185643,0.26621085,,,0.28568733,0.28220856
0.59309626,0.5824945,0.89269996,0.2828908,0.31020546,0.2996037,,,0.31339598,0.2779997,,,0.30241406,0.28065872
0.58329165,0.58028424,0.8882882,0.2752877,0.30800396,0.30499655,,,0.2642275,0.28235823,,,0.28643405,0.2896039
0.5878323,0.58350706,0.8919976,0.2793417,0.30849057,0.30416536,,,0.29714048,0.27070826,,,0.29905784,0.28443253
0.5816387,0.5814197,0.89077896,0.27227944,0.30935925,0.30914026,,,0.2799533,0.27979767,,,0.28791267,0.28698492
0.5863701,0.5717442,0.88901424,0.26910007,0.31727004,0.30264413,,,0.2713204,0.23869091,,,0.29033685,0.2700557
0.5804591,0.5852697,0.89173305,0.27399576,0.30646336,0.31127393,,,0.26024568,0.28154457,,,0.2779081,0.29089332
0.57657397,0.58131546,0.8882443,0.2696451,0.30692887,0.31167036,,,0.2569366,0.26328617,,,0.2809977,0.2848245
0.5832497,0.57794833,0.890599,0.270599,0.31265068,0.30734932,,,0.27134764,0.25499594,,,0.2898069,0.2795722
0.5831125,0.5751843,0.89017594,0.26812088,0.3149916,0.3070634,,,0.29191667,0.27222264,,,0.29283762,0.28425235
0.5824114,0.5794162,0.88901806,0.2728095,0.3096019,0.3066067,,,0.27413827,0.26350695,,,0.28800583,0.28152746
0.59090936,0.58490705,0.8920063,0.28381014,0.30709922,0.30109692,,,0.28347212,0.27809346,,,0.28764826,0.2855234
0.58130157,0.5856053,0.8886465,0.27826035,0.30304122,0.30734497,,,0.2749197,0.2779764,,,0.2856366,0.2921955
0.5692259,0.5796128,0.89058983,0.25824893,0.31097698,0.32136387,,,0.27458292,0.28943646,,,0.2848332,0.2972616
0.5802627,0.5811079,0.88903993,0.2723307,0.30793202,0.3087772,,,0.24980772,0.2643293,,,0.27625608,0.2834143
0.5825579,0.5765516,0.89029574,0.26881385,0.31374407,0.30773777,,,0.27794254,0.27879626,,,0.28627348,0.2827028
0.58379734,0.58162874,0.8884277,0.27699834,0.306799,0.3046304,,,0.28735203,0.2564969,,,0.2937094,0.27836943
0.5774754,0.58752537,0.89237064,0.27263016,0.30484527,0.3148952,,,0.26959187,0.27647233,,,0.28574538,0.29101312
0.58104193,0.57901025,0.89091265,0.26913953,0.3119024,0.30987072,,,0.27373403,0.26367515,,,0.2868238,0.28448588
0.58363783,0.5763196,0.88929623,0.27066118,0.31297666,0.3056584,,,0.27854222,0.26244605,,,0.29301006,0.27866447
0.57467866,0.5852995,0.8882089,0.27176923,0.30290943,0.31353027,,,0.25975233,0.29617548,,,0.27733487,0.29739684
0.5831007,0.58477235,0.89139843,0.2764746,0.30662608,0.30829775,,,0.2920829,0.28298998,,,0.2884587,0.28716993
0.5813328,0.58029354,0.8890116,0.27261472,0.3087181,0.30767882,,,0.2701586,0.2642961,,,0.28145677,0.2830351
0.577337,0.58745027,0.890491,0.27429628,0.30304074,0.31315398,,,0.26240283,0.27871662,,,0.2865628,0.29299253
0.582149,0.5760312,0.88930285,0.2688774,0.31327164,0.30715382,,,0.28742522,0.28003848,,,0.29805648,0.28565228
0.5750246,0.58982587,0.8911566,0.27369386,0.30133075,0.316132,,,0.25981122,0.2777369,,,0.27689105,0.2932508
0.58161885,0.58794427,0.8915598,0.27800328,0.30361557,0.309941,,,0.2865193,0.2931416,,,0.28866047,0.2965328
0.57931775,0.5800853,0.88829565,0.27110744,0.3082103,0.30897784,,,0.2655748,0.25809985,,,0.28031713,0.27847707
0.5838558,0.58152103,0.8918543,0.27352262,0.3103332,0.30799842,,,0.26656777,0.26816,,,0.2861082,0.27902418
0.57516956,0.58490795,0.8904271,0.26965046,0.3055191,0.3152575,,,0.26423544,0.2831257,,,0.27423126,0.28824478
0.5850177,0.5775403,0.88947403,0.27308393,0.31193376,0.30445635,,,0.2882775,0.281673,,,0.29319304,0.2900322
0.5841665,0.5777612,0.8908364,0.27109128,0.31307524,0.3066699,,,0.2863238,0.2696275,,,0.2842294,0.28013444
0.5880759,0.57807875,0.8927539,0.27340072,0.31467515,0.30467802,,,0.2877078,0.23086172,,,0.29948676,0.26429528
0.58191764,0.5796002,0.8893195,0.27219838,0.30971926,0.30740184,,,0.2749225,0.25248766,,,0.28722125,0.27620423
0.5766348,0.58105916,0.88809246,0.26960152,0.3070333,0.31145763,,,0.22707832,0.2699896,,,0.266842,0.28278065
0.5820493,0.5838896,0.89005935,0.2758795,0.3061698,0.3080101,,,0.27330732,0.28131527,,,0.28168577,0.29113466
0.5813663,0.5786241,0.88728297,0.27270746,0.30865884,0.30591667,,,0.257073,0.25800174,,,0.2823146,0.27871352
0.58557475,0.57632864,0.88865423,0.27324915,0.3123256,0.3030795,,,0.26881403,0.24341816,,,0.28151804,0.26978064
0.58940077,0.58365345,0.890859,0.2821952,0.30720556,0.30145824,,,0.2978093,0.2771995,,,0.29640394,0.28115016
0.5699023,0.5833299,0.88800085,0.26523137,0.30467093,0.31809855,,,0.24378127,0.30166465,,,0.26501328,0.30277425
0.57895875,0.5812224,0.8916145,0.26856667,0.31039208,0.31265575,,,0.28779358,0.27501076,,,0.29039258,0.28845054
0.58251595,0.5834485,0.8918997,0.27406478,0.30845118,0.30938375,,,0.2926616,0.2782256,,,0.2906196,0.28657734
0.5788337,0.5834151,0.8886401,0.27360874,0.30522496,0.30980635,,,0.26786977,0.2847005,,,0.280232,0.28867376
0.5852728,0.5794451,0.8917013,0.27301663,0.31225616,0.3064285,,,0.27626276,0.27887148,,,0.28562874,0.28150892
0.5777962,0.58395016,0.88955283,0.27219355,0.30560267,0.3117566,,,0.28199542,0.27347773,,,0.29187238,0.28894186
0.574093,0.58113635,0.8870259,0.26820344,0.30588955,0.3129329,,,0.2607054,0.2863428,,,0.27770543,0.29293436
0.58619463,0.5762316,0.8889145,0.2735117,0.31268293,0.3027199,,,0.27235144,0.26082027,,,0.28559273,0.27628076
0.5880449,0.5863991,0.8905917,0.28385228,0.3041926,0.3025468,,,0.28874546,0.27907503,,,0.29103512,0.2885015
0.58805025,0.57929575,0.8916405,0.27570552,0.31234473,0.30359024,,,0.28406793,0.26854628,,,0.29262078,0.27956665
0.58397585,0.5887982,0.8890934,0.28368068,0.30029517,0.30511755,,,0.27134013,0.29107213,,,0.2827747,0.28674567
0.576331,0.5743493,0.8896186,0.26106173,0.3152693,0.31328756,,,0.2452721,0.2797116,,,0.2766013,0.28424186
0.5877751,0.5876225,0.89481145,0.28058618,0.30718893,0.30703634,,,0.2744087,0.29172045,,,0.28911704,0.29353708
0.5847926,0.5804579,0.8914238,0.27382672,0.3109659,0.3066312,,,0.26597762,0.2545818,,,0.28667164,0.27798003
0.5719103,0.5706424,0.8890765,0.25347626,0.31843406,0.31716615,,,0.22205818,0.25345623,,,0.2666064,0.2769227
0.58145666,0.58003473,0.88918287,0.27230853,0.30914813,0.3077262,,,0.26137227,0.2552508,,,0.2766623,0.27743638
0.57559097,0.5898348,0.8921872,0.2732386,0.30235237,0.3165962,,,0.26340818,0.2689168,,,0.2779163,0.28718787
0.57668006,0.5770445,0.88883907,0.2648855,0.31179458,0.312159,,,0.2625866,0.2755072,,,0.284469,0.28904414
0.58599937,0.5771792,0.88912135,0.2740572,0.31194216,0.30312198,,,0.29499763,0.2785632,,,0.29853702,0.284626
0.57934153,0.57637465,0.89084625,0.26486993,0.3144716,0.31150472,,,0.2870705,0.27601326,,,0.296876,0.28770757
0.57828736,0.58485746,0.88999075,0.27315408,0.30513328,0.31170338,,,0.26262087,0.28037226,,,0.27695036,0.28803235
0.5810721,0.57632136,0.8900571,0.26733637,0.31373572,0.308985,,,0.26611638,0.27231032,,,0.28162652,0.28265446
0.5862694,0.58120096,0.88975084,0.2777195,0.30854988,0.30348146,,,0.291533,0.2886201,,,0.28766823,0.29062074
0.5794309,0.5710013,0.89045095,0.25998116,0.31944972,0.31102014,,,0.25880206,0.25760102,,,0.28551376,0.27807683
0.57629406,0.57411945,0.8876897,0.2627238,0.31357026,0.31139565,,,0.27122784,0.26974195,,,0.2807848,0.28558177
0.5869118,0.5806712,0.8908556,0.27672738,0.31018442,0.3039438,,,0.28610742,0.27415925,,,0.292687,0.28548038
0.58049124,0.5797517,0.89044285,0.26980007,0.31069118,0.3099516,,,0.26420295,0.25249183,,,0.28038514,0.2784984
0.58026993,0.58723724,0.8907191,0.27678806,0.30348188,0.31044918,,,0.28037047,0.27152783,,,0.28895253,0.2937252
0.5790677,0.5755646,0.88873595,0.26589638,0.31317133,0.30966824,,,0.2795909,0.26941597,,,0.29141963,0.28666866
0.5804604,0.5814398,0.88988996,0.27201033,0.3084501,0.30942947,,,0.261086,0.2797711,,,0.2803408,0.28938496
0.574103,0.5796994,0.8912913,0.26251107,0.31159192,0.31718832,,,0.2767675,0.25958467,,,0.28720635,0.28249234
0.5840219,0.582976,0.8903694,0.2766285,0.30739343,0.3063475,,,0.2793622,0.2577635,,,0.2872311,0.28226638
0.5689771,0.5737709,0.88732046,0.25542754,0.31354958,0.31834334,,,0.25708568,0.23812544,,,0.27723038,0.27058238
0.57950705,0.5746887,0.88878435,0.26541144,0.31409562,0.30927724,,,0.2616465,0.2665714,,,0.28610784,0.2802878
0.5827373,0.5844939,0.8923976,0.27483362,0.3079037,0.30966026,,,0.29853857,0.28921103,,,0.2942387,0.2893197
0.5821891,0.5834632,0.88896,0.27669227,0.3054968,0.30677092,,,0.2756114,0.27075833,,,0.28866196,0.28312838
0.57111406,0.57521033,0.8850131,0.2613113,0.30980277,0.31389904,,,0.23459744,0.26490444,,,0.26743984,0.2835042
0.5824778,0.57849145,0.8901143,0.27085495,0.31162286,0.3076365,,,0.27291238,0.28186518,,,0.2900628,0.28994316
0.5741914,0.5767446,0.88737494,0.26356107,0.31063032,0.31318355,,,0.25911522,0.27543217,,,0.28167313,0.28790182
0.5824795,0.570603,0.88852656,0.26455593,0.31792355,0.30604708,,,0.26986682,0.2646219,,,0.28914273,0.2791137
0.58546495,0.57637465,0.88940436,0.27243525,0.3130297,0.3039394,,,0.27766353,0.25030613,,,0.2887317,0.2757085
0.5871204,0.5773098,0.88975877,0.27467138,0.31244904,0.3026384,,,0.29843122,0.2795235,,,0.30073774,0.28298408
0.57720226,0.5746135,0.8871863,0.26462948,0.31257278,0.30998403,,,0.2570238,0.2766096,,,0.28047192,0.29149145
0.58613306,0.5833158,0.88966936,0.2797795,0.30635357,0.3035363,,,0.24805665,0.27208823,,,0.28025866,0.28474253
0.58746004,0.5804498,0.8905719,0.27733797,0.31012207,0.30311185,,,0.28724968,0.28993154,,,0.29534328,0.29252785
0.5745628,0.5874125,0.89117,0.27080524,0.30375755,0.31660724,,,0.27146417,0.293441,,,0.285666,0.2979105
0.5851257,0.5806741,0.8909259,0.27487397,0.3102517,0.30580014,,,0.2623734,0.27663696,,,0.2799412,0.2818179
0.57728755,0.5866778,0.8897736,0.27419174,0.30309582,0.31248605,,,0.25908792,0.2846374,,,0.27968055,0.2959658
0.57479334,0.58433807,0.89210373,0.26702768,0.30776566,0.3173104,,,0.2634189,0.28160745,,,0.28041935,0.29257375
0.58543605,0.5764365,0.888372,0.27350062,0.31193542,0.3029359,,,0.27136296,0.2684772,,,0.28903818,0.28338522
0.59118277,0.5873755,0.8931742,0.28538418,0.3057986,0.30199134,,,0.2954641,0.30281204,,,0.29180247,0.29614854
0.58236504,0.5770883,0.88594455,0.27350885,0.3088562,0.30357945,,,0.2758903,0.2686746,,,0.28849828,0.2798831
0.5809275,0.57488954,0.8890544,0.2667626,0.31416488,0.30812693,,,0.25354737,0.2768036,,,0.28134972,0.2873627
0.5841459,0.58313847,0.89195275,0.27533162,0.3088143,0.30780685,,,0.29801065,0.27210164,,,0.29343975,0.28591245
0.584926,0.57659554,0.8908134,0.27070814,0.31421787,0.3058874,,,0.29623115,0.27178246,,,0.29965764,0.2828189
0.5752157,0.5770601,0.88921,0.26306581,0.31214988,0.3139943,,,0.2606184,0.28197592,,,0.27835083,0.28815502
0.5833663,0.5829643,0.88905257,0.277278,0.30608827,0.3056863,,,0.26828647,0.29183215,,,0.28332376,0.2922309
0.5891956,0.58154136,0.8895596,0.2811774,0.3080182,0.30036396,,,0.26771235,0.28513074,,,0.2839973,0.2847696
0.5758595,0.584071,0.88961315,0.27031732,0.30554217,0.31375366,,,0.29148686,0.2628073,,,0.28774345,0.2856108
0.5826581,0.58020747,0.88986886,0.27299678,0.30966133,0.30721068,,,0.25158966,0.28228492,,,0.2867933,0.2933262
0.57951987,0.58185154,0.88926214,0.27210933,0.30741054,0.3097422,,,0.24752891,0.2736522,,,0.2791565,0.28589547
0.58066493,0.5787525,0.8898081,0.26960927,0.31105566,0.30914325,,,0.27564293,0.26739764,,,0.28601485,0.28065914
0.5758977,0.57712483,0.88795537,0.26506716,0.31083053,0.31205767,,,0.25456154,0.26403046,,,0.27787632,0.28115582
0.58075404,0.5828623,0.89137995,0.27223647,0.30851758,0.31062585,,,0.27519876,0.26123768,,,0.287076,0.28546572
0.57943964,0.5830177,0.8919749,0.27048242,0.30895722,0.3125353,,,0.2658047,0.28876895,,,0.2848283,0.289487
0.5798809,0.57980764,0.8917981,0.2678904,0.3119905,0.31191725,,,0.28575832,0.2889043,,,0.29130846,0.29343867
0.58469766,0.5782348,0.8891405,0.2737919,0.31090575,0.30444288,,,0.27923697,0.25601315,,,0.29148126,0.27805448
0.58125484,0.5829176,0.8906065,0.2735659,0.30768895,0.30935168,,,0.28024787,0.28529042,,,0.28473234,0.2892378
0.5885048,0.58145356,0.89007324,0.2798851,0.30861968,0.30156845,,,0.27026772,0.2869264,,,0.28599852,0.28931975
0.5828895,0.5833518,0.88979644,0.27644485,0.30644464,0.30690694,,,0.2768907,0.2740215,,,0.29290885,0.28307426
0.5815652,0.5812839,0.89247376,0.27037543,0.31118977,0.3109085,,,0.28047454,0.28475976,,,0.28766912,0.29512256
0.58090436,0.571983,0.88712734,0.26576,0.31514436,0.30622298,,,0.27715325,0.2605037,,,0.29138863,0.27430403
0.5858749,0.58696795,0.8900433,0.28279954,0.30307537,0.3041684,,,0.26810032,0.28934723,,,0.2814619,0.2910477
0.58243585,0.58133185,0.890581,0.27318668,0.30924916,0.30814517,,,0.26972467,0.26984954,,,0.2846542,0.28222072
0.5809773,0.57615143,0.8902508,0.266878,0.3140993,0.30927342,,,0.26981091,0.27146763,,,0.2896157,0.28443354
0.58451825,0.5772649,0.8912872,0.270496,0.31402224,0.3067689,,,0.28588152,0.26070696,,,0.29097694,0.27915758
0.5819666,0.57938313,0.88979566,0.2715541,0.31041247,0.30782902,,,0.27955866,0.29084158,,,0.2880934,0.2910931
0.58051956,0.58403695,0.89037895,0.27417755,0.306342,0.3098594,,,0.29197913,0.26722258,,,0.28968126,0.28413373
0.5863876,0.58346736,0.8910258,0.2788291,0.30755848,0.30463827,,,0.2734354,0.2776698,,,0.2889315,0.28810912
0.5806502,0.5869675,0.8887767,0.27884108,0.30180913,0.30812645,,,0.26275438,0.25981325,,,0.28072065,0.2827801
0.57382697,0.5858408,0.8900378,0.26962996,0.304197,0.31621087,,,0.26778686,0.27656865,,,0.28045338,0.29100853
0.58670056,0.5833332,0.8900454,0.2799883,0.30671227,0.3033449,,,0.27226758,0.25455374,,,0.28475344,0.27747798
0.57617104,0.576453,0.8876183,0.2650057,0.31116533,0.31144726,,,0.25314528,0.24386603,,,0.27876276,0.27246046
0.58790696,0.57948333,0.89033157,0.27705878,0.31084818,0.30242455,,,0.26889044,0.2831,,,0.28656656,0.28391463
0.5812733,0.58124924,0.8902197,0.27230287,0.30897045,0.30894637,,,0.29174292,0.2620086,,,0.29346418,0.27885848
0.5775152,0.58345747,0.88864464,0.27232796,0.30518723,0.3111295,,,0.26041728,0.26519877,,,0.28469026,0.28683847
0.5860806,0.5824706,0.8931817,0.27536952,0.3107111,0.30710107,,,0.2891606,0.28172928,,,0.2844615,0.28392535
0.5799533,0.58067775,0.8885332,0.2720979,0.30785543,0.30857986,,,0.27786666,0.28095007,,,0.29107654,0.29196876
0.58305645,0.5783707,0.8907233,0.27070385,0.3123526,0.30766684,,,0.28232765,0.26644808,,,0.29170936,0.28358543
0.57719606,0.5795108,0.88965404,0.26705277,0.3101433,0.31245804,,,0.26839894,0.27128792,,,0.28391528,0.28855318
0.5766027,0.57390916,0.89114815,0.2593637,0.317239,0.31454545,,,0.27314252,0.25410342,,,0.2858988,0.2771402
0.58128065,0.5799228,0.8910236,0.2701798,0.31110084,0.309743,,,0.28373164,0.26677787,,,0.29053932,0.2806065
0.5821343,0.58660316,0.8914808,0.2772566,0.3048777,0.30934656,,,0.26715654,0.29068494,,,0.28441453,0.29368633
0.57786506,0.576489,0.8873626,0.2669915,0.31087357,0.30949748,,,0.26213753,0.27107054,,,0.28647918,0.28683704
0.5802679,0.5843245,0.8902355,0.2743569,0.305911,0.30996758,,,0.26867974,0.29052204,,,0.28505814,0.29597884
0.5806325,0.5761074,0.890323,0.26641697,0.31421554,0.30969042,,,0.2818874,0.26917493,,,0.29163283,0.28198022
0.5748677,0.5754656,0.8872897,0.2630437,0.31182402,0.31242192,,,0.27550286,0.27323765,,,0.28606254,0.287063
0.5798751,0.5835704,0.8904437,0.2730018,0.30687332,0.31056863,,,0.26084912,0.26461178,,,0.2776866,0.28473914
0.5847775,0.5813698,0.88968,0.2764672,0.30831027,0.3049026,,,0.2826019,0.27312458,,,0.28674757,0.28163183
0.58077955,0.58901,0.88845116,0.2813384,0.29944116,0.3076716,,,0.27146232,0.2757343,,,0.2838714,0.28433335
0.587064,0.5864888,0.8889283,0.28462446,0.30243957,0.30186433,,,0.2687083,0.25995618,,,0.2859633,0.28001487
0.58409345,0.58027565,0.8900641,0.274305,0.30978847,0.30597067,,,0.26198757,0.26602513,,,0.2831518,0.28135014
0.5799588,0.58440053,0.89162815,0.27273118,0.3072276,0.31166935,,,0.27227932,0.27547973,,,0.2847125,0.28568196
0.5744215,0.5865742,0.889447,0.27154875,0.30287278,0.31502545,,,0.24761629,0.26870072,,,0.26643968,0.28565788
0.58141977,0.5854404,0.8906892,0.2761709,0.30524886,0.3092695,,,0.2813927,0.2649889,,,0.28656125,0.28009415
0.58280814,0.57825166,0.88870925,0.2723506,0.31045753,0.30590105,,,0.27173668,0.25647676,,,0.28449935,0.27984136
0.5750631,0.57034266,0.88790584,0.25749993,0.31756318,0.31284273,,,0.24323285,0.2589172,,,0.2804715,0.27825618
0.57904875,0.5800522,0.8888319,0.2702691,0.30877966,0.3097831,,,0.27569002,0.25275654,,,0.2905538,0.28070056
0.5823568,0.5835053,0.89104724,0.27481484,0.30754197,0.30869043,,,0.27356708,0.27738112,,,0.2848392,0.28518307
0.57971907,0.5794552,0.8891039,0.2700703,0.30964875,0.30938488,,,0.26302063,0.27680188,,,0.2822895,0.28722245
0.5787389,0.5787207,0.8898401,0.2676195,0.31111944,0.3111012,,,0.25742692,0.26537514,,,0.2868973,0.28528637
0.5777216,0.5828651,0.8908679,0.26971883,0.30800277,0.3131463,,,0.2786073,0.26545185,,,0.28963447,0.28445762
0.57961833,0.58164,0.8903218,0.27093655,0.3086818,0.31070346,,,0.27422988,0.25956243,,,0.2912011,0.28359812
0.56767064,0.5786996,0.8878898,0.25848037,0.30919027,0.32021922,,,0.25618035,0.2581318,,,0.27973032,0.28279936
0.57468414,0.58610797,0.88945943,0.27133268,0.30335146,0.3147753,,,0.25190943,0.26097924,,,0.2709937,0.28624892
0.5832916,0.58660626,0.8903503,0.2795475,0.30374408,0.30705875,,,0.28166837,0.28450125,,,0.29435432,0.29266357
0.5801489,0.5830138,0.8903798,0.27278292,0.30736595,0.31023085,,,0.26250708,0.24263763,,,0.2822458,0.2725218
0.5754248,0.5740782,0.88821465,0.26128834,0.31413645,0.31278986,,,0.23159909,0.24470794,,,0.26946175,0.27417588
0.57778716,0.58538675,0.89019156,0.27298236,0.3048048,0.3124044,,,0.2663772,0.2818089,,,0.2826063,0.2917359
0.5832769,0.57873344,0.89138746,0.27062297,0.31265396,0.30811048,,,0.28465414,0.2591654,,,0.297875,0.27945787
0.58809525,0.58187044,0.89015895,0.2798068,0.30828846,0.30206364,,,0.27430874,0.2706164,,,0.28695774,0.28452712
0.5787915,0.5800518,0.8884369,0.27040637,0.30838513,0.3096454,,,0.2843529,0.28382695,,,0.29024535,0.28822333
0.577256,0.58484566,0.89085436,0.2712474,0.30600864,0.31359828,,,0.27755785,0.2729423,,,0.28505778,0.28786242
0.5818038,0.57494223,0.88783807,0.26890796,0.31289583,0.30603427,,,0.26838458,0.25896788,,,0.2856658,0.2797854
0.5796177,0.5810319,0.8899164,0.27073312,0.30888456,0.3102988,,,0.2779529,0.2900082,,,0.29106754,0.29616487
0.57701725,0.5760248,0.8903714,0.2626707,0.31434655,0.31335407,,,0.25517344,0.2604707,,,0.28106153,0.2805494
0.5701381,0.58607686,0.88782656,0.2683884,0.3017497,0.31768847,,,0.25110632,0.28130352,,,0.26911616,0.29405594
0.58128583,0.5819448,0.8880768,0.27515388,0.30613196,0.30679095,,,0.2642473,0.26975667,,,0.28158003,0.28378165
0.5759127,0.57817185,0.88782454,0.26626003,0.3096527,0.31191182,,,0.2626338,0.2745523,,,0.2840004,0.2936238
0.5768842,0.57841134,0.8899583,0.2653373,0.31154692,0.31307405,,,0.26744652,0.25247252,,,0.2880336,0.28171337
0.5804852,0.58714527,0.88928676,0.27834368,0.30214155,0.3088016,,,0.25346076,0.2866118,,,0.2755353,0.29197133
0.5831559,0.5764755,0.8898922,0.26973915,0.31341672,0.30673635,,,0.29088724,0.2636221,,,0.2938848,0.277255
0.5850672,0.58765256,0.89109105,0.28162867,0.30343854,0.3060239,,,0.26854402,0.267375,,,0.2835067,0.2875358
0.5855021,0.5802752,0.89168763,0.27408957,0.3114125,0.3061856,,,0.2857924,0.25242323,,,0.2920835,0.27217966
0.5877627,0.57923853,0.88906187,0.27793938,0.30982333,0.30129915,,,0.25763458,0.27306986,,,0.27851474,0.2782094
0.5845186,0.57526726,0.8898713,0.26991457,0.31460404,0.3053527,,,0.28954285,0.27702254,,,0.29502738,0.2887938
0.57297474,0.5774987,0.8877334,0.26273996,0.31023479,0.31475872,,,0.26521164,0.26491815,,,0.28262216,0.28488863
0.5788075,0.58598375,0.8891922,0.275599,0.30320847,0.31038475,,,0.27652192,0.27919608,,,0.28275758,0.28986406
0.58873135,0.5800412,0.89076847,0.2780041,0.31072724,0.30203712,,,0.2782246,0.27744102,,,0.2902195,0.2860673
0.579234,0.5806704,0.88919353,0.27071095,0.30852306,0.30995947,,,0.28525954,0.3003149,,,0.28715497,0.2991014
0.58412063,0.58273464,0.8895089,0.27734643,0.3067742,0.3053882,,,0.27035314,0.24868888,,,0.28374958,0.27311397
0.5716735,0.577286,0.88735074,0.26160878,0.31006473,0.31567723,,,0.24763912,0.2671063,,,0.2764644,0.28906375
0.58024514,0.57983905,0.8885,0.27158427,0.30866086,0.30825478,,,0.26026565,0.2714917,,,0.28192902,0.28492445
0.5786052,0.56886053,0.8887445,0.25872123,0.31988394,0.3101393,,,0.27099556,0.24875903,,,0.2901516,0.2709344
0.58292913,0.56721914,0.8881577,0.26199055,0.3209386,0.3052286,,,0.2547477,0.25322914,,,0.2817819,0.27165252
0.5822919,0.57890356,0.8907692,0.27042633,0.31186557,0.30847722,,,0.25036287,0.27356118,,,0.28057832,0.28525305
0.5786917,0.5777546,0.8897735,0.26667285,0.31201887,0.31108177,,,0.27259457,0.26984197,,,0.28642094,0.28508222
0.58572996,0.5724704,0.88904655,0.26915383,0.31657612,0.3033166,,,0.27018058,0.262744,,,0.28569967,0.27718955
0.5806165,0.579299,0.8925773,0.26733816,0.31327832,0.31196082,,,0.27081245,0.2696638,,,0.2862354,0.2839924
0.5740703,0.58638304,0.88863325,0.27182007,0.3022502,0.31456298,,,0.2486481,0.26141268,,,0.26911122,0.28331864
0.5817107,0.5776553,0.8875626,0.27180344,0.30990726,0.30585188,,,0.27241462,0.27240807,,,0.28328693,0.28207016
0.5857016,0.58438194,0.8884288,0.28165472,0.30404687,0.30272722,,,0.27890164,0.2539599,,,0.2862267,0.27682805
0.5824067,0.5780889,0.89126605,0.26922947,0.31317723,0.3088594,,,0.2700197,0.27186042,,,0.28684866,0.2829997
0.57782763,0.575307,0.8908955,0.2622391,0.31558853,0.3130679,,,0.27187502,0.26988,,,0.28818595,0.28058606
0.5796965,0.57785094,0.88868815,0.26885933,0.31083715,0.3089916,,,0.2747751,0.27709436,,,0.2850424,0.28588206
0.5862906,0.5863454,0.890545,0.28209102,0.30419958,0.30425435,,,0.27465284,0.2659747,,,0.2872638,0.28287244
0.58384025,0.57505894,0.8882271,0.27067208,0.31316817,0.30438685,,,0.27002156,0.27594274,,,0.28578013,0.28472984
0.5884299,0.5751387,0.89011645,0.27345216,0.31497777,0.30168653,,,0.279935,0.261317,,,0.29271406,0.2752645
0.59403795,0.5822774,0.8912585,0.28505683,0.30898112,0.2972206,,,0.2785709,0.2606892,,,0.28573024,0.27081913
0.5834752,0.5768521,0.890311,0.2700162,0.31345898,0.3068359,,,0.2503174,0.24376708,,,0.2781976,0.26903486
0.5798769,0.5793583,0.8917677,0.26746756,0.31240934,0.31189072,,,0.24200273,0.2792253,,,0.27082032,0.28939903
0.5800164,0.5744549,0.88894314,0.26552814,0.31448823,0.30892676,,,0.2545296,0.26933253,,,0.27911246,0.28252083
0.58024657,0.5815377,0.89016706,0.27161723,0.30862933,0.3099205,,,0.25577027,0.27102476,,,0.27984238,0.2817878
0.58474004,0.57300115,0.889651,0.2680902,0.31664985,0.30491096,,,0.28448218,0.2516929,,,0.28972763,0.27471846
0.576057,0.5778676,0.89017177,0.26375294,0.31230408,0.3141147,,,0.25873524,0.2617113,,,0.28067738,0.2853291
0.5784802,0.5798732,0.889289,0.2690643,0.30941588,0.3108089,,,0.26191562,0.28119785,,,0.281667,0.28803903
0.586115,0.58749396,0.893113,0.280496,0.305619,0.30699795,,,0.28164577,0.28559792,,,0.2890159,0.29109788
0.5867313,0.585291,0.89152604,0.2804963,0.30623502,0.30479473,,,0.276057,0.2766791,,,0.28615314,0.28834784
0.5828792,0.5814923,0.892211,0.27216047,0.31071872,0.30933183,,,0.2611282,0.2872311,,,0.2846229,0.2929092
0.58407986,0.57631433,0.89095587,0.26943833,0.31464154,0.306876,,,0.2746874,0.2882687,,,0.29141855,0.28855634
0.58166397,0.5907054,0.8903368,0.28203255,0.29963142,0.30867285,,,0.27211273,0.27296638,,,0.28075922,0.29051864
0.58112895,0.56848645,0.88923883,0.26037657,0.32075238,0.30810988,,,0.2759596,0.24141234,,,0.28941047,0.27120072
0.5828875,0.5829116,0.88797843,0.2778207,0.30506676,0.3050909,,,0.26751417,0.25599724,,,0.2823723,0.27798563
0.5759063,0.5788913,0.8891212,0.26567638,0.3102299,0.3132149,,,0.26062346,0.26529998,,,0.28522617,0.28753334
0.5838866,0.57760924,0.8880812,0.27341473,0.3104719,0.3041945,,,0.28112197,0.2555896,,,0.29069275,0.28092498
0.5829568,0.5841519,0.88904876,0.27806002,0.30489677,0.3060919,,,0.2662598,0.2785111,,,0.28197396,0.2869845
0.58159757,0.5790161,0.88865674,0.27195692,0.30964065,0.30705917,,,0.2522779,0.27134895,,,0.27889985,0.28720355
0.58690536,0.569595,0.8919453,0.26455504,0.32235032,0.30503994,,,0.2629934,0.26237446,,,0.28621894,0.28255302
0.58271277,0.5879365,0.8904269,0.28022242,0.30249035,0.3077141,,,0.2750609,0.29024076,,,0.28143698,0.29254454
0.5837523,0.5834414,0.8900171,0.27717656,0.30657572,0.30626482,,,0.27581412,0.26532853,,,0.28496796,0.27826577
0.5827279,0.581964,0.89222324,0.2724687,0.31025922,0.30949533,,,0.27272958,0.27462775,,,0.28332675,0.28254825
